Epoch,X,Y_Label,W,b,net,fnet,dw,dz,db
0,"[0.  ,0.  ,0.  ,0.  ,0.  ,0.  ,0.  ,0.  ,0.  ,0.  ,0.  ,0.  ,0.  ,0.  ,
 0.  ,0.  ,0.  ,0.  ,0.  ,0.  ,0.  ,0.  ,0.  ,0.  ,0.  ,0.  ,0.  ,0.  ,
 0.  ,0.  ,0.  ,0.  ,0.  ,0.  ,0.  ,0.  ,0.  ,0.  ,0.  ,0.  ,0.  ,0.  ,
 0.  ,0.  ,0.  ,0.  ,0.  ,0.  ,0.  ,0.  ,0.  ,0.  ,0.  ,0.  ,0.  ,0.  ,
 0.  ,0.  ,0.  ,0.  ,0.  ,0.  ,0.  ,0.  ,0.  ,0.  ,0.  ,0.  ,0.  ,0.  ,
 0.  ,0.  ,0.  ,0.  ,0.  ,0.  ,0.  ,0.  ,0.  ,0.  ,0.  ,0.  ,0.  ,0.  ,
 0.  ,0.  ,0.  ,0.  ,0.  ,0.  ,0.  ,0.  ,0.  ,0.  ,0.  ,0.  ,0.  ,0.  ,
 0.  ,0.  ,0.  ,0.  ,0.  ,0.  ,0.  ,0.  ,0.  ,0.  ,0.  ,0.  ,0.  ,0.  ,
 0.  ,0.  ,0.  ,0.  ,0.  ,0.  ,0.  ,0.  ,0.  ,0.  ,0.  ,0.  ,0.  ,0.  ,
 0.  ,0.2 ,0.62,0.99,0.62,0.2 ,0.  ,0.  ,0.  ,0.  ,0.  ,0.  ,0.  ,0.  ,
 0.  ,0.  ,0.  ,0.  ,0.  ,0.  ,0.  ,0.  ,0.  ,0.  ,0.  ,0.  ,0.  ,0.  ,
 0.19,0.93,0.99,0.99,0.99,0.93,0.  ,0.  ,0.  ,0.  ,0.  ,0.  ,0.  ,0.  ,
 0.  ,0.  ,0.  ,0.  ,0.  ,0.  ,0.  ,0.  ,0.  ,0.  ,0.  ,0.  ,0.  ,0.21,
 0.89,0.99,0.99,0.94,0.91,0.99,0.22,0.02,0.  ,0.  ,0.  ,0.  ,0.  ,0.  ,
 0.  ,0.  ,0.  ,0.  ,0.  ,0.  ,0.  ,0.  ,0.  ,0.  ,0.  ,0.04,0.24,0.88,
 0.99,0.99,0.99,0.79,0.33,0.99,0.99,0.48,0.  ,0.  ,0.  ,0.  ,0.  ,0.  ,
 0.  ,0.  ,0.  ,0.  ,0.  ,0.  ,0.  ,0.  ,0.  ,0.  ,0.  ,0.64,0.99,0.99,
 0.99,0.99,0.99,0.99,0.38,0.74,0.99,0.65,0.  ,0.  ,0.  ,0.  ,0.  ,0.  ,
 0.  ,0.  ,0.  ,0.  ,0.  ,0.  ,0.  ,0.  ,0.  ,0.  ,0.2 ,0.93,0.99,0.99,
 0.75,0.45,0.99,0.89,0.18,0.31,1.  ,0.66,0.  ,0.  ,0.  ,0.  ,0.  ,0.  ,
 0.  ,0.  ,0.  ,0.  ,0.  ,0.  ,0.  ,0.  ,0.  ,0.19,0.93,0.99,0.99,0.7 ,
 0.05,0.29,0.47,0.08,0.  ,0.  ,0.99,0.95,0.2 ,0.  ,0.  ,0.  ,0.  ,0.  ,
 0.  ,0.  ,0.  ,0.  ,0.  ,0.  ,0.  ,0.  ,0.15,0.65,0.99,0.91,0.82,0.33,
 0.  ,0.  ,0.  ,0.  ,0.  ,0.  ,0.99,0.99,0.65,0.  ,0.  ,0.  ,0.  ,0.  ,
 0.  ,0.  ,0.  ,0.  ,0.  ,0.  ,0.  ,0.03,0.7 ,0.99,0.94,0.28,0.07,0.11,
 0.  ,0.  ,0.  ,0.  ,0.  ,0.  ,0.99,0.99,0.76,0.  ,0.  ,0.  ,0.  ,0.  ,
 0.  ,0.  ,0.  ,0.  ,0.  ,0.  ,0.  ,0.22,0.99,0.99,0.25,0.  ,0.  ,0.  ,
 0.  ,0.  ,0.  ,0.  ,0.  ,0.  ,0.99,0.99,0.76,0.  ,0.  ,0.  ,0.  ,0.  ,
 0.  ,0.  ,0.  ,0.  ,0.  ,0.  ,0.  ,0.78,0.99,0.75,0.  ,0.  ,0.  ,0.  ,
 0.  ,0.  ,0.  ,0.  ,0.  ,0.  ,1.  ,0.99,0.77,0.  ,0.  ,0.  ,0.  ,0.  ,
 0.  ,0.  ,0.  ,0.  ,0.  ,0.  ,0.3 ,0.96,0.99,0.44,0.  ,0.  ,0.  ,0.  ,
 0.  ,0.  ,0.  ,0.  ,0.  ,0.  ,0.99,0.99,0.58,0.  ,0.  ,0.  ,0.  ,0.  ,
 0.  ,0.  ,0.  ,0.  ,0.  ,0.  ,0.33,0.99,0.9 ,0.1 ,0.  ,0.  ,0.  ,0.  ,
 0.  ,0.  ,0.  ,0.  ,0.03,0.53,0.99,0.73,0.05,0.  ,0.  ,0.  ,0.  ,0.  ,
 0.  ,0.  ,0.  ,0.  ,0.  ,0.  ,0.33,0.99,0.87,0.  ,0.  ,0.  ,0.  ,0.  ,
 0.  ,0.  ,0.  ,0.03,0.51,0.99,0.88,0.28,0.  ,0.  ,0.  ,0.  ,0.  ,0.  ,
 0.  ,0.  ,0.  ,0.  ,0.  ,0.  ,0.33,0.99,0.57,0.  ,0.  ,0.  ,0.  ,0.  ,
 0.  ,0.  ,0.19,0.65,0.99,0.68,0.  ,0.  ,0.  ,0.  ,0.  ,0.  ,0.  ,0.  ,
 0.  ,0.  ,0.  ,0.  ,0.  ,0.  ,0.34,0.99,0.88,0.  ,0.  ,0.  ,0.  ,0.  ,
 0.  ,0.45,0.93,0.99,0.64,0.  ,0.  ,0.  ,0.  ,0.  ,0.  ,0.  ,0.  ,0.  ,
 0.  ,0.  ,0.  ,0.  ,0.  ,0.  ,0.33,0.99,0.98,0.57,0.19,0.11,0.33,0.7 ,
 0.88,0.99,0.87,0.65,0.22,0.  ,0.  ,0.  ,0.  ,0.  ,0.  ,0.  ,0.  ,0.  ,
 0.  ,0.  ,0.  ,0.  ,0.  ,0.  ,0.33,0.99,0.99,0.99,0.9 ,0.84,0.99,0.99,
 0.99,0.77,0.51,0.  ,0.  ,0.  ,0.  ,0.  ,0.  ,0.  ,0.  ,0.  ,0.  ,0.  ,
 0.  ,0.  ,0.  ,0.  ,0.  ,0.  ,0.11,0.78,0.99,0.99,0.99,0.99,0.99,0.91,
 0.57,0.  ,0.  ,0.  ,0.  ,0.  ,0.  ,0.  ,0.  ,0.  ,0.  ,0.  ,0.  ,0.  ,
 0.  ,0.  ,0.  ,0.  ,0.  ,0.  ,0.  ,0.1 ,0.5 ,0.99,0.99,0.99,0.55,0.15,
 0.  ,0.  ,0.  ,0.  ,0.  ,0.  ,0.  ,0.  ,0.  ,0.  ,0.  ,0.  ,0.  ,0.  ,
 0.  ,0.  ,0.  ,0.  ,0.  ,0.  ,0.  ,0.  ,0.  ,0.  ,0.  ,0.  ,0.  ,0.  ,
 0.  ,0.  ,0.  ,0.  ,0.  ,0.  ,0.  ,0.  ,0.  ,0.  ,0.  ,0.  ,0.  ,0.  ,
 0.  ,0.  ,0.  ,0.  ,0.  ,0.  ,0.  ,0.  ,0.  ,0.  ,0.  ,0.  ,0.  ,0.  ,
 0.  ,0.  ,0.  ,0.  ,0.  ,0.  ,0.  ,0.  ,0.  ,0.  ,0.  ,0.  ,0.  ,0.  ,
 0.  ,0.  ,0.  ,0.  ,0.  ,0.  ,0.  ,0.  ,0.  ,0.  ,0.  ,0.  ,0.  ,0.  ,
 0.  ,0.  ,0.  ,0.  ,0.  ,0.  ,0.  ,0.  ,0.  ,0.  ,0.  ,0.  ,0.  ,0.  ,
 0.  ,0.  ,0.  ,0.  ,0.  ,0.  ,0.  ,0.  ,0.  ,0.  ,0.  ,0.  ,0.  ,0.  ,
 0.  ,0.  ,0.  ,0.  ,0.  ,0.  ,0.  ,0.  ,0.  ,0.  ,0.  ,0.  ,0.  ,0.  ]",0,"[[-1.3498e-02,-4.8979e-03, 3.8246e-04,...,-1.1013e-02, 1.8778e-05,
   6.3096e-03],
 [-3.5537e-03,-2.9871e-03,-1.3974e-02,...,-5.6679e-03,-8.3602e-04,
   3.3509e-03],
 [-9.8223e-03,-9.9293e-03, 7.9568e-03,...,-2.7545e-03,-1.1057e-03,
   2.5672e-03],
 ...,
 [-7.8604e-03, 8.0771e-03, 1.3596e-02,...,-1.0829e-03,-1.1537e-03,
   3.9063e-03],
 [-5.7794e-03, 6.6186e-03, 1.2320e-03,..., 2.1307e-03,-6.7002e-03,
   5.2298e-03],
 [-2.5870e-03, 1.2748e-02,-2.7763e-03,...,-8.5902e-03, 7.8897e-03,
  -3.5166e-03]]","[[-0.0011,-0.0009,-0.0003, 0.001 , 0.0011,-0.0003, 0.0006,-0.0001, 0.0002,
  -0.0002]]","[ 0.0617, 0.2281, 0.0437,-0.1749,-0.1231, 0.0795,-0.0347, 0.0113,-0.0484,
  0.0757]","[0.1045,0.1234,0.1026,0.0825,0.0869,0.1064,0.0949,0.0994,0.0936,0.106 ]","[[0.,0.,0.,...,0.,0.,0.],
 [0.,0.,0.,...,0.,0.,0.],
 [0.,0.,0.,...,0.,0.,0.],
 ...,
 [0.,0.,0.,...,0.,0.,0.],
 [0.,0.,0.,...,0.,0.,0.],
 [0.,0.,0.,...,0.,0.,0.]]","[-0.8955, 0.1234, 0.1026, 0.0825, 0.0869, 0.1064, 0.0949, 0.0994, 0.0936,
  0.106 ]","[[ 0.0114, 0.0089, 0.0031,-0.0099,-0.0113, 0.0028,-0.0055, 0.0013,-0.0024,
   0.0017]]"
1,"[0.  ,0.  ,0.  ,0.  ,0.  ,0.  ,0.  ,0.  ,0.  ,0.  ,0.  ,0.  ,0.  ,0.  ,
 0.  ,0.  ,0.  ,0.  ,0.  ,0.  ,0.  ,0.  ,0.  ,0.  ,0.  ,0.  ,0.  ,0.  ,
 0.  ,0.  ,0.  ,0.  ,0.  ,0.  ,0.  ,0.  ,0.  ,0.  ,0.  ,0.  ,0.  ,0.  ,
 0.  ,0.  ,0.  ,0.  ,0.  ,0.  ,0.  ,0.  ,0.  ,0.  ,0.  ,0.  ,0.  ,0.  ,
 0.  ,0.  ,0.  ,0.  ,0.  ,0.  ,0.  ,0.  ,0.  ,0.  ,0.  ,0.  ,0.  ,0.  ,
 0.  ,0.  ,0.  ,0.  ,0.  ,0.  ,0.  ,0.  ,0.  ,0.  ,0.  ,0.  ,0.  ,0.  ,
 0.  ,0.  ,0.  ,0.  ,0.  ,0.  ,0.  ,0.  ,0.  ,0.  ,0.  ,0.  ,0.  ,0.  ,
 0.  ,0.  ,0.  ,0.  ,0.  ,0.  ,0.  ,0.  ,0.  ,0.  ,0.  ,0.  ,0.  ,0.  ,
 0.  ,0.  ,0.  ,0.  ,0.  ,0.  ,0.  ,0.  ,0.  ,0.  ,0.  ,0.  ,0.  ,0.  ,
 0.  ,0.2 ,0.62,0.99,0.62,0.2 ,0.  ,0.  ,0.  ,0.  ,0.  ,0.  ,0.  ,0.  ,
 0.  ,0.  ,0.  ,0.  ,0.  ,0.  ,0.  ,0.  ,0.  ,0.  ,0.  ,0.  ,0.  ,0.  ,
 0.19,0.93,0.99,0.99,0.99,0.93,0.  ,0.  ,0.  ,0.  ,0.  ,0.  ,0.  ,0.  ,
 0.  ,0.  ,0.  ,0.  ,0.  ,0.  ,0.  ,0.  ,0.  ,0.  ,0.  ,0.  ,0.  ,0.21,
 0.89,0.99,0.99,0.94,0.91,0.99,0.22,0.02,0.  ,0.  ,0.  ,0.  ,0.  ,0.  ,
 0.  ,0.  ,0.  ,0.  ,0.  ,0.  ,0.  ,0.  ,0.  ,0.  ,0.  ,0.04,0.24,0.88,
 0.99,0.99,0.99,0.79,0.33,0.99,0.99,0.48,0.  ,0.  ,0.  ,0.  ,0.  ,0.  ,
 0.  ,0.  ,0.  ,0.  ,0.  ,0.  ,0.  ,0.  ,0.  ,0.  ,0.  ,0.64,0.99,0.99,
 0.99,0.99,0.99,0.99,0.38,0.74,0.99,0.65,0.  ,0.  ,0.  ,0.  ,0.  ,0.  ,
 0.  ,0.  ,0.  ,0.  ,0.  ,0.  ,0.  ,0.  ,0.  ,0.  ,0.2 ,0.93,0.99,0.99,
 0.75,0.45,0.99,0.89,0.18,0.31,1.  ,0.66,0.  ,0.  ,0.  ,0.  ,0.  ,0.  ,
 0.  ,0.  ,0.  ,0.  ,0.  ,0.  ,0.  ,0.  ,0.  ,0.19,0.93,0.99,0.99,0.7 ,
 0.05,0.29,0.47,0.08,0.  ,0.  ,0.99,0.95,0.2 ,0.  ,0.  ,0.  ,0.  ,0.  ,
 0.  ,0.  ,0.  ,0.  ,0.  ,0.  ,0.  ,0.  ,0.15,0.65,0.99,0.91,0.82,0.33,
 0.  ,0.  ,0.  ,0.  ,0.  ,0.  ,0.99,0.99,0.65,0.  ,0.  ,0.  ,0.  ,0.  ,
 0.  ,0.  ,0.  ,0.  ,0.  ,0.  ,0.  ,0.03,0.7 ,0.99,0.94,0.28,0.07,0.11,
 0.  ,0.  ,0.  ,0.  ,0.  ,0.  ,0.99,0.99,0.76,0.  ,0.  ,0.  ,0.  ,0.  ,
 0.  ,0.  ,0.  ,0.  ,0.  ,0.  ,0.  ,0.22,0.99,0.99,0.25,0.  ,0.  ,0.  ,
 0.  ,0.  ,0.  ,0.  ,0.  ,0.  ,0.99,0.99,0.76,0.  ,0.  ,0.  ,0.  ,0.  ,
 0.  ,0.  ,0.  ,0.  ,0.  ,0.  ,0.  ,0.78,0.99,0.75,0.  ,0.  ,0.  ,0.  ,
 0.  ,0.  ,0.  ,0.  ,0.  ,0.  ,1.  ,0.99,0.77,0.  ,0.  ,0.  ,0.  ,0.  ,
 0.  ,0.  ,0.  ,0.  ,0.  ,0.  ,0.3 ,0.96,0.99,0.44,0.  ,0.  ,0.  ,0.  ,
 0.  ,0.  ,0.  ,0.  ,0.  ,0.  ,0.99,0.99,0.58,0.  ,0.  ,0.  ,0.  ,0.  ,
 0.  ,0.  ,0.  ,0.  ,0.  ,0.  ,0.33,0.99,0.9 ,0.1 ,0.  ,0.  ,0.  ,0.  ,
 0.  ,0.  ,0.  ,0.  ,0.03,0.53,0.99,0.73,0.05,0.  ,0.  ,0.  ,0.  ,0.  ,
 0.  ,0.  ,0.  ,0.  ,0.  ,0.  ,0.33,0.99,0.87,0.  ,0.  ,0.  ,0.  ,0.  ,
 0.  ,0.  ,0.  ,0.03,0.51,0.99,0.88,0.28,0.  ,0.  ,0.  ,0.  ,0.  ,0.  ,
 0.  ,0.  ,0.  ,0.  ,0.  ,0.  ,0.33,0.99,0.57,0.  ,0.  ,0.  ,0.  ,0.  ,
 0.  ,0.  ,0.19,0.65,0.99,0.68,0.  ,0.  ,0.  ,0.  ,0.  ,0.  ,0.  ,0.  ,
 0.  ,0.  ,0.  ,0.  ,0.  ,0.  ,0.34,0.99,0.88,0.  ,0.  ,0.  ,0.  ,0.  ,
 0.  ,0.45,0.93,0.99,0.64,0.  ,0.  ,0.  ,0.  ,0.  ,0.  ,0.  ,0.  ,0.  ,
 0.  ,0.  ,0.  ,0.  ,0.  ,0.  ,0.33,0.99,0.98,0.57,0.19,0.11,0.33,0.7 ,
 0.88,0.99,0.87,0.65,0.22,0.  ,0.  ,0.  ,0.  ,0.  ,0.  ,0.  ,0.  ,0.  ,
 0.  ,0.  ,0.  ,0.  ,0.  ,0.  ,0.33,0.99,0.99,0.99,0.9 ,0.84,0.99,0.99,
 0.99,0.77,0.51,0.  ,0.  ,0.  ,0.  ,0.  ,0.  ,0.  ,0.  ,0.  ,0.  ,0.  ,
 0.  ,0.  ,0.  ,0.  ,0.  ,0.  ,0.11,0.78,0.99,0.99,0.99,0.99,0.99,0.91,
 0.57,0.  ,0.  ,0.  ,0.  ,0.  ,0.  ,0.  ,0.  ,0.  ,0.  ,0.  ,0.  ,0.  ,
 0.  ,0.  ,0.  ,0.  ,0.  ,0.  ,0.  ,0.1 ,0.5 ,0.99,0.99,0.99,0.55,0.15,
 0.  ,0.  ,0.  ,0.  ,0.  ,0.  ,0.  ,0.  ,0.  ,0.  ,0.  ,0.  ,0.  ,0.  ,
 0.  ,0.  ,0.  ,0.  ,0.  ,0.  ,0.  ,0.  ,0.  ,0.  ,0.  ,0.  ,0.  ,0.  ,
 0.  ,0.  ,0.  ,0.  ,0.  ,0.  ,0.  ,0.  ,0.  ,0.  ,0.  ,0.  ,0.  ,0.  ,
 0.  ,0.  ,0.  ,0.  ,0.  ,0.  ,0.  ,0.  ,0.  ,0.  ,0.  ,0.  ,0.  ,0.  ,
 0.  ,0.  ,0.  ,0.  ,0.  ,0.  ,0.  ,0.  ,0.  ,0.  ,0.  ,0.  ,0.  ,0.  ,
 0.  ,0.  ,0.  ,0.  ,0.  ,0.  ,0.  ,0.  ,0.  ,0.  ,0.  ,0.  ,0.  ,0.  ,
 0.  ,0.  ,0.  ,0.  ,0.  ,0.  ,0.  ,0.  ,0.  ,0.  ,0.  ,0.  ,0.  ,0.  ,
 0.  ,0.  ,0.  ,0.  ,0.  ,0.  ,0.  ,0.  ,0.  ,0.  ,0.  ,0.  ,0.  ,0.  ,
 0.  ,0.  ,0.  ,0.  ,0.  ,0.  ,0.  ,0.  ,0.  ,0.  ,0.  ,0.  ,0.  ,0.  ]",0,"[[-1.3498e-02,-4.8979e-03, 3.8246e-04,...,-1.1013e-02, 1.8778e-05,
   6.3096e-03],
 [-3.5537e-03,-2.9871e-03,-1.3974e-02,...,-5.6679e-03,-8.3602e-04,
   3.3509e-03],
 [-9.8223e-03,-9.9293e-03, 7.9568e-03,...,-2.7545e-03,-1.1057e-03,
   2.5672e-03],
 ...,
 [-7.8604e-03, 8.0771e-03, 1.3596e-02,...,-1.0829e-03,-1.1537e-03,
   3.9063e-03],
 [-5.7794e-03, 6.6186e-03, 1.2320e-03,..., 2.1307e-03,-6.7002e-03,
   5.2298e-03],
 [-2.5870e-03, 1.2748e-02,-2.7763e-03,...,-8.5902e-03, 7.8897e-03,
  -3.5166e-03]]","[[-2.8112e-03,-1.3084e-06,-7.6190e-04, 7.6886e-04, 2.3626e-03,-3.1459e-04,
   9.2941e-04,-7.1381e-05, 1.2182e-04,-2.2234e-04]]","[ 0.3858,-0.049 , 0.0138,-0.0395,-0.2294, 0.091 ,-0.0024,-0.0326,-0.0416,
  0.0227]","[0.1437,0.093 ,0.099 ,0.0939,0.0777,0.107 ,0.0975,0.0946,0.0937,0.0999]","[[0.,0.,0.,...,0.,0.,0.],
 [0.,0.,0.,...,0.,0.,0.],
 [0.,0.,0.,...,0.,0.,0.],
 ...,
 [0.,0.,0.,...,0.,0.,0.],
 [0.,0.,0.,...,0.,0.,0.],
 [0.,0.,0.,...,0.,0.,0.]]","[-0.8563, 0.093 , 0.099 , 0.0939, 0.0777, 0.107 , 0.0975, 0.0946, 0.0937,
  0.0999]","[[ 0.0167,-0.0089, 0.0045, 0.0023,-0.0123, 0.0004,-0.0038,-0.0006, 0.0012,
   0.0006]]"
2,"[0.  ,0.  ,0.  ,0.  ,0.  ,0.  ,0.  ,0.  ,0.  ,0.  ,0.  ,0.  ,0.  ,0.  ,
 0.  ,0.  ,0.  ,0.  ,0.  ,0.  ,0.  ,0.  ,0.  ,0.  ,0.  ,0.  ,0.  ,0.  ,
 0.  ,0.  ,0.  ,0.  ,0.  ,0.  ,0.  ,0.  ,0.  ,0.  ,0.  ,0.  ,0.  ,0.  ,
 0.  ,0.  ,0.  ,0.  ,0.  ,0.  ,0.  ,0.  ,0.  ,0.  ,0.  ,0.  ,0.  ,0.  ,
 0.  ,0.  ,0.  ,0.  ,0.  ,0.  ,0.  ,0.  ,0.  ,0.  ,0.  ,0.  ,0.  ,0.  ,
 0.  ,0.  ,0.  ,0.  ,0.  ,0.  ,0.  ,0.  ,0.  ,0.  ,0.  ,0.  ,0.  ,0.  ,
 0.  ,0.  ,0.  ,0.  ,0.  ,0.  ,0.  ,0.  ,0.  ,0.  ,0.  ,0.  ,0.  ,0.  ,
 0.  ,0.  ,0.  ,0.  ,0.  ,0.  ,0.  ,0.  ,0.  ,0.  ,0.  ,0.  ,0.  ,0.  ,
 0.  ,0.  ,0.  ,0.  ,0.  ,0.  ,0.  ,0.  ,0.  ,0.  ,0.  ,0.  ,0.  ,0.  ,
 0.  ,0.2 ,0.62,0.99,0.62,0.2 ,0.  ,0.  ,0.  ,0.  ,0.  ,0.  ,0.  ,0.  ,
 0.  ,0.  ,0.  ,0.  ,0.  ,0.  ,0.  ,0.  ,0.  ,0.  ,0.  ,0.  ,0.  ,0.  ,
 0.19,0.93,0.99,0.99,0.99,0.93,0.  ,0.  ,0.  ,0.  ,0.  ,0.  ,0.  ,0.  ,
 0.  ,0.  ,0.  ,0.  ,0.  ,0.  ,0.  ,0.  ,0.  ,0.  ,0.  ,0.  ,0.  ,0.21,
 0.89,0.99,0.99,0.94,0.91,0.99,0.22,0.02,0.  ,0.  ,0.  ,0.  ,0.  ,0.  ,
 0.  ,0.  ,0.  ,0.  ,0.  ,0.  ,0.  ,0.  ,0.  ,0.  ,0.  ,0.04,0.24,0.88,
 0.99,0.99,0.99,0.79,0.33,0.99,0.99,0.48,0.  ,0.  ,0.  ,0.  ,0.  ,0.  ,
 0.  ,0.  ,0.  ,0.  ,0.  ,0.  ,0.  ,0.  ,0.  ,0.  ,0.  ,0.64,0.99,0.99,
 0.99,0.99,0.99,0.99,0.38,0.74,0.99,0.65,0.  ,0.  ,0.  ,0.  ,0.  ,0.  ,
 0.  ,0.  ,0.  ,0.  ,0.  ,0.  ,0.  ,0.  ,0.  ,0.  ,0.2 ,0.93,0.99,0.99,
 0.75,0.45,0.99,0.89,0.18,0.31,1.  ,0.66,0.  ,0.  ,0.  ,0.  ,0.  ,0.  ,
 0.  ,0.  ,0.  ,0.  ,0.  ,0.  ,0.  ,0.  ,0.  ,0.19,0.93,0.99,0.99,0.7 ,
 0.05,0.29,0.47,0.08,0.  ,0.  ,0.99,0.95,0.2 ,0.  ,0.  ,0.  ,0.  ,0.  ,
 0.  ,0.  ,0.  ,0.  ,0.  ,0.  ,0.  ,0.  ,0.15,0.65,0.99,0.91,0.82,0.33,
 0.  ,0.  ,0.  ,0.  ,0.  ,0.  ,0.99,0.99,0.65,0.  ,0.  ,0.  ,0.  ,0.  ,
 0.  ,0.  ,0.  ,0.  ,0.  ,0.  ,0.  ,0.03,0.7 ,0.99,0.94,0.28,0.07,0.11,
 0.  ,0.  ,0.  ,0.  ,0.  ,0.  ,0.99,0.99,0.76,0.  ,0.  ,0.  ,0.  ,0.  ,
 0.  ,0.  ,0.  ,0.  ,0.  ,0.  ,0.  ,0.22,0.99,0.99,0.25,0.  ,0.  ,0.  ,
 0.  ,0.  ,0.  ,0.  ,0.  ,0.  ,0.99,0.99,0.76,0.  ,0.  ,0.  ,0.  ,0.  ,
 0.  ,0.  ,0.  ,0.  ,0.  ,0.  ,0.  ,0.78,0.99,0.75,0.  ,0.  ,0.  ,0.  ,
 0.  ,0.  ,0.  ,0.  ,0.  ,0.  ,1.  ,0.99,0.77,0.  ,0.  ,0.  ,0.  ,0.  ,
 0.  ,0.  ,0.  ,0.  ,0.  ,0.  ,0.3 ,0.96,0.99,0.44,0.  ,0.  ,0.  ,0.  ,
 0.  ,0.  ,0.  ,0.  ,0.  ,0.  ,0.99,0.99,0.58,0.  ,0.  ,0.  ,0.  ,0.  ,
 0.  ,0.  ,0.  ,0.  ,0.  ,0.  ,0.33,0.99,0.9 ,0.1 ,0.  ,0.  ,0.  ,0.  ,
 0.  ,0.  ,0.  ,0.  ,0.03,0.53,0.99,0.73,0.05,0.  ,0.  ,0.  ,0.  ,0.  ,
 0.  ,0.  ,0.  ,0.  ,0.  ,0.  ,0.33,0.99,0.87,0.  ,0.  ,0.  ,0.  ,0.  ,
 0.  ,0.  ,0.  ,0.03,0.51,0.99,0.88,0.28,0.  ,0.  ,0.  ,0.  ,0.  ,0.  ,
 0.  ,0.  ,0.  ,0.  ,0.  ,0.  ,0.33,0.99,0.57,0.  ,0.  ,0.  ,0.  ,0.  ,
 0.  ,0.  ,0.19,0.65,0.99,0.68,0.  ,0.  ,0.  ,0.  ,0.  ,0.  ,0.  ,0.  ,
 0.  ,0.  ,0.  ,0.  ,0.  ,0.  ,0.34,0.99,0.88,0.  ,0.  ,0.  ,0.  ,0.  ,
 0.  ,0.45,0.93,0.99,0.64,0.  ,0.  ,0.  ,0.  ,0.  ,0.  ,0.  ,0.  ,0.  ,
 0.  ,0.  ,0.  ,0.  ,0.  ,0.  ,0.33,0.99,0.98,0.57,0.19,0.11,0.33,0.7 ,
 0.88,0.99,0.87,0.65,0.22,0.  ,0.  ,0.  ,0.  ,0.  ,0.  ,0.  ,0.  ,0.  ,
 0.  ,0.  ,0.  ,0.  ,0.  ,0.  ,0.33,0.99,0.99,0.99,0.9 ,0.84,0.99,0.99,
 0.99,0.77,0.51,0.  ,0.  ,0.  ,0.  ,0.  ,0.  ,0.  ,0.  ,0.  ,0.  ,0.  ,
 0.  ,0.  ,0.  ,0.  ,0.  ,0.  ,0.11,0.78,0.99,0.99,0.99,0.99,0.99,0.91,
 0.57,0.  ,0.  ,0.  ,0.  ,0.  ,0.  ,0.  ,0.  ,0.  ,0.  ,0.  ,0.  ,0.  ,
 0.  ,0.  ,0.  ,0.  ,0.  ,0.  ,0.  ,0.1 ,0.5 ,0.99,0.99,0.99,0.55,0.15,
 0.  ,0.  ,0.  ,0.  ,0.  ,0.  ,0.  ,0.  ,0.  ,0.  ,0.  ,0.  ,0.  ,0.  ,
 0.  ,0.  ,0.  ,0.  ,0.  ,0.  ,0.  ,0.  ,0.  ,0.  ,0.  ,0.  ,0.  ,0.  ,
 0.  ,0.  ,0.  ,0.  ,0.  ,0.  ,0.  ,0.  ,0.  ,0.  ,0.  ,0.  ,0.  ,0.  ,
 0.  ,0.  ,0.  ,0.  ,0.  ,0.  ,0.  ,0.  ,0.  ,0.  ,0.  ,0.  ,0.  ,0.  ,
 0.  ,0.  ,0.  ,0.  ,0.  ,0.  ,0.  ,0.  ,0.  ,0.  ,0.  ,0.  ,0.  ,0.  ,
 0.  ,0.  ,0.  ,0.  ,0.  ,0.  ,0.  ,0.  ,0.  ,0.  ,0.  ,0.  ,0.  ,0.  ,
 0.  ,0.  ,0.  ,0.  ,0.  ,0.  ,0.  ,0.  ,0.  ,0.  ,0.  ,0.  ,0.  ,0.  ,
 0.  ,0.  ,0.  ,0.  ,0.  ,0.  ,0.  ,0.  ,0.  ,0.  ,0.  ,0.  ,0.  ,0.  ,
 0.  ,0.  ,0.  ,0.  ,0.  ,0.  ,0.  ,0.  ,0.  ,0.  ,0.  ,0.  ,0.  ,0.  ]",0,"[[-1.3498e-02,-4.8979e-03, 3.8246e-04,...,-1.1013e-02, 1.8778e-05,
   6.3096e-03],
 [-3.5537e-03,-2.9871e-03,-1.3974e-02,...,-5.6679e-03,-8.3602e-04,
   3.3509e-03],
 [-9.8223e-03,-9.9293e-03, 7.9568e-03,...,-2.7545e-03,-1.1057e-03,
   2.5672e-03],
 ...,
 [-7.8604e-03, 8.0771e-03, 1.3596e-02,...,-1.0829e-03,-1.1537e-03,
   3.9063e-03],
 [-5.7794e-03, 6.6186e-03, 1.2320e-03,..., 2.1307e-03,-6.7002e-03,
   5.2298e-03],
 [-2.5870e-03, 1.2748e-02,-2.7763e-03,...,-8.5902e-03, 7.8897e-03,
  -3.5166e-03]]","[[-0.0047, 0.0018,-0.0013,-0.0003, 0.0037,-0.0002, 0.0012, 0.0001,-0.0002,
  -0.0002]]","[ 0.669 ,-0.2367,-0.0211, 0.0381,-0.3257, 0.1115, 0.0216,-0.0662,-0.049 ,
 -0.0225]","[0.1862,0.0753,0.0934,0.0991,0.0688,0.1066,0.0974,0.0892,0.0908,0.0932]","[[0.,0.,0.,...,0.,0.,0.],
 [0.,0.,0.,...,0.,0.,0.],
 [0.,0.,0.,...,0.,0.,0.],
 ...,
 [0.,0.,0.,...,0.,0.,0.],
 [0.,0.,0.,...,0.,0.,0.],
 [0.,0.,0.,...,0.,0.,0.]]","[-0.8138, 0.0753, 0.0934, 0.0991, 0.0688, 0.1066, 0.0974, 0.0892, 0.0908,
  0.0932]","[[ 0.0193,-0.0178, 0.0051, 0.0104,-0.0132,-0.0016,-0.0029,-0.0017, 0.0029,
  -0.0004]]"
3,"[0.  ,0.  ,0.  ,0.  ,0.  ,0.  ,0.  ,0.  ,0.  ,0.  ,0.  ,0.  ,0.  ,0.  ,
 0.  ,0.  ,0.  ,0.  ,0.  ,0.  ,0.  ,0.  ,0.  ,0.  ,0.  ,0.  ,0.  ,0.  ,
 0.  ,0.  ,0.  ,0.  ,0.  ,0.  ,0.  ,0.  ,0.  ,0.  ,0.  ,0.  ,0.  ,0.  ,
 0.  ,0.  ,0.  ,0.  ,0.  ,0.  ,0.  ,0.  ,0.  ,0.  ,0.  ,0.  ,0.  ,0.  ,
 0.  ,0.  ,0.  ,0.  ,0.  ,0.  ,0.  ,0.  ,0.  ,0.  ,0.  ,0.  ,0.  ,0.  ,
 0.  ,0.  ,0.  ,0.  ,0.  ,0.  ,0.  ,0.  ,0.  ,0.  ,0.  ,0.  ,0.  ,0.  ,
 0.  ,0.  ,0.  ,0.  ,0.  ,0.  ,0.  ,0.  ,0.  ,0.  ,0.  ,0.  ,0.  ,0.  ,
 0.  ,0.  ,0.  ,0.  ,0.  ,0.  ,0.  ,0.  ,0.  ,0.  ,0.  ,0.  ,0.  ,0.  ,
 0.  ,0.  ,0.  ,0.  ,0.  ,0.  ,0.  ,0.  ,0.  ,0.  ,0.  ,0.  ,0.  ,0.  ,
 0.  ,0.2 ,0.62,0.99,0.62,0.2 ,0.  ,0.  ,0.  ,0.  ,0.  ,0.  ,0.  ,0.  ,
 0.  ,0.  ,0.  ,0.  ,0.  ,0.  ,0.  ,0.  ,0.  ,0.  ,0.  ,0.  ,0.  ,0.  ,
 0.19,0.93,0.99,0.99,0.99,0.93,0.  ,0.  ,0.  ,0.  ,0.  ,0.  ,0.  ,0.  ,
 0.  ,0.  ,0.  ,0.  ,0.  ,0.  ,0.  ,0.  ,0.  ,0.  ,0.  ,0.  ,0.  ,0.21,
 0.89,0.99,0.99,0.94,0.91,0.99,0.22,0.02,0.  ,0.  ,0.  ,0.  ,0.  ,0.  ,
 0.  ,0.  ,0.  ,0.  ,0.  ,0.  ,0.  ,0.  ,0.  ,0.  ,0.  ,0.04,0.24,0.88,
 0.99,0.99,0.99,0.79,0.33,0.99,0.99,0.48,0.  ,0.  ,0.  ,0.  ,0.  ,0.  ,
 0.  ,0.  ,0.  ,0.  ,0.  ,0.  ,0.  ,0.  ,0.  ,0.  ,0.  ,0.64,0.99,0.99,
 0.99,0.99,0.99,0.99,0.38,0.74,0.99,0.65,0.  ,0.  ,0.  ,0.  ,0.  ,0.  ,
 0.  ,0.  ,0.  ,0.  ,0.  ,0.  ,0.  ,0.  ,0.  ,0.  ,0.2 ,0.93,0.99,0.99,
 0.75,0.45,0.99,0.89,0.18,0.31,1.  ,0.66,0.  ,0.  ,0.  ,0.  ,0.  ,0.  ,
 0.  ,0.  ,0.  ,0.  ,0.  ,0.  ,0.  ,0.  ,0.  ,0.19,0.93,0.99,0.99,0.7 ,
 0.05,0.29,0.47,0.08,0.  ,0.  ,0.99,0.95,0.2 ,0.  ,0.  ,0.  ,0.  ,0.  ,
 0.  ,0.  ,0.  ,0.  ,0.  ,0.  ,0.  ,0.  ,0.15,0.65,0.99,0.91,0.82,0.33,
 0.  ,0.  ,0.  ,0.  ,0.  ,0.  ,0.99,0.99,0.65,0.  ,0.  ,0.  ,0.  ,0.  ,
 0.  ,0.  ,0.  ,0.  ,0.  ,0.  ,0.  ,0.03,0.7 ,0.99,0.94,0.28,0.07,0.11,
 0.  ,0.  ,0.  ,0.  ,0.  ,0.  ,0.99,0.99,0.76,0.  ,0.  ,0.  ,0.  ,0.  ,
 0.  ,0.  ,0.  ,0.  ,0.  ,0.  ,0.  ,0.22,0.99,0.99,0.25,0.  ,0.  ,0.  ,
 0.  ,0.  ,0.  ,0.  ,0.  ,0.  ,0.99,0.99,0.76,0.  ,0.  ,0.  ,0.  ,0.  ,
 0.  ,0.  ,0.  ,0.  ,0.  ,0.  ,0.  ,0.78,0.99,0.75,0.  ,0.  ,0.  ,0.  ,
 0.  ,0.  ,0.  ,0.  ,0.  ,0.  ,1.  ,0.99,0.77,0.  ,0.  ,0.  ,0.  ,0.  ,
 0.  ,0.  ,0.  ,0.  ,0.  ,0.  ,0.3 ,0.96,0.99,0.44,0.  ,0.  ,0.  ,0.  ,
 0.  ,0.  ,0.  ,0.  ,0.  ,0.  ,0.99,0.99,0.58,0.  ,0.  ,0.  ,0.  ,0.  ,
 0.  ,0.  ,0.  ,0.  ,0.  ,0.  ,0.33,0.99,0.9 ,0.1 ,0.  ,0.  ,0.  ,0.  ,
 0.  ,0.  ,0.  ,0.  ,0.03,0.53,0.99,0.73,0.05,0.  ,0.  ,0.  ,0.  ,0.  ,
 0.  ,0.  ,0.  ,0.  ,0.  ,0.  ,0.33,0.99,0.87,0.  ,0.  ,0.  ,0.  ,0.  ,
 0.  ,0.  ,0.  ,0.03,0.51,0.99,0.88,0.28,0.  ,0.  ,0.  ,0.  ,0.  ,0.  ,
 0.  ,0.  ,0.  ,0.  ,0.  ,0.  ,0.33,0.99,0.57,0.  ,0.  ,0.  ,0.  ,0.  ,
 0.  ,0.  ,0.19,0.65,0.99,0.68,0.  ,0.  ,0.  ,0.  ,0.  ,0.  ,0.  ,0.  ,
 0.  ,0.  ,0.  ,0.  ,0.  ,0.  ,0.34,0.99,0.88,0.  ,0.  ,0.  ,0.  ,0.  ,
 0.  ,0.45,0.93,0.99,0.64,0.  ,0.  ,0.  ,0.  ,0.  ,0.  ,0.  ,0.  ,0.  ,
 0.  ,0.  ,0.  ,0.  ,0.  ,0.  ,0.33,0.99,0.98,0.57,0.19,0.11,0.33,0.7 ,
 0.88,0.99,0.87,0.65,0.22,0.  ,0.  ,0.  ,0.  ,0.  ,0.  ,0.  ,0.  ,0.  ,
 0.  ,0.  ,0.  ,0.  ,0.  ,0.  ,0.33,0.99,0.99,0.99,0.9 ,0.84,0.99,0.99,
 0.99,0.77,0.51,0.  ,0.  ,0.  ,0.  ,0.  ,0.  ,0.  ,0.  ,0.  ,0.  ,0.  ,
 0.  ,0.  ,0.  ,0.  ,0.  ,0.  ,0.11,0.78,0.99,0.99,0.99,0.99,0.99,0.91,
 0.57,0.  ,0.  ,0.  ,0.  ,0.  ,0.  ,0.  ,0.  ,0.  ,0.  ,0.  ,0.  ,0.  ,
 0.  ,0.  ,0.  ,0.  ,0.  ,0.  ,0.  ,0.1 ,0.5 ,0.99,0.99,0.99,0.55,0.15,
 0.  ,0.  ,0.  ,0.  ,0.  ,0.  ,0.  ,0.  ,0.  ,0.  ,0.  ,0.  ,0.  ,0.  ,
 0.  ,0.  ,0.  ,0.  ,0.  ,0.  ,0.  ,0.  ,0.  ,0.  ,0.  ,0.  ,0.  ,0.  ,
 0.  ,0.  ,0.  ,0.  ,0.  ,0.  ,0.  ,0.  ,0.  ,0.  ,0.  ,0.  ,0.  ,0.  ,
 0.  ,0.  ,0.  ,0.  ,0.  ,0.  ,0.  ,0.  ,0.  ,0.  ,0.  ,0.  ,0.  ,0.  ,
 0.  ,0.  ,0.  ,0.  ,0.  ,0.  ,0.  ,0.  ,0.  ,0.  ,0.  ,0.  ,0.  ,0.  ,
 0.  ,0.  ,0.  ,0.  ,0.  ,0.  ,0.  ,0.  ,0.  ,0.  ,0.  ,0.  ,0.  ,0.  ,
 0.  ,0.  ,0.  ,0.  ,0.  ,0.  ,0.  ,0.  ,0.  ,0.  ,0.  ,0.  ,0.  ,0.  ,
 0.  ,0.  ,0.  ,0.  ,0.  ,0.  ,0.  ,0.  ,0.  ,0.  ,0.  ,0.  ,0.  ,0.  ,
 0.  ,0.  ,0.  ,0.  ,0.  ,0.  ,0.  ,0.  ,0.  ,0.  ,0.  ,0.  ,0.  ,0.  ]",0,"[[-1.3498e-02,-4.8979e-03, 3.8246e-04,...,-1.1013e-02, 1.8778e-05,
   6.3096e-03],
 [-3.5537e-03,-2.9871e-03,-1.3974e-02,...,-5.6679e-03,-8.3602e-04,
   3.3509e-03],
 [-9.8223e-03,-9.9293e-03, 7.9568e-03,...,-2.7545e-03,-1.1057e-03,
   2.5672e-03],
 ...,
 [-7.8604e-03, 8.0771e-03, 1.3596e-02,...,-1.0829e-03,-1.1537e-03,
   3.9063e-03],
 [-5.7794e-03, 6.6186e-03, 1.2320e-03,..., 2.1307e-03,-6.7002e-03,
   5.2298e-03],
 [-2.5870e-03, 1.2748e-02,-2.7763e-03,...,-8.5902e-03, 7.8897e-03,
  -3.5166e-03]]","[[-6.7762e-03, 4.0481e-03,-1.8197e-03,-1.7943e-03, 5.0351e-03, 1.4330e-04,
   1.4669e-03, 3.2095e-04,-5.4086e-04,-8.3382e-05]]","[ 0.9229,-0.3777,-0.057 , 0.0767,-0.4131, 0.1394, 0.0421,-0.0924,-0.0618,
 -0.0603]","[0.2314,0.063 ,0.0869,0.0993,0.0608,0.1057,0.0959,0.0839,0.0865,0.0866]","[[0.,0.,0.,...,0.,0.,0.],
 [0.,0.,0.,...,0.,0.,0.],
 [0.,0.,0.,...,0.,0.,0.],
 ...,
 [0.,0.,0.,...,0.,0.,0.],
 [0.,0.,0.,...,0.,0.,0.],
 [0.,0.,0.,...,0.,0.,0.]]","[-0.7686, 0.063 , 0.0869, 0.0993, 0.0608, 0.1057, 0.0959, 0.0839, 0.0865,
  0.0866]","[[ 0.0204,-0.0227, 0.0055, 0.0153,-0.0136,-0.003 ,-0.0024,-0.0022, 0.0037,
  -0.001 ]]"
4,"[0.  ,0.  ,0.  ,0.  ,0.  ,0.  ,0.  ,0.  ,0.  ,0.  ,0.  ,0.  ,0.  ,0.  ,
 0.  ,0.  ,0.  ,0.  ,0.  ,0.  ,0.  ,0.  ,0.  ,0.  ,0.  ,0.  ,0.  ,0.  ,
 0.  ,0.  ,0.  ,0.  ,0.  ,0.  ,0.  ,0.  ,0.  ,0.  ,0.  ,0.  ,0.  ,0.  ,
 0.  ,0.  ,0.  ,0.  ,0.  ,0.  ,0.  ,0.  ,0.  ,0.  ,0.  ,0.  ,0.  ,0.  ,
 0.  ,0.  ,0.  ,0.  ,0.  ,0.  ,0.  ,0.  ,0.  ,0.  ,0.  ,0.  ,0.  ,0.  ,
 0.  ,0.  ,0.  ,0.  ,0.  ,0.  ,0.  ,0.  ,0.  ,0.  ,0.  ,0.  ,0.  ,0.  ,
 0.  ,0.  ,0.  ,0.  ,0.  ,0.  ,0.  ,0.  ,0.  ,0.  ,0.  ,0.  ,0.  ,0.  ,
 0.  ,0.  ,0.  ,0.  ,0.  ,0.  ,0.  ,0.  ,0.  ,0.  ,0.  ,0.  ,0.  ,0.  ,
 0.  ,0.  ,0.  ,0.  ,0.  ,0.  ,0.  ,0.  ,0.  ,0.  ,0.  ,0.  ,0.  ,0.  ,
 0.  ,0.2 ,0.62,0.99,0.62,0.2 ,0.  ,0.  ,0.  ,0.  ,0.  ,0.  ,0.  ,0.  ,
 0.  ,0.  ,0.  ,0.  ,0.  ,0.  ,0.  ,0.  ,0.  ,0.  ,0.  ,0.  ,0.  ,0.  ,
 0.19,0.93,0.99,0.99,0.99,0.93,0.  ,0.  ,0.  ,0.  ,0.  ,0.  ,0.  ,0.  ,
 0.  ,0.  ,0.  ,0.  ,0.  ,0.  ,0.  ,0.  ,0.  ,0.  ,0.  ,0.  ,0.  ,0.21,
 0.89,0.99,0.99,0.94,0.91,0.99,0.22,0.02,0.  ,0.  ,0.  ,0.  ,0.  ,0.  ,
 0.  ,0.  ,0.  ,0.  ,0.  ,0.  ,0.  ,0.  ,0.  ,0.  ,0.  ,0.04,0.24,0.88,
 0.99,0.99,0.99,0.79,0.33,0.99,0.99,0.48,0.  ,0.  ,0.  ,0.  ,0.  ,0.  ,
 0.  ,0.  ,0.  ,0.  ,0.  ,0.  ,0.  ,0.  ,0.  ,0.  ,0.  ,0.64,0.99,0.99,
 0.99,0.99,0.99,0.99,0.38,0.74,0.99,0.65,0.  ,0.  ,0.  ,0.  ,0.  ,0.  ,
 0.  ,0.  ,0.  ,0.  ,0.  ,0.  ,0.  ,0.  ,0.  ,0.  ,0.2 ,0.93,0.99,0.99,
 0.75,0.45,0.99,0.89,0.18,0.31,1.  ,0.66,0.  ,0.  ,0.  ,0.  ,0.  ,0.  ,
 0.  ,0.  ,0.  ,0.  ,0.  ,0.  ,0.  ,0.  ,0.  ,0.19,0.93,0.99,0.99,0.7 ,
 0.05,0.29,0.47,0.08,0.  ,0.  ,0.99,0.95,0.2 ,0.  ,0.  ,0.  ,0.  ,0.  ,
 0.  ,0.  ,0.  ,0.  ,0.  ,0.  ,0.  ,0.  ,0.15,0.65,0.99,0.91,0.82,0.33,
 0.  ,0.  ,0.  ,0.  ,0.  ,0.  ,0.99,0.99,0.65,0.  ,0.  ,0.  ,0.  ,0.  ,
 0.  ,0.  ,0.  ,0.  ,0.  ,0.  ,0.  ,0.03,0.7 ,0.99,0.94,0.28,0.07,0.11,
 0.  ,0.  ,0.  ,0.  ,0.  ,0.  ,0.99,0.99,0.76,0.  ,0.  ,0.  ,0.  ,0.  ,
 0.  ,0.  ,0.  ,0.  ,0.  ,0.  ,0.  ,0.22,0.99,0.99,0.25,0.  ,0.  ,0.  ,
 0.  ,0.  ,0.  ,0.  ,0.  ,0.  ,0.99,0.99,0.76,0.  ,0.  ,0.  ,0.  ,0.  ,
 0.  ,0.  ,0.  ,0.  ,0.  ,0.  ,0.  ,0.78,0.99,0.75,0.  ,0.  ,0.  ,0.  ,
 0.  ,0.  ,0.  ,0.  ,0.  ,0.  ,1.  ,0.99,0.77,0.  ,0.  ,0.  ,0.  ,0.  ,
 0.  ,0.  ,0.  ,0.  ,0.  ,0.  ,0.3 ,0.96,0.99,0.44,0.  ,0.  ,0.  ,0.  ,
 0.  ,0.  ,0.  ,0.  ,0.  ,0.  ,0.99,0.99,0.58,0.  ,0.  ,0.  ,0.  ,0.  ,
 0.  ,0.  ,0.  ,0.  ,0.  ,0.  ,0.33,0.99,0.9 ,0.1 ,0.  ,0.  ,0.  ,0.  ,
 0.  ,0.  ,0.  ,0.  ,0.03,0.53,0.99,0.73,0.05,0.  ,0.  ,0.  ,0.  ,0.  ,
 0.  ,0.  ,0.  ,0.  ,0.  ,0.  ,0.33,0.99,0.87,0.  ,0.  ,0.  ,0.  ,0.  ,
 0.  ,0.  ,0.  ,0.03,0.51,0.99,0.88,0.28,0.  ,0.  ,0.  ,0.  ,0.  ,0.  ,
 0.  ,0.  ,0.  ,0.  ,0.  ,0.  ,0.33,0.99,0.57,0.  ,0.  ,0.  ,0.  ,0.  ,
 0.  ,0.  ,0.19,0.65,0.99,0.68,0.  ,0.  ,0.  ,0.  ,0.  ,0.  ,0.  ,0.  ,
 0.  ,0.  ,0.  ,0.  ,0.  ,0.  ,0.34,0.99,0.88,0.  ,0.  ,0.  ,0.  ,0.  ,
 0.  ,0.45,0.93,0.99,0.64,0.  ,0.  ,0.  ,0.  ,0.  ,0.  ,0.  ,0.  ,0.  ,
 0.  ,0.  ,0.  ,0.  ,0.  ,0.  ,0.33,0.99,0.98,0.57,0.19,0.11,0.33,0.7 ,
 0.88,0.99,0.87,0.65,0.22,0.  ,0.  ,0.  ,0.  ,0.  ,0.  ,0.  ,0.  ,0.  ,
 0.  ,0.  ,0.  ,0.  ,0.  ,0.  ,0.33,0.99,0.99,0.99,0.9 ,0.84,0.99,0.99,
 0.99,0.77,0.51,0.  ,0.  ,0.  ,0.  ,0.  ,0.  ,0.  ,0.  ,0.  ,0.  ,0.  ,
 0.  ,0.  ,0.  ,0.  ,0.  ,0.  ,0.11,0.78,0.99,0.99,0.99,0.99,0.99,0.91,
 0.57,0.  ,0.  ,0.  ,0.  ,0.  ,0.  ,0.  ,0.  ,0.  ,0.  ,0.  ,0.  ,0.  ,
 0.  ,0.  ,0.  ,0.  ,0.  ,0.  ,0.  ,0.1 ,0.5 ,0.99,0.99,0.99,0.55,0.15,
 0.  ,0.  ,0.  ,0.  ,0.  ,0.  ,0.  ,0.  ,0.  ,0.  ,0.  ,0.  ,0.  ,0.  ,
 0.  ,0.  ,0.  ,0.  ,0.  ,0.  ,0.  ,0.  ,0.  ,0.  ,0.  ,0.  ,0.  ,0.  ,
 0.  ,0.  ,0.  ,0.  ,0.  ,0.  ,0.  ,0.  ,0.  ,0.  ,0.  ,0.  ,0.  ,0.  ,
 0.  ,0.  ,0.  ,0.  ,0.  ,0.  ,0.  ,0.  ,0.  ,0.  ,0.  ,0.  ,0.  ,0.  ,
 0.  ,0.  ,0.  ,0.  ,0.  ,0.  ,0.  ,0.  ,0.  ,0.  ,0.  ,0.  ,0.  ,0.  ,
 0.  ,0.  ,0.  ,0.  ,0.  ,0.  ,0.  ,0.  ,0.  ,0.  ,0.  ,0.  ,0.  ,0.  ,
 0.  ,0.  ,0.  ,0.  ,0.  ,0.  ,0.  ,0.  ,0.  ,0.  ,0.  ,0.  ,0.  ,0.  ,
 0.  ,0.  ,0.  ,0.  ,0.  ,0.  ,0.  ,0.  ,0.  ,0.  ,0.  ,0.  ,0.  ,0.  ,
 0.  ,0.  ,0.  ,0.  ,0.  ,0.  ,0.  ,0.  ,0.  ,0.  ,0.  ,0.  ,0.  ,0.  ]",0,"[[-1.3498e-02,-4.8979e-03, 3.8246e-04,...,-1.1013e-02, 1.8778e-05,
   6.3096e-03],
 [-3.5537e-03,-2.9871e-03,-1.3974e-02,...,-5.6679e-03,-8.3602e-04,
   3.3509e-03],
 [-9.8223e-03,-9.9293e-03, 7.9568e-03,...,-2.7545e-03,-1.1057e-03,
   2.5672e-03],
 ...,
 [-7.8604e-03, 8.0771e-03, 1.3596e-02,...,-1.0829e-03,-1.1537e-03,
   3.9063e-03],
 [-5.7794e-03, 6.6186e-03, 1.2320e-03,..., 2.1307e-03,-6.7002e-03,
   5.2298e-03],
 [-2.5870e-03, 1.2748e-02,-2.7763e-03,...,-8.5902e-03, 7.8897e-03,
  -3.5166e-03]]","[[-8.8514e-03, 6.6076e-03,-2.4136e-03,-3.5846e-03, 6.4003e-03, 5.3775e-04,
   1.6719e-03, 5.4325e-04,-9.5539e-04, 4.4128e-05]]","[ 1.1535,-0.4906,-0.0932, 0.0915,-0.4933, 0.1724, 0.0606,-0.1138,-0.0758,
 -0.0923]","[0.2785,0.0538,0.08  ,0.0963,0.0537,0.1044,0.0934,0.0784,0.0815,0.0801]","[[0.,0.,0.,...,0.,0.,0.],
 [0.,0.,0.,...,0.,0.,0.],
 [0.,0.,0.,...,0.,0.,0.],
 ...,
 [0.,0.,0.,...,0.,0.,0.],
 [0.,0.,0.,...,0.,0.,0.],
 [0.,0.,0.,...,0.,0.,0.]]","[-0.7215, 0.0538, 0.08  , 0.0963, 0.0537, 0.1044, 0.0934, 0.0784, 0.0815,
  0.0801]","[[ 0.0208,-0.0256, 0.0059, 0.0179,-0.0137,-0.0039,-0.0021,-0.0022, 0.0041,
  -0.0013]]"
5,"[0.  ,0.  ,0.  ,0.  ,0.  ,0.  ,0.  ,0.  ,0.  ,0.  ,0.  ,0.  ,0.  ,0.  ,
 0.  ,0.  ,0.  ,0.  ,0.  ,0.  ,0.  ,0.  ,0.  ,0.  ,0.  ,0.  ,0.  ,0.  ,
 0.  ,0.  ,0.  ,0.  ,0.  ,0.  ,0.  ,0.  ,0.  ,0.  ,0.  ,0.  ,0.  ,0.  ,
 0.  ,0.  ,0.  ,0.  ,0.  ,0.  ,0.  ,0.  ,0.  ,0.  ,0.  ,0.  ,0.  ,0.  ,
 0.  ,0.  ,0.  ,0.  ,0.  ,0.  ,0.  ,0.  ,0.  ,0.  ,0.  ,0.  ,0.  ,0.  ,
 0.  ,0.  ,0.  ,0.  ,0.  ,0.  ,0.  ,0.  ,0.  ,0.  ,0.  ,0.  ,0.  ,0.  ,
 0.  ,0.  ,0.  ,0.  ,0.  ,0.  ,0.  ,0.  ,0.  ,0.  ,0.  ,0.  ,0.  ,0.  ,
 0.  ,0.  ,0.  ,0.  ,0.  ,0.  ,0.  ,0.  ,0.  ,0.  ,0.  ,0.  ,0.  ,0.  ,
 0.  ,0.  ,0.  ,0.  ,0.  ,0.  ,0.  ,0.  ,0.  ,0.  ,0.  ,0.  ,0.  ,0.  ,
 0.  ,0.2 ,0.62,0.99,0.62,0.2 ,0.  ,0.  ,0.  ,0.  ,0.  ,0.  ,0.  ,0.  ,
 0.  ,0.  ,0.  ,0.  ,0.  ,0.  ,0.  ,0.  ,0.  ,0.  ,0.  ,0.  ,0.  ,0.  ,
 0.19,0.93,0.99,0.99,0.99,0.93,0.  ,0.  ,0.  ,0.  ,0.  ,0.  ,0.  ,0.  ,
 0.  ,0.  ,0.  ,0.  ,0.  ,0.  ,0.  ,0.  ,0.  ,0.  ,0.  ,0.  ,0.  ,0.21,
 0.89,0.99,0.99,0.94,0.91,0.99,0.22,0.02,0.  ,0.  ,0.  ,0.  ,0.  ,0.  ,
 0.  ,0.  ,0.  ,0.  ,0.  ,0.  ,0.  ,0.  ,0.  ,0.  ,0.  ,0.04,0.24,0.88,
 0.99,0.99,0.99,0.79,0.33,0.99,0.99,0.48,0.  ,0.  ,0.  ,0.  ,0.  ,0.  ,
 0.  ,0.  ,0.  ,0.  ,0.  ,0.  ,0.  ,0.  ,0.  ,0.  ,0.  ,0.64,0.99,0.99,
 0.99,0.99,0.99,0.99,0.38,0.74,0.99,0.65,0.  ,0.  ,0.  ,0.  ,0.  ,0.  ,
 0.  ,0.  ,0.  ,0.  ,0.  ,0.  ,0.  ,0.  ,0.  ,0.  ,0.2 ,0.93,0.99,0.99,
 0.75,0.45,0.99,0.89,0.18,0.31,1.  ,0.66,0.  ,0.  ,0.  ,0.  ,0.  ,0.  ,
 0.  ,0.  ,0.  ,0.  ,0.  ,0.  ,0.  ,0.  ,0.  ,0.19,0.93,0.99,0.99,0.7 ,
 0.05,0.29,0.47,0.08,0.  ,0.  ,0.99,0.95,0.2 ,0.  ,0.  ,0.  ,0.  ,0.  ,
 0.  ,0.  ,0.  ,0.  ,0.  ,0.  ,0.  ,0.  ,0.15,0.65,0.99,0.91,0.82,0.33,
 0.  ,0.  ,0.  ,0.  ,0.  ,0.  ,0.99,0.99,0.65,0.  ,0.  ,0.  ,0.  ,0.  ,
 0.  ,0.  ,0.  ,0.  ,0.  ,0.  ,0.  ,0.03,0.7 ,0.99,0.94,0.28,0.07,0.11,
 0.  ,0.  ,0.  ,0.  ,0.  ,0.  ,0.99,0.99,0.76,0.  ,0.  ,0.  ,0.  ,0.  ,
 0.  ,0.  ,0.  ,0.  ,0.  ,0.  ,0.  ,0.22,0.99,0.99,0.25,0.  ,0.  ,0.  ,
 0.  ,0.  ,0.  ,0.  ,0.  ,0.  ,0.99,0.99,0.76,0.  ,0.  ,0.  ,0.  ,0.  ,
 0.  ,0.  ,0.  ,0.  ,0.  ,0.  ,0.  ,0.78,0.99,0.75,0.  ,0.  ,0.  ,0.  ,
 0.  ,0.  ,0.  ,0.  ,0.  ,0.  ,1.  ,0.99,0.77,0.  ,0.  ,0.  ,0.  ,0.  ,
 0.  ,0.  ,0.  ,0.  ,0.  ,0.  ,0.3 ,0.96,0.99,0.44,0.  ,0.  ,0.  ,0.  ,
 0.  ,0.  ,0.  ,0.  ,0.  ,0.  ,0.99,0.99,0.58,0.  ,0.  ,0.  ,0.  ,0.  ,
 0.  ,0.  ,0.  ,0.  ,0.  ,0.  ,0.33,0.99,0.9 ,0.1 ,0.  ,0.  ,0.  ,0.  ,
 0.  ,0.  ,0.  ,0.  ,0.03,0.53,0.99,0.73,0.05,0.  ,0.  ,0.  ,0.  ,0.  ,
 0.  ,0.  ,0.  ,0.  ,0.  ,0.  ,0.33,0.99,0.87,0.  ,0.  ,0.  ,0.  ,0.  ,
 0.  ,0.  ,0.  ,0.03,0.51,0.99,0.88,0.28,0.  ,0.  ,0.  ,0.  ,0.  ,0.  ,
 0.  ,0.  ,0.  ,0.  ,0.  ,0.  ,0.33,0.99,0.57,0.  ,0.  ,0.  ,0.  ,0.  ,
 0.  ,0.  ,0.19,0.65,0.99,0.68,0.  ,0.  ,0.  ,0.  ,0.  ,0.  ,0.  ,0.  ,
 0.  ,0.  ,0.  ,0.  ,0.  ,0.  ,0.34,0.99,0.88,0.  ,0.  ,0.  ,0.  ,0.  ,
 0.  ,0.45,0.93,0.99,0.64,0.  ,0.  ,0.  ,0.  ,0.  ,0.  ,0.  ,0.  ,0.  ,
 0.  ,0.  ,0.  ,0.  ,0.  ,0.  ,0.33,0.99,0.98,0.57,0.19,0.11,0.33,0.7 ,
 0.88,0.99,0.87,0.65,0.22,0.  ,0.  ,0.  ,0.  ,0.  ,0.  ,0.  ,0.  ,0.  ,
 0.  ,0.  ,0.  ,0.  ,0.  ,0.  ,0.33,0.99,0.99,0.99,0.9 ,0.84,0.99,0.99,
 0.99,0.77,0.51,0.  ,0.  ,0.  ,0.  ,0.  ,0.  ,0.  ,0.  ,0.  ,0.  ,0.  ,
 0.  ,0.  ,0.  ,0.  ,0.  ,0.  ,0.11,0.78,0.99,0.99,0.99,0.99,0.99,0.91,
 0.57,0.  ,0.  ,0.  ,0.  ,0.  ,0.  ,0.  ,0.  ,0.  ,0.  ,0.  ,0.  ,0.  ,
 0.  ,0.  ,0.  ,0.  ,0.  ,0.  ,0.  ,0.1 ,0.5 ,0.99,0.99,0.99,0.55,0.15,
 0.  ,0.  ,0.  ,0.  ,0.  ,0.  ,0.  ,0.  ,0.  ,0.  ,0.  ,0.  ,0.  ,0.  ,
 0.  ,0.  ,0.  ,0.  ,0.  ,0.  ,0.  ,0.  ,0.  ,0.  ,0.  ,0.  ,0.  ,0.  ,
 0.  ,0.  ,0.  ,0.  ,0.  ,0.  ,0.  ,0.  ,0.  ,0.  ,0.  ,0.  ,0.  ,0.  ,
 0.  ,0.  ,0.  ,0.  ,0.  ,0.  ,0.  ,0.  ,0.  ,0.  ,0.  ,0.  ,0.  ,0.  ,
 0.  ,0.  ,0.  ,0.  ,0.  ,0.  ,0.  ,0.  ,0.  ,0.  ,0.  ,0.  ,0.  ,0.  ,
 0.  ,0.  ,0.  ,0.  ,0.  ,0.  ,0.  ,0.  ,0.  ,0.  ,0.  ,0.  ,0.  ,0.  ,
 0.  ,0.  ,0.  ,0.  ,0.  ,0.  ,0.  ,0.  ,0.  ,0.  ,0.  ,0.  ,0.  ,0.  ,
 0.  ,0.  ,0.  ,0.  ,0.  ,0.  ,0.  ,0.  ,0.  ,0.  ,0.  ,0.  ,0.  ,0.  ,
 0.  ,0.  ,0.  ,0.  ,0.  ,0.  ,0.  ,0.  ,0.  ,0.  ,0.  ,0.  ,0.  ,0.  ]",0,"[[-1.3498e-02,-4.8979e-03, 3.8246e-04,...,-1.1013e-02, 1.8778e-05,
   6.3096e-03],
 [-3.5537e-03,-2.9871e-03,-1.3974e-02,...,-5.6679e-03,-8.3602e-04,
   3.3509e-03],
 [-9.8223e-03,-9.9293e-03, 7.9568e-03,...,-2.7545e-03,-1.1057e-03,
   2.5672e-03],
 ...,
 [-7.8604e-03, 8.0771e-03, 1.3596e-02,...,-1.0829e-03,-1.1537e-03,
   3.9063e-03],
 [-5.7794e-03, 6.6186e-03, 1.2320e-03,..., 2.1307e-03,-6.7002e-03,
   5.2298e-03],
 [-2.5870e-03, 1.2748e-02,-2.7763e-03,...,-8.5902e-03, 7.8897e-03,
  -3.5166e-03]]","[[-0.0109, 0.0093,-0.003 ,-0.0055, 0.0078, 0.001 , 0.0018, 0.0007,-0.0014,
   0.0002]]","[ 1.3642,-0.585 ,-0.1297, 0.0926,-0.5681, 0.2088, 0.0777,-0.1326,-0.0892,
 -0.1199]","[0.326 ,0.0464,0.0732,0.0914,0.0472,0.1027,0.09  ,0.073 ,0.0762,0.0739]","[[0.,0.,0.,...,0.,0.,0.],
 [0.,0.,0.,...,0.,0.,0.],
 [0.,0.,0.,...,0.,0.,0.],
 ...,
 [0.,0.,0.,...,0.,0.,0.],
 [0.,0.,0.,...,0.,0.,0.],
 [0.,0.,0.,...,0.,0.,0.]]","[-0.674 , 0.0464, 0.0732, 0.0914, 0.0472, 0.1027, 0.09  , 0.073 , 0.0762,
  0.0739]","[[ 0.0207,-0.0272, 0.0063, 0.0192,-0.0135,-0.0046,-0.0017,-0.002 , 0.0043,
  -0.0014]]"
6,"[0.  ,0.  ,0.  ,0.  ,0.  ,0.  ,0.  ,0.  ,0.  ,0.  ,0.  ,0.  ,0.  ,0.  ,
 0.  ,0.  ,0.  ,0.  ,0.  ,0.  ,0.  ,0.  ,0.  ,0.  ,0.  ,0.  ,0.  ,0.  ,
 0.  ,0.  ,0.  ,0.  ,0.  ,0.  ,0.  ,0.  ,0.  ,0.  ,0.  ,0.  ,0.  ,0.  ,
 0.  ,0.  ,0.  ,0.  ,0.  ,0.  ,0.  ,0.  ,0.  ,0.  ,0.  ,0.  ,0.  ,0.  ,
 0.  ,0.  ,0.  ,0.  ,0.  ,0.  ,0.  ,0.  ,0.  ,0.  ,0.  ,0.  ,0.  ,0.  ,
 0.  ,0.  ,0.  ,0.  ,0.  ,0.  ,0.  ,0.  ,0.  ,0.  ,0.  ,0.  ,0.  ,0.  ,
 0.  ,0.  ,0.  ,0.  ,0.  ,0.  ,0.  ,0.  ,0.  ,0.  ,0.  ,0.  ,0.  ,0.  ,
 0.  ,0.  ,0.  ,0.  ,0.  ,0.  ,0.  ,0.  ,0.  ,0.  ,0.  ,0.  ,0.  ,0.  ,
 0.  ,0.  ,0.  ,0.  ,0.  ,0.  ,0.  ,0.  ,0.  ,0.  ,0.  ,0.  ,0.  ,0.  ,
 0.  ,0.2 ,0.62,0.99,0.62,0.2 ,0.  ,0.  ,0.  ,0.  ,0.  ,0.  ,0.  ,0.  ,
 0.  ,0.  ,0.  ,0.  ,0.  ,0.  ,0.  ,0.  ,0.  ,0.  ,0.  ,0.  ,0.  ,0.  ,
 0.19,0.93,0.99,0.99,0.99,0.93,0.  ,0.  ,0.  ,0.  ,0.  ,0.  ,0.  ,0.  ,
 0.  ,0.  ,0.  ,0.  ,0.  ,0.  ,0.  ,0.  ,0.  ,0.  ,0.  ,0.  ,0.  ,0.21,
 0.89,0.99,0.99,0.94,0.91,0.99,0.22,0.02,0.  ,0.  ,0.  ,0.  ,0.  ,0.  ,
 0.  ,0.  ,0.  ,0.  ,0.  ,0.  ,0.  ,0.  ,0.  ,0.  ,0.  ,0.04,0.24,0.88,
 0.99,0.99,0.99,0.79,0.33,0.99,0.99,0.48,0.  ,0.  ,0.  ,0.  ,0.  ,0.  ,
 0.  ,0.  ,0.  ,0.  ,0.  ,0.  ,0.  ,0.  ,0.  ,0.  ,0.  ,0.64,0.99,0.99,
 0.99,0.99,0.99,0.99,0.38,0.74,0.99,0.65,0.  ,0.  ,0.  ,0.  ,0.  ,0.  ,
 0.  ,0.  ,0.  ,0.  ,0.  ,0.  ,0.  ,0.  ,0.  ,0.  ,0.2 ,0.93,0.99,0.99,
 0.75,0.45,0.99,0.89,0.18,0.31,1.  ,0.66,0.  ,0.  ,0.  ,0.  ,0.  ,0.  ,
 0.  ,0.  ,0.  ,0.  ,0.  ,0.  ,0.  ,0.  ,0.  ,0.19,0.93,0.99,0.99,0.7 ,
 0.05,0.29,0.47,0.08,0.  ,0.  ,0.99,0.95,0.2 ,0.  ,0.  ,0.  ,0.  ,0.  ,
 0.  ,0.  ,0.  ,0.  ,0.  ,0.  ,0.  ,0.  ,0.15,0.65,0.99,0.91,0.82,0.33,
 0.  ,0.  ,0.  ,0.  ,0.  ,0.  ,0.99,0.99,0.65,0.  ,0.  ,0.  ,0.  ,0.  ,
 0.  ,0.  ,0.  ,0.  ,0.  ,0.  ,0.  ,0.03,0.7 ,0.99,0.94,0.28,0.07,0.11,
 0.  ,0.  ,0.  ,0.  ,0.  ,0.  ,0.99,0.99,0.76,0.  ,0.  ,0.  ,0.  ,0.  ,
 0.  ,0.  ,0.  ,0.  ,0.  ,0.  ,0.  ,0.22,0.99,0.99,0.25,0.  ,0.  ,0.  ,
 0.  ,0.  ,0.  ,0.  ,0.  ,0.  ,0.99,0.99,0.76,0.  ,0.  ,0.  ,0.  ,0.  ,
 0.  ,0.  ,0.  ,0.  ,0.  ,0.  ,0.  ,0.78,0.99,0.75,0.  ,0.  ,0.  ,0.  ,
 0.  ,0.  ,0.  ,0.  ,0.  ,0.  ,1.  ,0.99,0.77,0.  ,0.  ,0.  ,0.  ,0.  ,
 0.  ,0.  ,0.  ,0.  ,0.  ,0.  ,0.3 ,0.96,0.99,0.44,0.  ,0.  ,0.  ,0.  ,
 0.  ,0.  ,0.  ,0.  ,0.  ,0.  ,0.99,0.99,0.58,0.  ,0.  ,0.  ,0.  ,0.  ,
 0.  ,0.  ,0.  ,0.  ,0.  ,0.  ,0.33,0.99,0.9 ,0.1 ,0.  ,0.  ,0.  ,0.  ,
 0.  ,0.  ,0.  ,0.  ,0.03,0.53,0.99,0.73,0.05,0.  ,0.  ,0.  ,0.  ,0.  ,
 0.  ,0.  ,0.  ,0.  ,0.  ,0.  ,0.33,0.99,0.87,0.  ,0.  ,0.  ,0.  ,0.  ,
 0.  ,0.  ,0.  ,0.03,0.51,0.99,0.88,0.28,0.  ,0.  ,0.  ,0.  ,0.  ,0.  ,
 0.  ,0.  ,0.  ,0.  ,0.  ,0.  ,0.33,0.99,0.57,0.  ,0.  ,0.  ,0.  ,0.  ,
 0.  ,0.  ,0.19,0.65,0.99,0.68,0.  ,0.  ,0.  ,0.  ,0.  ,0.  ,0.  ,0.  ,
 0.  ,0.  ,0.  ,0.  ,0.  ,0.  ,0.34,0.99,0.88,0.  ,0.  ,0.  ,0.  ,0.  ,
 0.  ,0.45,0.93,0.99,0.64,0.  ,0.  ,0.  ,0.  ,0.  ,0.  ,0.  ,0.  ,0.  ,
 0.  ,0.  ,0.  ,0.  ,0.  ,0.  ,0.33,0.99,0.98,0.57,0.19,0.11,0.33,0.7 ,
 0.88,0.99,0.87,0.65,0.22,0.  ,0.  ,0.  ,0.  ,0.  ,0.  ,0.  ,0.  ,0.  ,
 0.  ,0.  ,0.  ,0.  ,0.  ,0.  ,0.33,0.99,0.99,0.99,0.9 ,0.84,0.99,0.99,
 0.99,0.77,0.51,0.  ,0.  ,0.  ,0.  ,0.  ,0.  ,0.  ,0.  ,0.  ,0.  ,0.  ,
 0.  ,0.  ,0.  ,0.  ,0.  ,0.  ,0.11,0.78,0.99,0.99,0.99,0.99,0.99,0.91,
 0.57,0.  ,0.  ,0.  ,0.  ,0.  ,0.  ,0.  ,0.  ,0.  ,0.  ,0.  ,0.  ,0.  ,
 0.  ,0.  ,0.  ,0.  ,0.  ,0.  ,0.  ,0.1 ,0.5 ,0.99,0.99,0.99,0.55,0.15,
 0.  ,0.  ,0.  ,0.  ,0.  ,0.  ,0.  ,0.  ,0.  ,0.  ,0.  ,0.  ,0.  ,0.  ,
 0.  ,0.  ,0.  ,0.  ,0.  ,0.  ,0.  ,0.  ,0.  ,0.  ,0.  ,0.  ,0.  ,0.  ,
 0.  ,0.  ,0.  ,0.  ,0.  ,0.  ,0.  ,0.  ,0.  ,0.  ,0.  ,0.  ,0.  ,0.  ,
 0.  ,0.  ,0.  ,0.  ,0.  ,0.  ,0.  ,0.  ,0.  ,0.  ,0.  ,0.  ,0.  ,0.  ,
 0.  ,0.  ,0.  ,0.  ,0.  ,0.  ,0.  ,0.  ,0.  ,0.  ,0.  ,0.  ,0.  ,0.  ,
 0.  ,0.  ,0.  ,0.  ,0.  ,0.  ,0.  ,0.  ,0.  ,0.  ,0.  ,0.  ,0.  ,0.  ,
 0.  ,0.  ,0.  ,0.  ,0.  ,0.  ,0.  ,0.  ,0.  ,0.  ,0.  ,0.  ,0.  ,0.  ,
 0.  ,0.  ,0.  ,0.  ,0.  ,0.  ,0.  ,0.  ,0.  ,0.  ,0.  ,0.  ,0.  ,0.  ,
 0.  ,0.  ,0.  ,0.  ,0.  ,0.  ,0.  ,0.  ,0.  ,0.  ,0.  ,0.  ,0.  ,0.  ]",0,"[[-1.3498e-02,-4.8979e-03, 3.8246e-04,...,-1.1013e-02, 1.8778e-05,
   6.3096e-03],
 [-3.5537e-03,-2.9871e-03,-1.3974e-02,...,-5.6679e-03,-8.3602e-04,
   3.3509e-03],
 [-9.8223e-03,-9.9293e-03, 7.9568e-03,...,-2.7545e-03,-1.1057e-03,
   2.5672e-03],
 ...,
 [-7.8604e-03, 8.0771e-03, 1.3596e-02,...,-1.0829e-03,-1.1537e-03,
   3.9063e-03],
 [-5.7794e-03, 6.6186e-03, 1.2320e-03,..., 2.1307e-03,-6.7002e-03,
   5.2298e-03],
 [-2.5870e-03, 1.2748e-02,-2.7763e-03,...,-8.5902e-03, 7.8897e-03,
  -3.5166e-03]]","[[-0.0129, 0.0121,-0.0037,-0.0075, 0.0091, 0.0015, 0.002 , 0.0009,-0.0018,
   0.0003]]","[ 1.5575,-0.6667,-0.1662, 0.0865,-0.6385, 0.2475, 0.0937,-0.1498,-0.101 ,
 -0.144 ]","[0.3728,0.0403,0.0665,0.0856,0.0415,0.1006,0.0862,0.0676,0.071 ,0.068 ]","[[0.,0.,0.,...,0.,0.,0.],
 [0.,0.,0.,...,0.,0.,0.],
 [0.,0.,0.,...,0.,0.,0.],
 ...,
 [0.,0.,0.,...,0.,0.,0.],
 [0.,0.,0.,...,0.,0.,0.],
 [0.,0.,0.,...,0.,0.,0.]]","[-0.6272, 0.0403, 0.0665, 0.0856, 0.0415, 0.1006, 0.0862, 0.0676, 0.071 ,
  0.068 ]","[[ 0.0203,-0.028 , 0.0066, 0.0197,-0.0133,-0.0051,-0.0014,-0.0017, 0.0044,
  -0.0014]]"
7,"[0.  ,0.  ,0.  ,0.  ,0.  ,0.  ,0.  ,0.  ,0.  ,0.  ,0.  ,0.  ,0.  ,0.  ,
 0.  ,0.  ,0.  ,0.  ,0.  ,0.  ,0.  ,0.  ,0.  ,0.  ,0.  ,0.  ,0.  ,0.  ,
 0.  ,0.  ,0.  ,0.  ,0.  ,0.  ,0.  ,0.  ,0.  ,0.  ,0.  ,0.  ,0.  ,0.  ,
 0.  ,0.  ,0.  ,0.  ,0.  ,0.  ,0.  ,0.  ,0.  ,0.  ,0.  ,0.  ,0.  ,0.  ,
 0.  ,0.  ,0.  ,0.  ,0.  ,0.  ,0.  ,0.  ,0.  ,0.  ,0.  ,0.  ,0.  ,0.  ,
 0.  ,0.  ,0.  ,0.  ,0.  ,0.  ,0.  ,0.  ,0.  ,0.  ,0.  ,0.  ,0.  ,0.  ,
 0.  ,0.  ,0.  ,0.  ,0.  ,0.  ,0.  ,0.  ,0.  ,0.  ,0.  ,0.  ,0.  ,0.  ,
 0.  ,0.  ,0.  ,0.  ,0.  ,0.  ,0.  ,0.  ,0.  ,0.  ,0.  ,0.  ,0.  ,0.  ,
 0.  ,0.  ,0.  ,0.  ,0.  ,0.  ,0.  ,0.  ,0.  ,0.  ,0.  ,0.  ,0.  ,0.  ,
 0.  ,0.2 ,0.62,0.99,0.62,0.2 ,0.  ,0.  ,0.  ,0.  ,0.  ,0.  ,0.  ,0.  ,
 0.  ,0.  ,0.  ,0.  ,0.  ,0.  ,0.  ,0.  ,0.  ,0.  ,0.  ,0.  ,0.  ,0.  ,
 0.19,0.93,0.99,0.99,0.99,0.93,0.  ,0.  ,0.  ,0.  ,0.  ,0.  ,0.  ,0.  ,
 0.  ,0.  ,0.  ,0.  ,0.  ,0.  ,0.  ,0.  ,0.  ,0.  ,0.  ,0.  ,0.  ,0.21,
 0.89,0.99,0.99,0.94,0.91,0.99,0.22,0.02,0.  ,0.  ,0.  ,0.  ,0.  ,0.  ,
 0.  ,0.  ,0.  ,0.  ,0.  ,0.  ,0.  ,0.  ,0.  ,0.  ,0.  ,0.04,0.24,0.88,
 0.99,0.99,0.99,0.79,0.33,0.99,0.99,0.48,0.  ,0.  ,0.  ,0.  ,0.  ,0.  ,
 0.  ,0.  ,0.  ,0.  ,0.  ,0.  ,0.  ,0.  ,0.  ,0.  ,0.  ,0.64,0.99,0.99,
 0.99,0.99,0.99,0.99,0.38,0.74,0.99,0.65,0.  ,0.  ,0.  ,0.  ,0.  ,0.  ,
 0.  ,0.  ,0.  ,0.  ,0.  ,0.  ,0.  ,0.  ,0.  ,0.  ,0.2 ,0.93,0.99,0.99,
 0.75,0.45,0.99,0.89,0.18,0.31,1.  ,0.66,0.  ,0.  ,0.  ,0.  ,0.  ,0.  ,
 0.  ,0.  ,0.  ,0.  ,0.  ,0.  ,0.  ,0.  ,0.  ,0.19,0.93,0.99,0.99,0.7 ,
 0.05,0.29,0.47,0.08,0.  ,0.  ,0.99,0.95,0.2 ,0.  ,0.  ,0.  ,0.  ,0.  ,
 0.  ,0.  ,0.  ,0.  ,0.  ,0.  ,0.  ,0.  ,0.15,0.65,0.99,0.91,0.82,0.33,
 0.  ,0.  ,0.  ,0.  ,0.  ,0.  ,0.99,0.99,0.65,0.  ,0.  ,0.  ,0.  ,0.  ,
 0.  ,0.  ,0.  ,0.  ,0.  ,0.  ,0.  ,0.03,0.7 ,0.99,0.94,0.28,0.07,0.11,
 0.  ,0.  ,0.  ,0.  ,0.  ,0.  ,0.99,0.99,0.76,0.  ,0.  ,0.  ,0.  ,0.  ,
 0.  ,0.  ,0.  ,0.  ,0.  ,0.  ,0.  ,0.22,0.99,0.99,0.25,0.  ,0.  ,0.  ,
 0.  ,0.  ,0.  ,0.  ,0.  ,0.  ,0.99,0.99,0.76,0.  ,0.  ,0.  ,0.  ,0.  ,
 0.  ,0.  ,0.  ,0.  ,0.  ,0.  ,0.  ,0.78,0.99,0.75,0.  ,0.  ,0.  ,0.  ,
 0.  ,0.  ,0.  ,0.  ,0.  ,0.  ,1.  ,0.99,0.77,0.  ,0.  ,0.  ,0.  ,0.  ,
 0.  ,0.  ,0.  ,0.  ,0.  ,0.  ,0.3 ,0.96,0.99,0.44,0.  ,0.  ,0.  ,0.  ,
 0.  ,0.  ,0.  ,0.  ,0.  ,0.  ,0.99,0.99,0.58,0.  ,0.  ,0.  ,0.  ,0.  ,
 0.  ,0.  ,0.  ,0.  ,0.  ,0.  ,0.33,0.99,0.9 ,0.1 ,0.  ,0.  ,0.  ,0.  ,
 0.  ,0.  ,0.  ,0.  ,0.03,0.53,0.99,0.73,0.05,0.  ,0.  ,0.  ,0.  ,0.  ,
 0.  ,0.  ,0.  ,0.  ,0.  ,0.  ,0.33,0.99,0.87,0.  ,0.  ,0.  ,0.  ,0.  ,
 0.  ,0.  ,0.  ,0.03,0.51,0.99,0.88,0.28,0.  ,0.  ,0.  ,0.  ,0.  ,0.  ,
 0.  ,0.  ,0.  ,0.  ,0.  ,0.  ,0.33,0.99,0.57,0.  ,0.  ,0.  ,0.  ,0.  ,
 0.  ,0.  ,0.19,0.65,0.99,0.68,0.  ,0.  ,0.  ,0.  ,0.  ,0.  ,0.  ,0.  ,
 0.  ,0.  ,0.  ,0.  ,0.  ,0.  ,0.34,0.99,0.88,0.  ,0.  ,0.  ,0.  ,0.  ,
 0.  ,0.45,0.93,0.99,0.64,0.  ,0.  ,0.  ,0.  ,0.  ,0.  ,0.  ,0.  ,0.  ,
 0.  ,0.  ,0.  ,0.  ,0.  ,0.  ,0.33,0.99,0.98,0.57,0.19,0.11,0.33,0.7 ,
 0.88,0.99,0.87,0.65,0.22,0.  ,0.  ,0.  ,0.  ,0.  ,0.  ,0.  ,0.  ,0.  ,
 0.  ,0.  ,0.  ,0.  ,0.  ,0.  ,0.33,0.99,0.99,0.99,0.9 ,0.84,0.99,0.99,
 0.99,0.77,0.51,0.  ,0.  ,0.  ,0.  ,0.  ,0.  ,0.  ,0.  ,0.  ,0.  ,0.  ,
 0.  ,0.  ,0.  ,0.  ,0.  ,0.  ,0.11,0.78,0.99,0.99,0.99,0.99,0.99,0.91,
 0.57,0.  ,0.  ,0.  ,0.  ,0.  ,0.  ,0.  ,0.  ,0.  ,0.  ,0.  ,0.  ,0.  ,
 0.  ,0.  ,0.  ,0.  ,0.  ,0.  ,0.  ,0.1 ,0.5 ,0.99,0.99,0.99,0.55,0.15,
 0.  ,0.  ,0.  ,0.  ,0.  ,0.  ,0.  ,0.  ,0.  ,0.  ,0.  ,0.  ,0.  ,0.  ,
 0.  ,0.  ,0.  ,0.  ,0.  ,0.  ,0.  ,0.  ,0.  ,0.  ,0.  ,0.  ,0.  ,0.  ,
 0.  ,0.  ,0.  ,0.  ,0.  ,0.  ,0.  ,0.  ,0.  ,0.  ,0.  ,0.  ,0.  ,0.  ,
 0.  ,0.  ,0.  ,0.  ,0.  ,0.  ,0.  ,0.  ,0.  ,0.  ,0.  ,0.  ,0.  ,0.  ,
 0.  ,0.  ,0.  ,0.  ,0.  ,0.  ,0.  ,0.  ,0.  ,0.  ,0.  ,0.  ,0.  ,0.  ,
 0.  ,0.  ,0.  ,0.  ,0.  ,0.  ,0.  ,0.  ,0.  ,0.  ,0.  ,0.  ,0.  ,0.  ,
 0.  ,0.  ,0.  ,0.  ,0.  ,0.  ,0.  ,0.  ,0.  ,0.  ,0.  ,0.  ,0.  ,0.  ,
 0.  ,0.  ,0.  ,0.  ,0.  ,0.  ,0.  ,0.  ,0.  ,0.  ,0.  ,0.  ,0.  ,0.  ,
 0.  ,0.  ,0.  ,0.  ,0.  ,0.  ,0.  ,0.  ,0.  ,0.  ,0.  ,0.  ,0.  ,0.  ]",0,"[[-1.3498e-02,-4.8979e-03, 3.8246e-04,...,-1.1013e-02, 1.8778e-05,
   6.3096e-03],
 [-3.5537e-03,-2.9871e-03,-1.3974e-02,...,-5.6679e-03,-8.3602e-04,
   3.3509e-03],
 [-9.8223e-03,-9.9293e-03, 7.9568e-03,...,-2.7545e-03,-1.1057e-03,
   2.5672e-03],
 ...,
 [-7.8604e-03, 8.0771e-03, 1.3596e-02,...,-1.0829e-03,-1.1537e-03,
   3.9063e-03],
 [-5.7794e-03, 6.6186e-03, 1.2320e-03,..., 2.1307e-03,-6.7002e-03,
   5.2298e-03],
 [-2.5870e-03, 1.2748e-02,-2.7763e-03,...,-8.5902e-03, 7.8897e-03,
  -3.5166e-03]]","[[-0.0149, 0.015 ,-0.0044,-0.0094, 0.0104, 0.0021, 0.0021, 0.001 ,-0.0023,
   0.0005]]","[ 1.7354,-0.7393,-0.2027, 0.0767,-0.7052, 0.2875, 0.1086,-0.1661,-0.1107,
 -0.1652]","[0.4177,0.0352,0.0601,0.0795,0.0364,0.0982,0.0821,0.0624,0.0659,0.0624]","[[0.,0.,0.,...,0.,0.,0.],
 [0.,0.,0.,...,0.,0.,0.],
 [0.,0.,0.,...,0.,0.,0.],
 ...,
 [0.,0.,0.,...,0.,0.,0.],
 [0.,0.,0.,...,0.,0.,0.],
 [0.,0.,0.,...,0.,0.,0.]]","[-0.5823, 0.0352, 0.0601, 0.0795, 0.0364, 0.0982, 0.0821, 0.0624, 0.0659,
  0.0624]","[[ 0.0198,-0.0283, 0.0068, 0.0197,-0.013 ,-0.0055,-0.0012,-0.0013, 0.0043,
  -0.0014]]"
8,"[0.  ,0.  ,0.  ,0.  ,0.  ,0.  ,0.  ,0.  ,0.  ,0.  ,0.  ,0.  ,0.  ,0.  ,
 0.  ,0.  ,0.  ,0.  ,0.  ,0.  ,0.  ,0.  ,0.  ,0.  ,0.  ,0.  ,0.  ,0.  ,
 0.  ,0.  ,0.  ,0.  ,0.  ,0.  ,0.  ,0.  ,0.  ,0.  ,0.  ,0.  ,0.  ,0.  ,
 0.  ,0.  ,0.  ,0.  ,0.  ,0.  ,0.  ,0.  ,0.  ,0.  ,0.  ,0.  ,0.  ,0.  ,
 0.  ,0.  ,0.  ,0.  ,0.  ,0.  ,0.  ,0.  ,0.  ,0.  ,0.  ,0.  ,0.  ,0.  ,
 0.  ,0.  ,0.  ,0.  ,0.  ,0.  ,0.  ,0.  ,0.  ,0.  ,0.  ,0.  ,0.  ,0.  ,
 0.  ,0.  ,0.  ,0.  ,0.  ,0.  ,0.  ,0.  ,0.  ,0.  ,0.  ,0.  ,0.  ,0.  ,
 0.  ,0.  ,0.  ,0.  ,0.  ,0.  ,0.  ,0.  ,0.  ,0.  ,0.  ,0.  ,0.  ,0.  ,
 0.  ,0.  ,0.  ,0.  ,0.  ,0.  ,0.  ,0.  ,0.  ,0.  ,0.  ,0.  ,0.  ,0.  ,
 0.  ,0.2 ,0.62,0.99,0.62,0.2 ,0.  ,0.  ,0.  ,0.  ,0.  ,0.  ,0.  ,0.  ,
 0.  ,0.  ,0.  ,0.  ,0.  ,0.  ,0.  ,0.  ,0.  ,0.  ,0.  ,0.  ,0.  ,0.  ,
 0.19,0.93,0.99,0.99,0.99,0.93,0.  ,0.  ,0.  ,0.  ,0.  ,0.  ,0.  ,0.  ,
 0.  ,0.  ,0.  ,0.  ,0.  ,0.  ,0.  ,0.  ,0.  ,0.  ,0.  ,0.  ,0.  ,0.21,
 0.89,0.99,0.99,0.94,0.91,0.99,0.22,0.02,0.  ,0.  ,0.  ,0.  ,0.  ,0.  ,
 0.  ,0.  ,0.  ,0.  ,0.  ,0.  ,0.  ,0.  ,0.  ,0.  ,0.  ,0.04,0.24,0.88,
 0.99,0.99,0.99,0.79,0.33,0.99,0.99,0.48,0.  ,0.  ,0.  ,0.  ,0.  ,0.  ,
 0.  ,0.  ,0.  ,0.  ,0.  ,0.  ,0.  ,0.  ,0.  ,0.  ,0.  ,0.64,0.99,0.99,
 0.99,0.99,0.99,0.99,0.38,0.74,0.99,0.65,0.  ,0.  ,0.  ,0.  ,0.  ,0.  ,
 0.  ,0.  ,0.  ,0.  ,0.  ,0.  ,0.  ,0.  ,0.  ,0.  ,0.2 ,0.93,0.99,0.99,
 0.75,0.45,0.99,0.89,0.18,0.31,1.  ,0.66,0.  ,0.  ,0.  ,0.  ,0.  ,0.  ,
 0.  ,0.  ,0.  ,0.  ,0.  ,0.  ,0.  ,0.  ,0.  ,0.19,0.93,0.99,0.99,0.7 ,
 0.05,0.29,0.47,0.08,0.  ,0.  ,0.99,0.95,0.2 ,0.  ,0.  ,0.  ,0.  ,0.  ,
 0.  ,0.  ,0.  ,0.  ,0.  ,0.  ,0.  ,0.  ,0.15,0.65,0.99,0.91,0.82,0.33,
 0.  ,0.  ,0.  ,0.  ,0.  ,0.  ,0.99,0.99,0.65,0.  ,0.  ,0.  ,0.  ,0.  ,
 0.  ,0.  ,0.  ,0.  ,0.  ,0.  ,0.  ,0.03,0.7 ,0.99,0.94,0.28,0.07,0.11,
 0.  ,0.  ,0.  ,0.  ,0.  ,0.  ,0.99,0.99,0.76,0.  ,0.  ,0.  ,0.  ,0.  ,
 0.  ,0.  ,0.  ,0.  ,0.  ,0.  ,0.  ,0.22,0.99,0.99,0.25,0.  ,0.  ,0.  ,
 0.  ,0.  ,0.  ,0.  ,0.  ,0.  ,0.99,0.99,0.76,0.  ,0.  ,0.  ,0.  ,0.  ,
 0.  ,0.  ,0.  ,0.  ,0.  ,0.  ,0.  ,0.78,0.99,0.75,0.  ,0.  ,0.  ,0.  ,
 0.  ,0.  ,0.  ,0.  ,0.  ,0.  ,1.  ,0.99,0.77,0.  ,0.  ,0.  ,0.  ,0.  ,
 0.  ,0.  ,0.  ,0.  ,0.  ,0.  ,0.3 ,0.96,0.99,0.44,0.  ,0.  ,0.  ,0.  ,
 0.  ,0.  ,0.  ,0.  ,0.  ,0.  ,0.99,0.99,0.58,0.  ,0.  ,0.  ,0.  ,0.  ,
 0.  ,0.  ,0.  ,0.  ,0.  ,0.  ,0.33,0.99,0.9 ,0.1 ,0.  ,0.  ,0.  ,0.  ,
 0.  ,0.  ,0.  ,0.  ,0.03,0.53,0.99,0.73,0.05,0.  ,0.  ,0.  ,0.  ,0.  ,
 0.  ,0.  ,0.  ,0.  ,0.  ,0.  ,0.33,0.99,0.87,0.  ,0.  ,0.  ,0.  ,0.  ,
 0.  ,0.  ,0.  ,0.03,0.51,0.99,0.88,0.28,0.  ,0.  ,0.  ,0.  ,0.  ,0.  ,
 0.  ,0.  ,0.  ,0.  ,0.  ,0.  ,0.33,0.99,0.57,0.  ,0.  ,0.  ,0.  ,0.  ,
 0.  ,0.  ,0.19,0.65,0.99,0.68,0.  ,0.  ,0.  ,0.  ,0.  ,0.  ,0.  ,0.  ,
 0.  ,0.  ,0.  ,0.  ,0.  ,0.  ,0.34,0.99,0.88,0.  ,0.  ,0.  ,0.  ,0.  ,
 0.  ,0.45,0.93,0.99,0.64,0.  ,0.  ,0.  ,0.  ,0.  ,0.  ,0.  ,0.  ,0.  ,
 0.  ,0.  ,0.  ,0.  ,0.  ,0.  ,0.33,0.99,0.98,0.57,0.19,0.11,0.33,0.7 ,
 0.88,0.99,0.87,0.65,0.22,0.  ,0.  ,0.  ,0.  ,0.  ,0.  ,0.  ,0.  ,0.  ,
 0.  ,0.  ,0.  ,0.  ,0.  ,0.  ,0.33,0.99,0.99,0.99,0.9 ,0.84,0.99,0.99,
 0.99,0.77,0.51,0.  ,0.  ,0.  ,0.  ,0.  ,0.  ,0.  ,0.  ,0.  ,0.  ,0.  ,
 0.  ,0.  ,0.  ,0.  ,0.  ,0.  ,0.11,0.78,0.99,0.99,0.99,0.99,0.99,0.91,
 0.57,0.  ,0.  ,0.  ,0.  ,0.  ,0.  ,0.  ,0.  ,0.  ,0.  ,0.  ,0.  ,0.  ,
 0.  ,0.  ,0.  ,0.  ,0.  ,0.  ,0.  ,0.1 ,0.5 ,0.99,0.99,0.99,0.55,0.15,
 0.  ,0.  ,0.  ,0.  ,0.  ,0.  ,0.  ,0.  ,0.  ,0.  ,0.  ,0.  ,0.  ,0.  ,
 0.  ,0.  ,0.  ,0.  ,0.  ,0.  ,0.  ,0.  ,0.  ,0.  ,0.  ,0.  ,0.  ,0.  ,
 0.  ,0.  ,0.  ,0.  ,0.  ,0.  ,0.  ,0.  ,0.  ,0.  ,0.  ,0.  ,0.  ,0.  ,
 0.  ,0.  ,0.  ,0.  ,0.  ,0.  ,0.  ,0.  ,0.  ,0.  ,0.  ,0.  ,0.  ,0.  ,
 0.  ,0.  ,0.  ,0.  ,0.  ,0.  ,0.  ,0.  ,0.  ,0.  ,0.  ,0.  ,0.  ,0.  ,
 0.  ,0.  ,0.  ,0.  ,0.  ,0.  ,0.  ,0.  ,0.  ,0.  ,0.  ,0.  ,0.  ,0.  ,
 0.  ,0.  ,0.  ,0.  ,0.  ,0.  ,0.  ,0.  ,0.  ,0.  ,0.  ,0.  ,0.  ,0.  ,
 0.  ,0.  ,0.  ,0.  ,0.  ,0.  ,0.  ,0.  ,0.  ,0.  ,0.  ,0.  ,0.  ,0.  ,
 0.  ,0.  ,0.  ,0.  ,0.  ,0.  ,0.  ,0.  ,0.  ,0.  ,0.  ,0.  ,0.  ,0.  ]",0,"[[-1.3498e-02,-4.8979e-03, 3.8246e-04,...,-1.1013e-02, 1.8778e-05,
   6.3096e-03],
 [-3.5537e-03,-2.9871e-03,-1.3974e-02,...,-5.6679e-03,-8.3602e-04,
   3.3509e-03],
 [-9.8223e-03,-9.9293e-03, 7.9568e-03,...,-2.7545e-03,-1.1057e-03,
   2.5672e-03],
 ...,
 [-7.8604e-03, 8.0771e-03, 1.3596e-02,...,-1.0829e-03,-1.1537e-03,
   3.9063e-03],
 [-5.7794e-03, 6.6186e-03, 1.2320e-03,..., 2.1307e-03,-6.7002e-03,
   5.2298e-03],
 [-2.5870e-03, 1.2748e-02,-2.7763e-03,...,-8.5902e-03, 7.8897e-03,
  -3.5166e-03]]","[[-0.0168, 0.0178,-0.0051,-0.0114, 0.0116, 0.0026, 0.0022, 0.0011,-0.0027,
   0.0006]]","[ 1.8995,-0.8053,-0.2388, 0.0654,-0.7688, 0.3283, 0.1225,-0.1816,-0.1184,
 -0.184 ]","[0.4602,0.0308,0.0542,0.0735,0.0319,0.0956,0.0778,0.0574,0.0612,0.0573]","[[0.,0.,0.,...,0.,0.,0.],
 [0.,0.,0.,...,0.,0.,0.],
 [0.,0.,0.,...,0.,0.,0.],
 ...,
 [0.,0.,0.,...,0.,0.,0.],
 [0.,0.,0.,...,0.,0.,0.],
 [0.,0.,0.,...,0.,0.,0.]]","[-0.5398, 0.0308, 0.0542, 0.0735, 0.0319, 0.0956, 0.0778, 0.0574, 0.0612,
  0.0573]","[[ 0.0191,-0.0281, 0.0069, 0.0194,-0.0126,-0.0057,-0.001 ,-0.0009, 0.0043,
  -0.0013]]"
9,"[0.  ,0.  ,0.  ,0.  ,0.  ,0.  ,0.  ,0.  ,0.  ,0.  ,0.  ,0.  ,0.  ,0.  ,
 0.  ,0.  ,0.  ,0.  ,0.  ,0.  ,0.  ,0.  ,0.  ,0.  ,0.  ,0.  ,0.  ,0.  ,
 0.  ,0.  ,0.  ,0.  ,0.  ,0.  ,0.  ,0.  ,0.  ,0.  ,0.  ,0.  ,0.  ,0.  ,
 0.  ,0.  ,0.  ,0.  ,0.  ,0.  ,0.  ,0.  ,0.  ,0.  ,0.  ,0.  ,0.  ,0.  ,
 0.  ,0.  ,0.  ,0.  ,0.  ,0.  ,0.  ,0.  ,0.  ,0.  ,0.  ,0.  ,0.  ,0.  ,
 0.  ,0.  ,0.  ,0.  ,0.  ,0.  ,0.  ,0.  ,0.  ,0.  ,0.  ,0.  ,0.  ,0.  ,
 0.  ,0.  ,0.  ,0.  ,0.  ,0.  ,0.  ,0.  ,0.  ,0.  ,0.  ,0.  ,0.  ,0.  ,
 0.  ,0.  ,0.  ,0.  ,0.  ,0.  ,0.  ,0.  ,0.  ,0.  ,0.  ,0.  ,0.  ,0.  ,
 0.  ,0.  ,0.  ,0.  ,0.  ,0.  ,0.  ,0.  ,0.  ,0.  ,0.  ,0.  ,0.  ,0.  ,
 0.  ,0.2 ,0.62,0.99,0.62,0.2 ,0.  ,0.  ,0.  ,0.  ,0.  ,0.  ,0.  ,0.  ,
 0.  ,0.  ,0.  ,0.  ,0.  ,0.  ,0.  ,0.  ,0.  ,0.  ,0.  ,0.  ,0.  ,0.  ,
 0.19,0.93,0.99,0.99,0.99,0.93,0.  ,0.  ,0.  ,0.  ,0.  ,0.  ,0.  ,0.  ,
 0.  ,0.  ,0.  ,0.  ,0.  ,0.  ,0.  ,0.  ,0.  ,0.  ,0.  ,0.  ,0.  ,0.21,
 0.89,0.99,0.99,0.94,0.91,0.99,0.22,0.02,0.  ,0.  ,0.  ,0.  ,0.  ,0.  ,
 0.  ,0.  ,0.  ,0.  ,0.  ,0.  ,0.  ,0.  ,0.  ,0.  ,0.  ,0.04,0.24,0.88,
 0.99,0.99,0.99,0.79,0.33,0.99,0.99,0.48,0.  ,0.  ,0.  ,0.  ,0.  ,0.  ,
 0.  ,0.  ,0.  ,0.  ,0.  ,0.  ,0.  ,0.  ,0.  ,0.  ,0.  ,0.64,0.99,0.99,
 0.99,0.99,0.99,0.99,0.38,0.74,0.99,0.65,0.  ,0.  ,0.  ,0.  ,0.  ,0.  ,
 0.  ,0.  ,0.  ,0.  ,0.  ,0.  ,0.  ,0.  ,0.  ,0.  ,0.2 ,0.93,0.99,0.99,
 0.75,0.45,0.99,0.89,0.18,0.31,1.  ,0.66,0.  ,0.  ,0.  ,0.  ,0.  ,0.  ,
 0.  ,0.  ,0.  ,0.  ,0.  ,0.  ,0.  ,0.  ,0.  ,0.19,0.93,0.99,0.99,0.7 ,
 0.05,0.29,0.47,0.08,0.  ,0.  ,0.99,0.95,0.2 ,0.  ,0.  ,0.  ,0.  ,0.  ,
 0.  ,0.  ,0.  ,0.  ,0.  ,0.  ,0.  ,0.  ,0.15,0.65,0.99,0.91,0.82,0.33,
 0.  ,0.  ,0.  ,0.  ,0.  ,0.  ,0.99,0.99,0.65,0.  ,0.  ,0.  ,0.  ,0.  ,
 0.  ,0.  ,0.  ,0.  ,0.  ,0.  ,0.  ,0.03,0.7 ,0.99,0.94,0.28,0.07,0.11,
 0.  ,0.  ,0.  ,0.  ,0.  ,0.  ,0.99,0.99,0.76,0.  ,0.  ,0.  ,0.  ,0.  ,
 0.  ,0.  ,0.  ,0.  ,0.  ,0.  ,0.  ,0.22,0.99,0.99,0.25,0.  ,0.  ,0.  ,
 0.  ,0.  ,0.  ,0.  ,0.  ,0.  ,0.99,0.99,0.76,0.  ,0.  ,0.  ,0.  ,0.  ,
 0.  ,0.  ,0.  ,0.  ,0.  ,0.  ,0.  ,0.78,0.99,0.75,0.  ,0.  ,0.  ,0.  ,
 0.  ,0.  ,0.  ,0.  ,0.  ,0.  ,1.  ,0.99,0.77,0.  ,0.  ,0.  ,0.  ,0.  ,
 0.  ,0.  ,0.  ,0.  ,0.  ,0.  ,0.3 ,0.96,0.99,0.44,0.  ,0.  ,0.  ,0.  ,
 0.  ,0.  ,0.  ,0.  ,0.  ,0.  ,0.99,0.99,0.58,0.  ,0.  ,0.  ,0.  ,0.  ,
 0.  ,0.  ,0.  ,0.  ,0.  ,0.  ,0.33,0.99,0.9 ,0.1 ,0.  ,0.  ,0.  ,0.  ,
 0.  ,0.  ,0.  ,0.  ,0.03,0.53,0.99,0.73,0.05,0.  ,0.  ,0.  ,0.  ,0.  ,
 0.  ,0.  ,0.  ,0.  ,0.  ,0.  ,0.33,0.99,0.87,0.  ,0.  ,0.  ,0.  ,0.  ,
 0.  ,0.  ,0.  ,0.03,0.51,0.99,0.88,0.28,0.  ,0.  ,0.  ,0.  ,0.  ,0.  ,
 0.  ,0.  ,0.  ,0.  ,0.  ,0.  ,0.33,0.99,0.57,0.  ,0.  ,0.  ,0.  ,0.  ,
 0.  ,0.  ,0.19,0.65,0.99,0.68,0.  ,0.  ,0.  ,0.  ,0.  ,0.  ,0.  ,0.  ,
 0.  ,0.  ,0.  ,0.  ,0.  ,0.  ,0.34,0.99,0.88,0.  ,0.  ,0.  ,0.  ,0.  ,
 0.  ,0.45,0.93,0.99,0.64,0.  ,0.  ,0.  ,0.  ,0.  ,0.  ,0.  ,0.  ,0.  ,
 0.  ,0.  ,0.  ,0.  ,0.  ,0.  ,0.33,0.99,0.98,0.57,0.19,0.11,0.33,0.7 ,
 0.88,0.99,0.87,0.65,0.22,0.  ,0.  ,0.  ,0.  ,0.  ,0.  ,0.  ,0.  ,0.  ,
 0.  ,0.  ,0.  ,0.  ,0.  ,0.  ,0.33,0.99,0.99,0.99,0.9 ,0.84,0.99,0.99,
 0.99,0.77,0.51,0.  ,0.  ,0.  ,0.  ,0.  ,0.  ,0.  ,0.  ,0.  ,0.  ,0.  ,
 0.  ,0.  ,0.  ,0.  ,0.  ,0.  ,0.11,0.78,0.99,0.99,0.99,0.99,0.99,0.91,
 0.57,0.  ,0.  ,0.  ,0.  ,0.  ,0.  ,0.  ,0.  ,0.  ,0.  ,0.  ,0.  ,0.  ,
 0.  ,0.  ,0.  ,0.  ,0.  ,0.  ,0.  ,0.1 ,0.5 ,0.99,0.99,0.99,0.55,0.15,
 0.  ,0.  ,0.  ,0.  ,0.  ,0.  ,0.  ,0.  ,0.  ,0.  ,0.  ,0.  ,0.  ,0.  ,
 0.  ,0.  ,0.  ,0.  ,0.  ,0.  ,0.  ,0.  ,0.  ,0.  ,0.  ,0.  ,0.  ,0.  ,
 0.  ,0.  ,0.  ,0.  ,0.  ,0.  ,0.  ,0.  ,0.  ,0.  ,0.  ,0.  ,0.  ,0.  ,
 0.  ,0.  ,0.  ,0.  ,0.  ,0.  ,0.  ,0.  ,0.  ,0.  ,0.  ,0.  ,0.  ,0.  ,
 0.  ,0.  ,0.  ,0.  ,0.  ,0.  ,0.  ,0.  ,0.  ,0.  ,0.  ,0.  ,0.  ,0.  ,
 0.  ,0.  ,0.  ,0.  ,0.  ,0.  ,0.  ,0.  ,0.  ,0.  ,0.  ,0.  ,0.  ,0.  ,
 0.  ,0.  ,0.  ,0.  ,0.  ,0.  ,0.  ,0.  ,0.  ,0.  ,0.  ,0.  ,0.  ,0.  ,
 0.  ,0.  ,0.  ,0.  ,0.  ,0.  ,0.  ,0.  ,0.  ,0.  ,0.  ,0.  ,0.  ,0.  ,
 0.  ,0.  ,0.  ,0.  ,0.  ,0.  ,0.  ,0.  ,0.  ,0.  ,0.  ,0.  ,0.  ,0.  ]",0,"[[-1.3498e-02,-4.8979e-03, 3.8246e-04,...,-1.1013e-02, 1.8778e-05,
   6.3096e-03],
 [-3.5537e-03,-2.9871e-03,-1.3974e-02,...,-5.6679e-03,-8.3602e-04,
   3.3509e-03],
 [-9.8223e-03,-9.9293e-03, 7.9568e-03,...,-2.7545e-03,-1.1057e-03,
   2.5672e-03],
 ...,
 [-7.8604e-03, 8.0771e-03, 1.3596e-02,...,-1.0829e-03,-1.1537e-03,
   3.9063e-03],
 [-5.7794e-03, 6.6186e-03, 1.2320e-03,..., 2.1307e-03,-6.7002e-03,
   5.2298e-03],
 [-2.5870e-03, 1.2748e-02,-2.7763e-03,...,-8.5902e-03, 7.8897e-03,
  -3.5166e-03]]","[[-0.0187, 0.0205,-0.0058,-0.0133, 0.0129, 0.0032, 0.0023, 0.0012,-0.0031,
   0.0007]]","[ 2.0515,-0.8662,-0.2744, 0.0538,-0.8296, 0.3694, 0.1356,-0.1967,-0.124 ,
 -0.2006]","[0.4998,0.027 ,0.0488,0.0678,0.028 ,0.0929,0.0736,0.0528,0.0567,0.0526]","[[0.,0.,0.,...,0.,0.,0.],
 [0.,0.,0.,...,0.,0.,0.],
 [0.,0.,0.,...,0.,0.,0.],
 ...,
 [0.,0.,0.,...,0.,0.,0.],
 [0.,0.,0.,...,0.,0.,0.],
 [0.,0.,0.,...,0.,0.,0.]]","[-0.5002, 0.027 , 0.0488, 0.0678, 0.028 , 0.0929, 0.0736, 0.0528, 0.0567,
  0.0526]","[[ 0.0183,-0.0278, 0.0069, 0.019 ,-0.0122,-0.0058,-0.0008,-0.0006, 0.0042,
  -0.0012]]"
10,"[0.  ,0.  ,0.  ,0.  ,0.  ,0.  ,0.  ,0.  ,0.  ,0.  ,0.  ,0.  ,0.  ,0.  ,
 0.  ,0.  ,0.  ,0.  ,0.  ,0.  ,0.  ,0.  ,0.  ,0.  ,0.  ,0.  ,0.  ,0.  ,
 0.  ,0.  ,0.  ,0.  ,0.  ,0.  ,0.  ,0.  ,0.  ,0.  ,0.  ,0.  ,0.  ,0.  ,
 0.  ,0.  ,0.  ,0.  ,0.  ,0.  ,0.  ,0.  ,0.  ,0.  ,0.  ,0.  ,0.  ,0.  ,
 0.  ,0.  ,0.  ,0.  ,0.  ,0.  ,0.  ,0.  ,0.  ,0.  ,0.  ,0.  ,0.  ,0.  ,
 0.  ,0.  ,0.  ,0.  ,0.  ,0.  ,0.  ,0.  ,0.  ,0.  ,0.  ,0.  ,0.  ,0.  ,
 0.  ,0.  ,0.  ,0.  ,0.  ,0.  ,0.  ,0.  ,0.  ,0.  ,0.  ,0.  ,0.  ,0.  ,
 0.  ,0.  ,0.  ,0.  ,0.  ,0.  ,0.  ,0.  ,0.  ,0.  ,0.  ,0.  ,0.  ,0.  ,
 0.  ,0.  ,0.  ,0.  ,0.  ,0.  ,0.  ,0.  ,0.  ,0.  ,0.  ,0.  ,0.  ,0.  ,
 0.  ,0.2 ,0.62,0.99,0.62,0.2 ,0.  ,0.  ,0.  ,0.  ,0.  ,0.  ,0.  ,0.  ,
 0.  ,0.  ,0.  ,0.  ,0.  ,0.  ,0.  ,0.  ,0.  ,0.  ,0.  ,0.  ,0.  ,0.  ,
 0.19,0.93,0.99,0.99,0.99,0.93,0.  ,0.  ,0.  ,0.  ,0.  ,0.  ,0.  ,0.  ,
 0.  ,0.  ,0.  ,0.  ,0.  ,0.  ,0.  ,0.  ,0.  ,0.  ,0.  ,0.  ,0.  ,0.21,
 0.89,0.99,0.99,0.94,0.91,0.99,0.22,0.02,0.  ,0.  ,0.  ,0.  ,0.  ,0.  ,
 0.  ,0.  ,0.  ,0.  ,0.  ,0.  ,0.  ,0.  ,0.  ,0.  ,0.  ,0.04,0.24,0.88,
 0.99,0.99,0.99,0.79,0.33,0.99,0.99,0.48,0.  ,0.  ,0.  ,0.  ,0.  ,0.  ,
 0.  ,0.  ,0.  ,0.  ,0.  ,0.  ,0.  ,0.  ,0.  ,0.  ,0.  ,0.64,0.99,0.99,
 0.99,0.99,0.99,0.99,0.38,0.74,0.99,0.65,0.  ,0.  ,0.  ,0.  ,0.  ,0.  ,
 0.  ,0.  ,0.  ,0.  ,0.  ,0.  ,0.  ,0.  ,0.  ,0.  ,0.2 ,0.93,0.99,0.99,
 0.75,0.45,0.99,0.89,0.18,0.31,1.  ,0.66,0.  ,0.  ,0.  ,0.  ,0.  ,0.  ,
 0.  ,0.  ,0.  ,0.  ,0.  ,0.  ,0.  ,0.  ,0.  ,0.19,0.93,0.99,0.99,0.7 ,
 0.05,0.29,0.47,0.08,0.  ,0.  ,0.99,0.95,0.2 ,0.  ,0.  ,0.  ,0.  ,0.  ,
 0.  ,0.  ,0.  ,0.  ,0.  ,0.  ,0.  ,0.  ,0.15,0.65,0.99,0.91,0.82,0.33,
 0.  ,0.  ,0.  ,0.  ,0.  ,0.  ,0.99,0.99,0.65,0.  ,0.  ,0.  ,0.  ,0.  ,
 0.  ,0.  ,0.  ,0.  ,0.  ,0.  ,0.  ,0.03,0.7 ,0.99,0.94,0.28,0.07,0.11,
 0.  ,0.  ,0.  ,0.  ,0.  ,0.  ,0.99,0.99,0.76,0.  ,0.  ,0.  ,0.  ,0.  ,
 0.  ,0.  ,0.  ,0.  ,0.  ,0.  ,0.  ,0.22,0.99,0.99,0.25,0.  ,0.  ,0.  ,
 0.  ,0.  ,0.  ,0.  ,0.  ,0.  ,0.99,0.99,0.76,0.  ,0.  ,0.  ,0.  ,0.  ,
 0.  ,0.  ,0.  ,0.  ,0.  ,0.  ,0.  ,0.78,0.99,0.75,0.  ,0.  ,0.  ,0.  ,
 0.  ,0.  ,0.  ,0.  ,0.  ,0.  ,1.  ,0.99,0.77,0.  ,0.  ,0.  ,0.  ,0.  ,
 0.  ,0.  ,0.  ,0.  ,0.  ,0.  ,0.3 ,0.96,0.99,0.44,0.  ,0.  ,0.  ,0.  ,
 0.  ,0.  ,0.  ,0.  ,0.  ,0.  ,0.99,0.99,0.58,0.  ,0.  ,0.  ,0.  ,0.  ,
 0.  ,0.  ,0.  ,0.  ,0.  ,0.  ,0.33,0.99,0.9 ,0.1 ,0.  ,0.  ,0.  ,0.  ,
 0.  ,0.  ,0.  ,0.  ,0.03,0.53,0.99,0.73,0.05,0.  ,0.  ,0.  ,0.  ,0.  ,
 0.  ,0.  ,0.  ,0.  ,0.  ,0.  ,0.33,0.99,0.87,0.  ,0.  ,0.  ,0.  ,0.  ,
 0.  ,0.  ,0.  ,0.03,0.51,0.99,0.88,0.28,0.  ,0.  ,0.  ,0.  ,0.  ,0.  ,
 0.  ,0.  ,0.  ,0.  ,0.  ,0.  ,0.33,0.99,0.57,0.  ,0.  ,0.  ,0.  ,0.  ,
 0.  ,0.  ,0.19,0.65,0.99,0.68,0.  ,0.  ,0.  ,0.  ,0.  ,0.  ,0.  ,0.  ,
 0.  ,0.  ,0.  ,0.  ,0.  ,0.  ,0.34,0.99,0.88,0.  ,0.  ,0.  ,0.  ,0.  ,
 0.  ,0.45,0.93,0.99,0.64,0.  ,0.  ,0.  ,0.  ,0.  ,0.  ,0.  ,0.  ,0.  ,
 0.  ,0.  ,0.  ,0.  ,0.  ,0.  ,0.33,0.99,0.98,0.57,0.19,0.11,0.33,0.7 ,
 0.88,0.99,0.87,0.65,0.22,0.  ,0.  ,0.  ,0.  ,0.  ,0.  ,0.  ,0.  ,0.  ,
 0.  ,0.  ,0.  ,0.  ,0.  ,0.  ,0.33,0.99,0.99,0.99,0.9 ,0.84,0.99,0.99,
 0.99,0.77,0.51,0.  ,0.  ,0.  ,0.  ,0.  ,0.  ,0.  ,0.  ,0.  ,0.  ,0.  ,
 0.  ,0.  ,0.  ,0.  ,0.  ,0.  ,0.11,0.78,0.99,0.99,0.99,0.99,0.99,0.91,
 0.57,0.  ,0.  ,0.  ,0.  ,0.  ,0.  ,0.  ,0.  ,0.  ,0.  ,0.  ,0.  ,0.  ,
 0.  ,0.  ,0.  ,0.  ,0.  ,0.  ,0.  ,0.1 ,0.5 ,0.99,0.99,0.99,0.55,0.15,
 0.  ,0.  ,0.  ,0.  ,0.  ,0.  ,0.  ,0.  ,0.  ,0.  ,0.  ,0.  ,0.  ,0.  ,
 0.  ,0.  ,0.  ,0.  ,0.  ,0.  ,0.  ,0.  ,0.  ,0.  ,0.  ,0.  ,0.  ,0.  ,
 0.  ,0.  ,0.  ,0.  ,0.  ,0.  ,0.  ,0.  ,0.  ,0.  ,0.  ,0.  ,0.  ,0.  ,
 0.  ,0.  ,0.  ,0.  ,0.  ,0.  ,0.  ,0.  ,0.  ,0.  ,0.  ,0.  ,0.  ,0.  ,
 0.  ,0.  ,0.  ,0.  ,0.  ,0.  ,0.  ,0.  ,0.  ,0.  ,0.  ,0.  ,0.  ,0.  ,
 0.  ,0.  ,0.  ,0.  ,0.  ,0.  ,0.  ,0.  ,0.  ,0.  ,0.  ,0.  ,0.  ,0.  ,
 0.  ,0.  ,0.  ,0.  ,0.  ,0.  ,0.  ,0.  ,0.  ,0.  ,0.  ,0.  ,0.  ,0.  ,
 0.  ,0.  ,0.  ,0.  ,0.  ,0.  ,0.  ,0.  ,0.  ,0.  ,0.  ,0.  ,0.  ,0.  ,
 0.  ,0.  ,0.  ,0.  ,0.  ,0.  ,0.  ,0.  ,0.  ,0.  ,0.  ,0.  ,0.  ,0.  ]",0,"[[-1.3498e-02,-4.8979e-03, 3.8246e-04,...,-1.1013e-02, 1.8778e-05,
   6.3096e-03],
 [-3.5537e-03,-2.9871e-03,-1.3974e-02,...,-5.6679e-03,-8.3602e-04,
   3.3509e-03],
 [-9.8223e-03,-9.9293e-03, 7.9568e-03,...,-2.7545e-03,-1.1057e-03,
   2.5672e-03],
 ...,
 [-7.8604e-03, 8.0771e-03, 1.3596e-02,...,-1.0829e-03,-1.1537e-03,
   3.9063e-03],
 [-5.7794e-03, 6.6186e-03, 1.2320e-03,..., 2.1307e-03,-6.7002e-03,
   5.2298e-03],
 [-2.5870e-03, 1.2748e-02,-2.7763e-03,...,-8.5902e-03, 7.8897e-03,
  -3.5166e-03]]","[[-0.0204, 0.0233,-0.0064,-0.0151, 0.014 , 0.0038, 0.0024, 0.0012,-0.0035,
   0.0008]]","[ 2.1928,-0.9233,-0.3092, 0.0425,-0.888 , 0.4104, 0.148 ,-0.2112,-0.1278,
 -0.2153]","[0.5363,0.0238,0.0439,0.0624,0.0246,0.0902,0.0694,0.0484,0.0527,0.0483]","[[0.,0.,0.,...,0.,0.,0.],
 [0.,0.,0.,...,0.,0.,0.],
 [0.,0.,0.,...,0.,0.,0.],
 ...,
 [0.,0.,0.,...,0.,0.,0.],
 [0.,0.,0.,...,0.,0.,0.],
 [0.,0.,0.,...,0.,0.,0.]]","[-0.4637, 0.0238, 0.0439, 0.0624, 0.0246, 0.0902, 0.0694, 0.0484, 0.0527,
  0.0483]","[[ 0.0176,-0.0272, 0.0068, 0.0185,-0.0119,-0.0059,-0.0007,-0.0003, 0.0041,
  -0.0011]]"
11,"[0.  ,0.  ,0.  ,0.  ,0.  ,0.  ,0.  ,0.  ,0.  ,0.  ,0.  ,0.  ,0.  ,0.  ,
 0.  ,0.  ,0.  ,0.  ,0.  ,0.  ,0.  ,0.  ,0.  ,0.  ,0.  ,0.  ,0.  ,0.  ,
 0.  ,0.  ,0.  ,0.  ,0.  ,0.  ,0.  ,0.  ,0.  ,0.  ,0.  ,0.  ,0.  ,0.  ,
 0.  ,0.  ,0.  ,0.  ,0.  ,0.  ,0.  ,0.  ,0.  ,0.  ,0.  ,0.  ,0.  ,0.  ,
 0.  ,0.  ,0.  ,0.  ,0.  ,0.  ,0.  ,0.  ,0.  ,0.  ,0.  ,0.  ,0.  ,0.  ,
 0.  ,0.  ,0.  ,0.  ,0.  ,0.  ,0.  ,0.  ,0.  ,0.  ,0.  ,0.  ,0.  ,0.  ,
 0.  ,0.  ,0.  ,0.  ,0.  ,0.  ,0.  ,0.  ,0.  ,0.  ,0.  ,0.  ,0.  ,0.  ,
 0.  ,0.  ,0.  ,0.  ,0.  ,0.  ,0.  ,0.  ,0.  ,0.  ,0.  ,0.  ,0.  ,0.  ,
 0.  ,0.  ,0.  ,0.  ,0.  ,0.  ,0.  ,0.  ,0.  ,0.  ,0.  ,0.  ,0.  ,0.  ,
 0.  ,0.2 ,0.62,0.99,0.62,0.2 ,0.  ,0.  ,0.  ,0.  ,0.  ,0.  ,0.  ,0.  ,
 0.  ,0.  ,0.  ,0.  ,0.  ,0.  ,0.  ,0.  ,0.  ,0.  ,0.  ,0.  ,0.  ,0.  ,
 0.19,0.93,0.99,0.99,0.99,0.93,0.  ,0.  ,0.  ,0.  ,0.  ,0.  ,0.  ,0.  ,
 0.  ,0.  ,0.  ,0.  ,0.  ,0.  ,0.  ,0.  ,0.  ,0.  ,0.  ,0.  ,0.  ,0.21,
 0.89,0.99,0.99,0.94,0.91,0.99,0.22,0.02,0.  ,0.  ,0.  ,0.  ,0.  ,0.  ,
 0.  ,0.  ,0.  ,0.  ,0.  ,0.  ,0.  ,0.  ,0.  ,0.  ,0.  ,0.04,0.24,0.88,
 0.99,0.99,0.99,0.79,0.33,0.99,0.99,0.48,0.  ,0.  ,0.  ,0.  ,0.  ,0.  ,
 0.  ,0.  ,0.  ,0.  ,0.  ,0.  ,0.  ,0.  ,0.  ,0.  ,0.  ,0.64,0.99,0.99,
 0.99,0.99,0.99,0.99,0.38,0.74,0.99,0.65,0.  ,0.  ,0.  ,0.  ,0.  ,0.  ,
 0.  ,0.  ,0.  ,0.  ,0.  ,0.  ,0.  ,0.  ,0.  ,0.  ,0.2 ,0.93,0.99,0.99,
 0.75,0.45,0.99,0.89,0.18,0.31,1.  ,0.66,0.  ,0.  ,0.  ,0.  ,0.  ,0.  ,
 0.  ,0.  ,0.  ,0.  ,0.  ,0.  ,0.  ,0.  ,0.  ,0.19,0.93,0.99,0.99,0.7 ,
 0.05,0.29,0.47,0.08,0.  ,0.  ,0.99,0.95,0.2 ,0.  ,0.  ,0.  ,0.  ,0.  ,
 0.  ,0.  ,0.  ,0.  ,0.  ,0.  ,0.  ,0.  ,0.15,0.65,0.99,0.91,0.82,0.33,
 0.  ,0.  ,0.  ,0.  ,0.  ,0.  ,0.99,0.99,0.65,0.  ,0.  ,0.  ,0.  ,0.  ,
 0.  ,0.  ,0.  ,0.  ,0.  ,0.  ,0.  ,0.03,0.7 ,0.99,0.94,0.28,0.07,0.11,
 0.  ,0.  ,0.  ,0.  ,0.  ,0.  ,0.99,0.99,0.76,0.  ,0.  ,0.  ,0.  ,0.  ,
 0.  ,0.  ,0.  ,0.  ,0.  ,0.  ,0.  ,0.22,0.99,0.99,0.25,0.  ,0.  ,0.  ,
 0.  ,0.  ,0.  ,0.  ,0.  ,0.  ,0.99,0.99,0.76,0.  ,0.  ,0.  ,0.  ,0.  ,
 0.  ,0.  ,0.  ,0.  ,0.  ,0.  ,0.  ,0.78,0.99,0.75,0.  ,0.  ,0.  ,0.  ,
 0.  ,0.  ,0.  ,0.  ,0.  ,0.  ,1.  ,0.99,0.77,0.  ,0.  ,0.  ,0.  ,0.  ,
 0.  ,0.  ,0.  ,0.  ,0.  ,0.  ,0.3 ,0.96,0.99,0.44,0.  ,0.  ,0.  ,0.  ,
 0.  ,0.  ,0.  ,0.  ,0.  ,0.  ,0.99,0.99,0.58,0.  ,0.  ,0.  ,0.  ,0.  ,
 0.  ,0.  ,0.  ,0.  ,0.  ,0.  ,0.33,0.99,0.9 ,0.1 ,0.  ,0.  ,0.  ,0.  ,
 0.  ,0.  ,0.  ,0.  ,0.03,0.53,0.99,0.73,0.05,0.  ,0.  ,0.  ,0.  ,0.  ,
 0.  ,0.  ,0.  ,0.  ,0.  ,0.  ,0.33,0.99,0.87,0.  ,0.  ,0.  ,0.  ,0.  ,
 0.  ,0.  ,0.  ,0.03,0.51,0.99,0.88,0.28,0.  ,0.  ,0.  ,0.  ,0.  ,0.  ,
 0.  ,0.  ,0.  ,0.  ,0.  ,0.  ,0.33,0.99,0.57,0.  ,0.  ,0.  ,0.  ,0.  ,
 0.  ,0.  ,0.19,0.65,0.99,0.68,0.  ,0.  ,0.  ,0.  ,0.  ,0.  ,0.  ,0.  ,
 0.  ,0.  ,0.  ,0.  ,0.  ,0.  ,0.34,0.99,0.88,0.  ,0.  ,0.  ,0.  ,0.  ,
 0.  ,0.45,0.93,0.99,0.64,0.  ,0.  ,0.  ,0.  ,0.  ,0.  ,0.  ,0.  ,0.  ,
 0.  ,0.  ,0.  ,0.  ,0.  ,0.  ,0.33,0.99,0.98,0.57,0.19,0.11,0.33,0.7 ,
 0.88,0.99,0.87,0.65,0.22,0.  ,0.  ,0.  ,0.  ,0.  ,0.  ,0.  ,0.  ,0.  ,
 0.  ,0.  ,0.  ,0.  ,0.  ,0.  ,0.33,0.99,0.99,0.99,0.9 ,0.84,0.99,0.99,
 0.99,0.77,0.51,0.  ,0.  ,0.  ,0.  ,0.  ,0.  ,0.  ,0.  ,0.  ,0.  ,0.  ,
 0.  ,0.  ,0.  ,0.  ,0.  ,0.  ,0.11,0.78,0.99,0.99,0.99,0.99,0.99,0.91,
 0.57,0.  ,0.  ,0.  ,0.  ,0.  ,0.  ,0.  ,0.  ,0.  ,0.  ,0.  ,0.  ,0.  ,
 0.  ,0.  ,0.  ,0.  ,0.  ,0.  ,0.  ,0.1 ,0.5 ,0.99,0.99,0.99,0.55,0.15,
 0.  ,0.  ,0.  ,0.  ,0.  ,0.  ,0.  ,0.  ,0.  ,0.  ,0.  ,0.  ,0.  ,0.  ,
 0.  ,0.  ,0.  ,0.  ,0.  ,0.  ,0.  ,0.  ,0.  ,0.  ,0.  ,0.  ,0.  ,0.  ,
 0.  ,0.  ,0.  ,0.  ,0.  ,0.  ,0.  ,0.  ,0.  ,0.  ,0.  ,0.  ,0.  ,0.  ,
 0.  ,0.  ,0.  ,0.  ,0.  ,0.  ,0.  ,0.  ,0.  ,0.  ,0.  ,0.  ,0.  ,0.  ,
 0.  ,0.  ,0.  ,0.  ,0.  ,0.  ,0.  ,0.  ,0.  ,0.  ,0.  ,0.  ,0.  ,0.  ,
 0.  ,0.  ,0.  ,0.  ,0.  ,0.  ,0.  ,0.  ,0.  ,0.  ,0.  ,0.  ,0.  ,0.  ,
 0.  ,0.  ,0.  ,0.  ,0.  ,0.  ,0.  ,0.  ,0.  ,0.  ,0.  ,0.  ,0.  ,0.  ,
 0.  ,0.  ,0.  ,0.  ,0.  ,0.  ,0.  ,0.  ,0.  ,0.  ,0.  ,0.  ,0.  ,0.  ,
 0.  ,0.  ,0.  ,0.  ,0.  ,0.  ,0.  ,0.  ,0.  ,0.  ,0.  ,0.  ,0.  ,0.  ]",0,"[[-1.3498e-02,-4.8979e-03, 3.8246e-04,...,-1.1013e-02, 1.8778e-05,
   6.3096e-03],
 [-3.5537e-03,-2.9871e-03,-1.3974e-02,...,-5.6679e-03,-8.3602e-04,
   3.3509e-03],
 [-9.8223e-03,-9.9293e-03, 7.9568e-03,...,-2.7545e-03,-1.1057e-03,
   2.5672e-03],
 ...,
 [-7.8604e-03, 8.0771e-03, 1.3596e-02,...,-1.0829e-03,-1.1537e-03,
   3.9063e-03],
 [-5.7794e-03, 6.6186e-03, 1.2320e-03,..., 2.1307e-03,-6.7002e-03,
   5.2298e-03],
 [-2.5870e-03, 1.2748e-02,-2.7763e-03,...,-8.5902e-03, 7.8897e-03,
  -3.5166e-03]]","[[-0.0221, 0.0259,-0.0071,-0.0169, 0.0152, 0.0044, 0.0024, 0.0012,-0.0039,
   0.0009]]","[ 2.3247,-0.9775,-0.343 , 0.0319,-0.9441, 0.4511, 0.1595,-0.2254,-0.1299,
 -0.2285]","[0.5697,0.021 ,0.0395,0.0575,0.0217,0.0875,0.0654,0.0445,0.0489,0.0443]","[[0.,0.,0.,...,0.,0.,0.],
 [0.,0.,0.,...,0.,0.,0.],
 [0.,0.,0.,...,0.,0.,0.],
 ...,
 [0.,0.,0.,...,0.,0.,0.],
 [0.,0.,0.,...,0.,0.,0.],
 [0.,0.,0.,...,0.,0.,0.]]","[-0.4303, 0.021 , 0.0395, 0.0575, 0.0217, 0.0875, 0.0654, 0.0445, 0.0489,
  0.0443]","[[ 1.6807e-02,-2.6465e-02, 6.6523e-03, 1.7948e-02,-1.1473e-02,-5.9466e-03,
  -6.1209e-04, 1.1462e-06, 4.0775e-03,-9.8984e-04]]"
12,"[0.  ,0.  ,0.  ,0.  ,0.  ,0.  ,0.  ,0.  ,0.  ,0.  ,0.  ,0.  ,0.  ,0.  ,
 0.  ,0.  ,0.  ,0.  ,0.  ,0.  ,0.  ,0.  ,0.  ,0.  ,0.  ,0.  ,0.  ,0.  ,
 0.  ,0.  ,0.  ,0.  ,0.  ,0.  ,0.  ,0.  ,0.  ,0.  ,0.  ,0.  ,0.  ,0.  ,
 0.  ,0.  ,0.  ,0.  ,0.  ,0.  ,0.  ,0.  ,0.  ,0.  ,0.  ,0.  ,0.  ,0.  ,
 0.  ,0.  ,0.  ,0.  ,0.  ,0.  ,0.  ,0.  ,0.  ,0.  ,0.  ,0.  ,0.  ,0.  ,
 0.  ,0.  ,0.  ,0.  ,0.  ,0.  ,0.  ,0.  ,0.  ,0.  ,0.  ,0.  ,0.  ,0.  ,
 0.  ,0.  ,0.  ,0.  ,0.  ,0.  ,0.  ,0.  ,0.  ,0.  ,0.  ,0.  ,0.  ,0.  ,
 0.  ,0.  ,0.  ,0.  ,0.  ,0.  ,0.  ,0.  ,0.  ,0.  ,0.  ,0.  ,0.  ,0.  ,
 0.  ,0.  ,0.  ,0.  ,0.  ,0.  ,0.  ,0.  ,0.  ,0.  ,0.  ,0.  ,0.  ,0.  ,
 0.  ,0.2 ,0.62,0.99,0.62,0.2 ,0.  ,0.  ,0.  ,0.  ,0.  ,0.  ,0.  ,0.  ,
 0.  ,0.  ,0.  ,0.  ,0.  ,0.  ,0.  ,0.  ,0.  ,0.  ,0.  ,0.  ,0.  ,0.  ,
 0.19,0.93,0.99,0.99,0.99,0.93,0.  ,0.  ,0.  ,0.  ,0.  ,0.  ,0.  ,0.  ,
 0.  ,0.  ,0.  ,0.  ,0.  ,0.  ,0.  ,0.  ,0.  ,0.  ,0.  ,0.  ,0.  ,0.21,
 0.89,0.99,0.99,0.94,0.91,0.99,0.22,0.02,0.  ,0.  ,0.  ,0.  ,0.  ,0.  ,
 0.  ,0.  ,0.  ,0.  ,0.  ,0.  ,0.  ,0.  ,0.  ,0.  ,0.  ,0.04,0.24,0.88,
 0.99,0.99,0.99,0.79,0.33,0.99,0.99,0.48,0.  ,0.  ,0.  ,0.  ,0.  ,0.  ,
 0.  ,0.  ,0.  ,0.  ,0.  ,0.  ,0.  ,0.  ,0.  ,0.  ,0.  ,0.64,0.99,0.99,
 0.99,0.99,0.99,0.99,0.38,0.74,0.99,0.65,0.  ,0.  ,0.  ,0.  ,0.  ,0.  ,
 0.  ,0.  ,0.  ,0.  ,0.  ,0.  ,0.  ,0.  ,0.  ,0.  ,0.2 ,0.93,0.99,0.99,
 0.75,0.45,0.99,0.89,0.18,0.31,1.  ,0.66,0.  ,0.  ,0.  ,0.  ,0.  ,0.  ,
 0.  ,0.  ,0.  ,0.  ,0.  ,0.  ,0.  ,0.  ,0.  ,0.19,0.93,0.99,0.99,0.7 ,
 0.05,0.29,0.47,0.08,0.  ,0.  ,0.99,0.95,0.2 ,0.  ,0.  ,0.  ,0.  ,0.  ,
 0.  ,0.  ,0.  ,0.  ,0.  ,0.  ,0.  ,0.  ,0.15,0.65,0.99,0.91,0.82,0.33,
 0.  ,0.  ,0.  ,0.  ,0.  ,0.  ,0.99,0.99,0.65,0.  ,0.  ,0.  ,0.  ,0.  ,
 0.  ,0.  ,0.  ,0.  ,0.  ,0.  ,0.  ,0.03,0.7 ,0.99,0.94,0.28,0.07,0.11,
 0.  ,0.  ,0.  ,0.  ,0.  ,0.  ,0.99,0.99,0.76,0.  ,0.  ,0.  ,0.  ,0.  ,
 0.  ,0.  ,0.  ,0.  ,0.  ,0.  ,0.  ,0.22,0.99,0.99,0.25,0.  ,0.  ,0.  ,
 0.  ,0.  ,0.  ,0.  ,0.  ,0.  ,0.99,0.99,0.76,0.  ,0.  ,0.  ,0.  ,0.  ,
 0.  ,0.  ,0.  ,0.  ,0.  ,0.  ,0.  ,0.78,0.99,0.75,0.  ,0.  ,0.  ,0.  ,
 0.  ,0.  ,0.  ,0.  ,0.  ,0.  ,1.  ,0.99,0.77,0.  ,0.  ,0.  ,0.  ,0.  ,
 0.  ,0.  ,0.  ,0.  ,0.  ,0.  ,0.3 ,0.96,0.99,0.44,0.  ,0.  ,0.  ,0.  ,
 0.  ,0.  ,0.  ,0.  ,0.  ,0.  ,0.99,0.99,0.58,0.  ,0.  ,0.  ,0.  ,0.  ,
 0.  ,0.  ,0.  ,0.  ,0.  ,0.  ,0.33,0.99,0.9 ,0.1 ,0.  ,0.  ,0.  ,0.  ,
 0.  ,0.  ,0.  ,0.  ,0.03,0.53,0.99,0.73,0.05,0.  ,0.  ,0.  ,0.  ,0.  ,
 0.  ,0.  ,0.  ,0.  ,0.  ,0.  ,0.33,0.99,0.87,0.  ,0.  ,0.  ,0.  ,0.  ,
 0.  ,0.  ,0.  ,0.03,0.51,0.99,0.88,0.28,0.  ,0.  ,0.  ,0.  ,0.  ,0.  ,
 0.  ,0.  ,0.  ,0.  ,0.  ,0.  ,0.33,0.99,0.57,0.  ,0.  ,0.  ,0.  ,0.  ,
 0.  ,0.  ,0.19,0.65,0.99,0.68,0.  ,0.  ,0.  ,0.  ,0.  ,0.  ,0.  ,0.  ,
 0.  ,0.  ,0.  ,0.  ,0.  ,0.  ,0.34,0.99,0.88,0.  ,0.  ,0.  ,0.  ,0.  ,
 0.  ,0.45,0.93,0.99,0.64,0.  ,0.  ,0.  ,0.  ,0.  ,0.  ,0.  ,0.  ,0.  ,
 0.  ,0.  ,0.  ,0.  ,0.  ,0.  ,0.33,0.99,0.98,0.57,0.19,0.11,0.33,0.7 ,
 0.88,0.99,0.87,0.65,0.22,0.  ,0.  ,0.  ,0.  ,0.  ,0.  ,0.  ,0.  ,0.  ,
 0.  ,0.  ,0.  ,0.  ,0.  ,0.  ,0.33,0.99,0.99,0.99,0.9 ,0.84,0.99,0.99,
 0.99,0.77,0.51,0.  ,0.  ,0.  ,0.  ,0.  ,0.  ,0.  ,0.  ,0.  ,0.  ,0.  ,
 0.  ,0.  ,0.  ,0.  ,0.  ,0.  ,0.11,0.78,0.99,0.99,0.99,0.99,0.99,0.91,
 0.57,0.  ,0.  ,0.  ,0.  ,0.  ,0.  ,0.  ,0.  ,0.  ,0.  ,0.  ,0.  ,0.  ,
 0.  ,0.  ,0.  ,0.  ,0.  ,0.  ,0.  ,0.1 ,0.5 ,0.99,0.99,0.99,0.55,0.15,
 0.  ,0.  ,0.  ,0.  ,0.  ,0.  ,0.  ,0.  ,0.  ,0.  ,0.  ,0.  ,0.  ,0.  ,
 0.  ,0.  ,0.  ,0.  ,0.  ,0.  ,0.  ,0.  ,0.  ,0.  ,0.  ,0.  ,0.  ,0.  ,
 0.  ,0.  ,0.  ,0.  ,0.  ,0.  ,0.  ,0.  ,0.  ,0.  ,0.  ,0.  ,0.  ,0.  ,
 0.  ,0.  ,0.  ,0.  ,0.  ,0.  ,0.  ,0.  ,0.  ,0.  ,0.  ,0.  ,0.  ,0.  ,
 0.  ,0.  ,0.  ,0.  ,0.  ,0.  ,0.  ,0.  ,0.  ,0.  ,0.  ,0.  ,0.  ,0.  ,
 0.  ,0.  ,0.  ,0.  ,0.  ,0.  ,0.  ,0.  ,0.  ,0.  ,0.  ,0.  ,0.  ,0.  ,
 0.  ,0.  ,0.  ,0.  ,0.  ,0.  ,0.  ,0.  ,0.  ,0.  ,0.  ,0.  ,0.  ,0.  ,
 0.  ,0.  ,0.  ,0.  ,0.  ,0.  ,0.  ,0.  ,0.  ,0.  ,0.  ,0.  ,0.  ,0.  ,
 0.  ,0.  ,0.  ,0.  ,0.  ,0.  ,0.  ,0.  ,0.  ,0.  ,0.  ,0.  ,0.  ,0.  ]",0,"[[-1.3498e-02,-4.8979e-03, 3.8246e-04,...,-1.1013e-02, 1.8778e-05,
   6.3096e-03],
 [-3.5537e-03,-2.9871e-03,-1.3974e-02,...,-5.6679e-03,-8.3602e-04,
   3.3509e-03],
 [-9.8223e-03,-9.9293e-03, 7.9568e-03,...,-2.7545e-03,-1.1057e-03,
   2.5672e-03],
 ...,
 [-7.8604e-03, 8.0771e-03, 1.3596e-02,...,-1.0829e-03,-1.1537e-03,
   3.9063e-03],
 [-5.7794e-03, 6.6186e-03, 1.2320e-03,..., 2.1307e-03,-6.7002e-03,
   5.2298e-03],
 [-2.5870e-03, 1.2748e-02,-2.7763e-03,...,-8.5902e-03, 7.8897e-03,
  -3.5166e-03]]","[[-0.0237, 0.0285,-0.0078,-0.0187, 0.0163, 0.005 , 0.0025, 0.0012,-0.0043,
   0.001 ]]","[ 2.4481,-1.0293,-0.3757, 0.0221,-0.9981, 0.4911, 0.1705,-0.239 ,-0.1306,
 -0.2402]","[0.6001,0.0185,0.0356,0.053 ,0.0191,0.0848,0.0615,0.0409,0.0455,0.0408]","[[0.,0.,0.,...,0.,0.,0.],
 [0.,0.,0.,...,0.,0.,0.],
 [0.,0.,0.,...,0.,0.,0.],
 ...,
 [0.,0.,0.,...,0.,0.,0.],
 [0.,0.,0.,...,0.,0.,0.],
 [0.,0.,0.,...,0.,0.,0.]]","[-0.3999, 0.0185, 0.0356, 0.053 , 0.0191, 0.0848, 0.0615, 0.0409, 0.0455,
  0.0408]","[[ 0.016 ,-0.0257, 0.0065, 0.0174,-0.0111,-0.0059,-0.0005, 0.0002, 0.004 ,
  -0.0009]]"
13,"[0.  ,0.  ,0.  ,0.  ,0.  ,0.  ,0.  ,0.  ,0.  ,0.  ,0.  ,0.  ,0.  ,0.  ,
 0.  ,0.  ,0.  ,0.  ,0.  ,0.  ,0.  ,0.  ,0.  ,0.  ,0.  ,0.  ,0.  ,0.  ,
 0.  ,0.  ,0.  ,0.  ,0.  ,0.  ,0.  ,0.  ,0.  ,0.  ,0.  ,0.  ,0.  ,0.  ,
 0.  ,0.  ,0.  ,0.  ,0.  ,0.  ,0.  ,0.  ,0.  ,0.  ,0.  ,0.  ,0.  ,0.  ,
 0.  ,0.  ,0.  ,0.  ,0.  ,0.  ,0.  ,0.  ,0.  ,0.  ,0.  ,0.  ,0.  ,0.  ,
 0.  ,0.  ,0.  ,0.  ,0.  ,0.  ,0.  ,0.  ,0.  ,0.  ,0.  ,0.  ,0.  ,0.  ,
 0.  ,0.  ,0.  ,0.  ,0.  ,0.  ,0.  ,0.  ,0.  ,0.  ,0.  ,0.  ,0.  ,0.  ,
 0.  ,0.  ,0.  ,0.  ,0.  ,0.  ,0.  ,0.  ,0.  ,0.  ,0.  ,0.  ,0.  ,0.  ,
 0.  ,0.  ,0.  ,0.  ,0.  ,0.  ,0.  ,0.  ,0.  ,0.  ,0.  ,0.  ,0.  ,0.  ,
 0.  ,0.2 ,0.62,0.99,0.62,0.2 ,0.  ,0.  ,0.  ,0.  ,0.  ,0.  ,0.  ,0.  ,
 0.  ,0.  ,0.  ,0.  ,0.  ,0.  ,0.  ,0.  ,0.  ,0.  ,0.  ,0.  ,0.  ,0.  ,
 0.19,0.93,0.99,0.99,0.99,0.93,0.  ,0.  ,0.  ,0.  ,0.  ,0.  ,0.  ,0.  ,
 0.  ,0.  ,0.  ,0.  ,0.  ,0.  ,0.  ,0.  ,0.  ,0.  ,0.  ,0.  ,0.  ,0.21,
 0.89,0.99,0.99,0.94,0.91,0.99,0.22,0.02,0.  ,0.  ,0.  ,0.  ,0.  ,0.  ,
 0.  ,0.  ,0.  ,0.  ,0.  ,0.  ,0.  ,0.  ,0.  ,0.  ,0.  ,0.04,0.24,0.88,
 0.99,0.99,0.99,0.79,0.33,0.99,0.99,0.48,0.  ,0.  ,0.  ,0.  ,0.  ,0.  ,
 0.  ,0.  ,0.  ,0.  ,0.  ,0.  ,0.  ,0.  ,0.  ,0.  ,0.  ,0.64,0.99,0.99,
 0.99,0.99,0.99,0.99,0.38,0.74,0.99,0.65,0.  ,0.  ,0.  ,0.  ,0.  ,0.  ,
 0.  ,0.  ,0.  ,0.  ,0.  ,0.  ,0.  ,0.  ,0.  ,0.  ,0.2 ,0.93,0.99,0.99,
 0.75,0.45,0.99,0.89,0.18,0.31,1.  ,0.66,0.  ,0.  ,0.  ,0.  ,0.  ,0.  ,
 0.  ,0.  ,0.  ,0.  ,0.  ,0.  ,0.  ,0.  ,0.  ,0.19,0.93,0.99,0.99,0.7 ,
 0.05,0.29,0.47,0.08,0.  ,0.  ,0.99,0.95,0.2 ,0.  ,0.  ,0.  ,0.  ,0.  ,
 0.  ,0.  ,0.  ,0.  ,0.  ,0.  ,0.  ,0.  ,0.15,0.65,0.99,0.91,0.82,0.33,
 0.  ,0.  ,0.  ,0.  ,0.  ,0.  ,0.99,0.99,0.65,0.  ,0.  ,0.  ,0.  ,0.  ,
 0.  ,0.  ,0.  ,0.  ,0.  ,0.  ,0.  ,0.03,0.7 ,0.99,0.94,0.28,0.07,0.11,
 0.  ,0.  ,0.  ,0.  ,0.  ,0.  ,0.99,0.99,0.76,0.  ,0.  ,0.  ,0.  ,0.  ,
 0.  ,0.  ,0.  ,0.  ,0.  ,0.  ,0.  ,0.22,0.99,0.99,0.25,0.  ,0.  ,0.  ,
 0.  ,0.  ,0.  ,0.  ,0.  ,0.  ,0.99,0.99,0.76,0.  ,0.  ,0.  ,0.  ,0.  ,
 0.  ,0.  ,0.  ,0.  ,0.  ,0.  ,0.  ,0.78,0.99,0.75,0.  ,0.  ,0.  ,0.  ,
 0.  ,0.  ,0.  ,0.  ,0.  ,0.  ,1.  ,0.99,0.77,0.  ,0.  ,0.  ,0.  ,0.  ,
 0.  ,0.  ,0.  ,0.  ,0.  ,0.  ,0.3 ,0.96,0.99,0.44,0.  ,0.  ,0.  ,0.  ,
 0.  ,0.  ,0.  ,0.  ,0.  ,0.  ,0.99,0.99,0.58,0.  ,0.  ,0.  ,0.  ,0.  ,
 0.  ,0.  ,0.  ,0.  ,0.  ,0.  ,0.33,0.99,0.9 ,0.1 ,0.  ,0.  ,0.  ,0.  ,
 0.  ,0.  ,0.  ,0.  ,0.03,0.53,0.99,0.73,0.05,0.  ,0.  ,0.  ,0.  ,0.  ,
 0.  ,0.  ,0.  ,0.  ,0.  ,0.  ,0.33,0.99,0.87,0.  ,0.  ,0.  ,0.  ,0.  ,
 0.  ,0.  ,0.  ,0.03,0.51,0.99,0.88,0.28,0.  ,0.  ,0.  ,0.  ,0.  ,0.  ,
 0.  ,0.  ,0.  ,0.  ,0.  ,0.  ,0.33,0.99,0.57,0.  ,0.  ,0.  ,0.  ,0.  ,
 0.  ,0.  ,0.19,0.65,0.99,0.68,0.  ,0.  ,0.  ,0.  ,0.  ,0.  ,0.  ,0.  ,
 0.  ,0.  ,0.  ,0.  ,0.  ,0.  ,0.34,0.99,0.88,0.  ,0.  ,0.  ,0.  ,0.  ,
 0.  ,0.45,0.93,0.99,0.64,0.  ,0.  ,0.  ,0.  ,0.  ,0.  ,0.  ,0.  ,0.  ,
 0.  ,0.  ,0.  ,0.  ,0.  ,0.  ,0.33,0.99,0.98,0.57,0.19,0.11,0.33,0.7 ,
 0.88,0.99,0.87,0.65,0.22,0.  ,0.  ,0.  ,0.  ,0.  ,0.  ,0.  ,0.  ,0.  ,
 0.  ,0.  ,0.  ,0.  ,0.  ,0.  ,0.33,0.99,0.99,0.99,0.9 ,0.84,0.99,0.99,
 0.99,0.77,0.51,0.  ,0.  ,0.  ,0.  ,0.  ,0.  ,0.  ,0.  ,0.  ,0.  ,0.  ,
 0.  ,0.  ,0.  ,0.  ,0.  ,0.  ,0.11,0.78,0.99,0.99,0.99,0.99,0.99,0.91,
 0.57,0.  ,0.  ,0.  ,0.  ,0.  ,0.  ,0.  ,0.  ,0.  ,0.  ,0.  ,0.  ,0.  ,
 0.  ,0.  ,0.  ,0.  ,0.  ,0.  ,0.  ,0.1 ,0.5 ,0.99,0.99,0.99,0.55,0.15,
 0.  ,0.  ,0.  ,0.  ,0.  ,0.  ,0.  ,0.  ,0.  ,0.  ,0.  ,0.  ,0.  ,0.  ,
 0.  ,0.  ,0.  ,0.  ,0.  ,0.  ,0.  ,0.  ,0.  ,0.  ,0.  ,0.  ,0.  ,0.  ,
 0.  ,0.  ,0.  ,0.  ,0.  ,0.  ,0.  ,0.  ,0.  ,0.  ,0.  ,0.  ,0.  ,0.  ,
 0.  ,0.  ,0.  ,0.  ,0.  ,0.  ,0.  ,0.  ,0.  ,0.  ,0.  ,0.  ,0.  ,0.  ,
 0.  ,0.  ,0.  ,0.  ,0.  ,0.  ,0.  ,0.  ,0.  ,0.  ,0.  ,0.  ,0.  ,0.  ,
 0.  ,0.  ,0.  ,0.  ,0.  ,0.  ,0.  ,0.  ,0.  ,0.  ,0.  ,0.  ,0.  ,0.  ,
 0.  ,0.  ,0.  ,0.  ,0.  ,0.  ,0.  ,0.  ,0.  ,0.  ,0.  ,0.  ,0.  ,0.  ,
 0.  ,0.  ,0.  ,0.  ,0.  ,0.  ,0.  ,0.  ,0.  ,0.  ,0.  ,0.  ,0.  ,0.  ,
 0.  ,0.  ,0.  ,0.  ,0.  ,0.  ,0.  ,0.  ,0.  ,0.  ,0.  ,0.  ,0.  ,0.  ]",0,"[[-1.3498e-02,-4.8979e-03, 3.8246e-04,...,-1.1013e-02, 1.8778e-05,
   6.3096e-03],
 [-3.5537e-03,-2.9871e-03,-1.3974e-02,...,-5.6679e-03,-8.3602e-04,
   3.3509e-03],
 [-9.8223e-03,-9.9293e-03, 7.9568e-03,...,-2.7545e-03,-1.1057e-03,
   2.5672e-03],
 ...,
 [-7.8604e-03, 8.0771e-03, 1.3596e-02,...,-1.0829e-03,-1.1537e-03,
   3.9063e-03],
 [-5.7794e-03, 6.6186e-03, 1.2320e-03,..., 2.1307e-03,-6.7002e-03,
   5.2298e-03],
 [-2.5870e-03, 1.2748e-02,-2.7763e-03,...,-8.5902e-03, 7.8897e-03,
  -3.5166e-03]]","[[-0.0252, 0.031 ,-0.0084,-0.0203, 0.0174, 0.0056, 0.0025, 0.0012,-0.0047,
   0.0011]]","[ 2.564 ,-1.0791,-0.4073, 0.0134,-1.0503, 0.5303, 0.1809,-0.2522,-0.1302,
 -0.2508]","[0.6278,0.0164,0.0322,0.049 ,0.0169,0.0821,0.0579,0.0376,0.0424,0.0376]","[[0.,0.,0.,...,0.,0.,0.],
 [0.,0.,0.,...,0.,0.,0.],
 [0.,0.,0.,...,0.,0.,0.],
 ...,
 [0.,0.,0.,...,0.,0.,0.],
 [0.,0.,0.,...,0.,0.,0.],
 [0.,0.,0.,...,0.,0.,0.]]","[-0.3722, 0.0164, 0.0322, 0.049 , 0.0169, 0.0821, 0.0579, 0.0376, 0.0424,
  0.0376]","[[ 0.0153,-0.0248, 0.0062, 0.0168,-0.0108,-0.0059,-0.0005, 0.0004, 0.004 ,
  -0.0007]]"
14,"[0.  ,0.  ,0.  ,0.  ,0.  ,0.  ,0.  ,0.  ,0.  ,0.  ,0.  ,0.  ,0.  ,0.  ,
 0.  ,0.  ,0.  ,0.  ,0.  ,0.  ,0.  ,0.  ,0.  ,0.  ,0.  ,0.  ,0.  ,0.  ,
 0.  ,0.  ,0.  ,0.  ,0.  ,0.  ,0.  ,0.  ,0.  ,0.  ,0.  ,0.  ,0.  ,0.  ,
 0.  ,0.  ,0.  ,0.  ,0.  ,0.  ,0.  ,0.  ,0.  ,0.  ,0.  ,0.  ,0.  ,0.  ,
 0.  ,0.  ,0.  ,0.  ,0.  ,0.  ,0.  ,0.  ,0.  ,0.  ,0.  ,0.  ,0.  ,0.  ,
 0.  ,0.  ,0.  ,0.  ,0.  ,0.  ,0.  ,0.  ,0.  ,0.  ,0.  ,0.  ,0.  ,0.  ,
 0.  ,0.  ,0.  ,0.  ,0.  ,0.  ,0.  ,0.  ,0.  ,0.  ,0.  ,0.  ,0.  ,0.  ,
 0.  ,0.  ,0.  ,0.  ,0.  ,0.  ,0.  ,0.  ,0.  ,0.  ,0.  ,0.  ,0.  ,0.  ,
 0.  ,0.  ,0.  ,0.  ,0.  ,0.  ,0.  ,0.  ,0.  ,0.  ,0.  ,0.  ,0.  ,0.  ,
 0.  ,0.2 ,0.62,0.99,0.62,0.2 ,0.  ,0.  ,0.  ,0.  ,0.  ,0.  ,0.  ,0.  ,
 0.  ,0.  ,0.  ,0.  ,0.  ,0.  ,0.  ,0.  ,0.  ,0.  ,0.  ,0.  ,0.  ,0.  ,
 0.19,0.93,0.99,0.99,0.99,0.93,0.  ,0.  ,0.  ,0.  ,0.  ,0.  ,0.  ,0.  ,
 0.  ,0.  ,0.  ,0.  ,0.  ,0.  ,0.  ,0.  ,0.  ,0.  ,0.  ,0.  ,0.  ,0.21,
 0.89,0.99,0.99,0.94,0.91,0.99,0.22,0.02,0.  ,0.  ,0.  ,0.  ,0.  ,0.  ,
 0.  ,0.  ,0.  ,0.  ,0.  ,0.  ,0.  ,0.  ,0.  ,0.  ,0.  ,0.04,0.24,0.88,
 0.99,0.99,0.99,0.79,0.33,0.99,0.99,0.48,0.  ,0.  ,0.  ,0.  ,0.  ,0.  ,
 0.  ,0.  ,0.  ,0.  ,0.  ,0.  ,0.  ,0.  ,0.  ,0.  ,0.  ,0.64,0.99,0.99,
 0.99,0.99,0.99,0.99,0.38,0.74,0.99,0.65,0.  ,0.  ,0.  ,0.  ,0.  ,0.  ,
 0.  ,0.  ,0.  ,0.  ,0.  ,0.  ,0.  ,0.  ,0.  ,0.  ,0.2 ,0.93,0.99,0.99,
 0.75,0.45,0.99,0.89,0.18,0.31,1.  ,0.66,0.  ,0.  ,0.  ,0.  ,0.  ,0.  ,
 0.  ,0.  ,0.  ,0.  ,0.  ,0.  ,0.  ,0.  ,0.  ,0.19,0.93,0.99,0.99,0.7 ,
 0.05,0.29,0.47,0.08,0.  ,0.  ,0.99,0.95,0.2 ,0.  ,0.  ,0.  ,0.  ,0.  ,
 0.  ,0.  ,0.  ,0.  ,0.  ,0.  ,0.  ,0.  ,0.15,0.65,0.99,0.91,0.82,0.33,
 0.  ,0.  ,0.  ,0.  ,0.  ,0.  ,0.99,0.99,0.65,0.  ,0.  ,0.  ,0.  ,0.  ,
 0.  ,0.  ,0.  ,0.  ,0.  ,0.  ,0.  ,0.03,0.7 ,0.99,0.94,0.28,0.07,0.11,
 0.  ,0.  ,0.  ,0.  ,0.  ,0.  ,0.99,0.99,0.76,0.  ,0.  ,0.  ,0.  ,0.  ,
 0.  ,0.  ,0.  ,0.  ,0.  ,0.  ,0.  ,0.22,0.99,0.99,0.25,0.  ,0.  ,0.  ,
 0.  ,0.  ,0.  ,0.  ,0.  ,0.  ,0.99,0.99,0.76,0.  ,0.  ,0.  ,0.  ,0.  ,
 0.  ,0.  ,0.  ,0.  ,0.  ,0.  ,0.  ,0.78,0.99,0.75,0.  ,0.  ,0.  ,0.  ,
 0.  ,0.  ,0.  ,0.  ,0.  ,0.  ,1.  ,0.99,0.77,0.  ,0.  ,0.  ,0.  ,0.  ,
 0.  ,0.  ,0.  ,0.  ,0.  ,0.  ,0.3 ,0.96,0.99,0.44,0.  ,0.  ,0.  ,0.  ,
 0.  ,0.  ,0.  ,0.  ,0.  ,0.  ,0.99,0.99,0.58,0.  ,0.  ,0.  ,0.  ,0.  ,
 0.  ,0.  ,0.  ,0.  ,0.  ,0.  ,0.33,0.99,0.9 ,0.1 ,0.  ,0.  ,0.  ,0.  ,
 0.  ,0.  ,0.  ,0.  ,0.03,0.53,0.99,0.73,0.05,0.  ,0.  ,0.  ,0.  ,0.  ,
 0.  ,0.  ,0.  ,0.  ,0.  ,0.  ,0.33,0.99,0.87,0.  ,0.  ,0.  ,0.  ,0.  ,
 0.  ,0.  ,0.  ,0.03,0.51,0.99,0.88,0.28,0.  ,0.  ,0.  ,0.  ,0.  ,0.  ,
 0.  ,0.  ,0.  ,0.  ,0.  ,0.  ,0.33,0.99,0.57,0.  ,0.  ,0.  ,0.  ,0.  ,
 0.  ,0.  ,0.19,0.65,0.99,0.68,0.  ,0.  ,0.  ,0.  ,0.  ,0.  ,0.  ,0.  ,
 0.  ,0.  ,0.  ,0.  ,0.  ,0.  ,0.34,0.99,0.88,0.  ,0.  ,0.  ,0.  ,0.  ,
 0.  ,0.45,0.93,0.99,0.64,0.  ,0.  ,0.  ,0.  ,0.  ,0.  ,0.  ,0.  ,0.  ,
 0.  ,0.  ,0.  ,0.  ,0.  ,0.  ,0.33,0.99,0.98,0.57,0.19,0.11,0.33,0.7 ,
 0.88,0.99,0.87,0.65,0.22,0.  ,0.  ,0.  ,0.  ,0.  ,0.  ,0.  ,0.  ,0.  ,
 0.  ,0.  ,0.  ,0.  ,0.  ,0.  ,0.33,0.99,0.99,0.99,0.9 ,0.84,0.99,0.99,
 0.99,0.77,0.51,0.  ,0.  ,0.  ,0.  ,0.  ,0.  ,0.  ,0.  ,0.  ,0.  ,0.  ,
 0.  ,0.  ,0.  ,0.  ,0.  ,0.  ,0.11,0.78,0.99,0.99,0.99,0.99,0.99,0.91,
 0.57,0.  ,0.  ,0.  ,0.  ,0.  ,0.  ,0.  ,0.  ,0.  ,0.  ,0.  ,0.  ,0.  ,
 0.  ,0.  ,0.  ,0.  ,0.  ,0.  ,0.  ,0.1 ,0.5 ,0.99,0.99,0.99,0.55,0.15,
 0.  ,0.  ,0.  ,0.  ,0.  ,0.  ,0.  ,0.  ,0.  ,0.  ,0.  ,0.  ,0.  ,0.  ,
 0.  ,0.  ,0.  ,0.  ,0.  ,0.  ,0.  ,0.  ,0.  ,0.  ,0.  ,0.  ,0.  ,0.  ,
 0.  ,0.  ,0.  ,0.  ,0.  ,0.  ,0.  ,0.  ,0.  ,0.  ,0.  ,0.  ,0.  ,0.  ,
 0.  ,0.  ,0.  ,0.  ,0.  ,0.  ,0.  ,0.  ,0.  ,0.  ,0.  ,0.  ,0.  ,0.  ,
 0.  ,0.  ,0.  ,0.  ,0.  ,0.  ,0.  ,0.  ,0.  ,0.  ,0.  ,0.  ,0.  ,0.  ,
 0.  ,0.  ,0.  ,0.  ,0.  ,0.  ,0.  ,0.  ,0.  ,0.  ,0.  ,0.  ,0.  ,0.  ,
 0.  ,0.  ,0.  ,0.  ,0.  ,0.  ,0.  ,0.  ,0.  ,0.  ,0.  ,0.  ,0.  ,0.  ,
 0.  ,0.  ,0.  ,0.  ,0.  ,0.  ,0.  ,0.  ,0.  ,0.  ,0.  ,0.  ,0.  ,0.  ,
 0.  ,0.  ,0.  ,0.  ,0.  ,0.  ,0.  ,0.  ,0.  ,0.  ,0.  ,0.  ,0.  ,0.  ]",0,"[[-1.3498e-02,-4.8979e-03, 3.8246e-04,...,-1.1013e-02, 1.8778e-05,
   6.3096e-03],
 [-3.5537e-03,-2.9871e-03,-1.3974e-02,...,-5.6679e-03,-8.3602e-04,
   3.3509e-03],
 [-9.8223e-03,-9.9293e-03, 7.9568e-03,...,-2.7545e-03,-1.1057e-03,
   2.5672e-03],
 ...,
 [-7.8604e-03, 8.0771e-03, 1.3596e-02,...,-1.0829e-03,-1.1537e-03,
   3.9063e-03],
 [-5.7794e-03, 6.6186e-03, 1.2320e-03,..., 2.1307e-03,-6.7002e-03,
   5.2298e-03],
 [-2.5870e-03, 1.2748e-02,-2.7763e-03,...,-8.5902e-03, 7.8897e-03,
  -3.5166e-03]]","[[-0.0267, 0.0334,-0.009 ,-0.022 , 0.0184, 0.0062, 0.0026, 0.0011,-0.0051,
   0.0011]]","[ 2.6732,-1.1273,-0.4376, 0.0058,-1.1006, 0.5685, 0.1909,-0.2648,-0.1287,
 -0.2603]","[0.6529,0.0146,0.0291,0.0453,0.015 ,0.0796,0.0546,0.0346,0.0396,0.0347]","[[0.,0.,0.,...,0.,0.,0.],
 [0.,0.,0.,...,0.,0.,0.],
 [0.,0.,0.,...,0.,0.,0.],
 ...,
 [0.,0.,0.,...,0.,0.,0.],
 [0.,0.,0.,...,0.,0.,0.],
 [0.,0.,0.,...,0.,0.,0.]]","[-0.3471, 0.0146, 0.0291, 0.0453, 0.015 , 0.0796, 0.0546, 0.0346, 0.0396,
  0.0347]","[[ 0.0146,-0.024 , 0.006 , 0.0162,-0.0104,-0.0058,-0.0005, 0.0006, 0.0039,
  -0.0006]]"
15,"[0.  ,0.  ,0.  ,0.  ,0.  ,0.  ,0.  ,0.  ,0.  ,0.  ,0.  ,0.  ,0.  ,0.  ,
 0.  ,0.  ,0.  ,0.  ,0.  ,0.  ,0.  ,0.  ,0.  ,0.  ,0.  ,0.  ,0.  ,0.  ,
 0.  ,0.  ,0.  ,0.  ,0.  ,0.  ,0.  ,0.  ,0.  ,0.  ,0.  ,0.  ,0.  ,0.  ,
 0.  ,0.  ,0.  ,0.  ,0.  ,0.  ,0.  ,0.  ,0.  ,0.  ,0.  ,0.  ,0.  ,0.  ,
 0.  ,0.  ,0.  ,0.  ,0.  ,0.  ,0.  ,0.  ,0.  ,0.  ,0.  ,0.  ,0.  ,0.  ,
 0.  ,0.  ,0.  ,0.  ,0.  ,0.  ,0.  ,0.  ,0.  ,0.  ,0.  ,0.  ,0.  ,0.  ,
 0.  ,0.  ,0.  ,0.  ,0.  ,0.  ,0.  ,0.  ,0.  ,0.  ,0.  ,0.  ,0.  ,0.  ,
 0.  ,0.  ,0.  ,0.  ,0.  ,0.  ,0.  ,0.  ,0.  ,0.  ,0.  ,0.  ,0.  ,0.  ,
 0.  ,0.  ,0.  ,0.  ,0.  ,0.  ,0.  ,0.  ,0.  ,0.  ,0.  ,0.  ,0.  ,0.  ,
 0.  ,0.2 ,0.62,0.99,0.62,0.2 ,0.  ,0.  ,0.  ,0.  ,0.  ,0.  ,0.  ,0.  ,
 0.  ,0.  ,0.  ,0.  ,0.  ,0.  ,0.  ,0.  ,0.  ,0.  ,0.  ,0.  ,0.  ,0.  ,
 0.19,0.93,0.99,0.99,0.99,0.93,0.  ,0.  ,0.  ,0.  ,0.  ,0.  ,0.  ,0.  ,
 0.  ,0.  ,0.  ,0.  ,0.  ,0.  ,0.  ,0.  ,0.  ,0.  ,0.  ,0.  ,0.  ,0.21,
 0.89,0.99,0.99,0.94,0.91,0.99,0.22,0.02,0.  ,0.  ,0.  ,0.  ,0.  ,0.  ,
 0.  ,0.  ,0.  ,0.  ,0.  ,0.  ,0.  ,0.  ,0.  ,0.  ,0.  ,0.04,0.24,0.88,
 0.99,0.99,0.99,0.79,0.33,0.99,0.99,0.48,0.  ,0.  ,0.  ,0.  ,0.  ,0.  ,
 0.  ,0.  ,0.  ,0.  ,0.  ,0.  ,0.  ,0.  ,0.  ,0.  ,0.  ,0.64,0.99,0.99,
 0.99,0.99,0.99,0.99,0.38,0.74,0.99,0.65,0.  ,0.  ,0.  ,0.  ,0.  ,0.  ,
 0.  ,0.  ,0.  ,0.  ,0.  ,0.  ,0.  ,0.  ,0.  ,0.  ,0.2 ,0.93,0.99,0.99,
 0.75,0.45,0.99,0.89,0.18,0.31,1.  ,0.66,0.  ,0.  ,0.  ,0.  ,0.  ,0.  ,
 0.  ,0.  ,0.  ,0.  ,0.  ,0.  ,0.  ,0.  ,0.  ,0.19,0.93,0.99,0.99,0.7 ,
 0.05,0.29,0.47,0.08,0.  ,0.  ,0.99,0.95,0.2 ,0.  ,0.  ,0.  ,0.  ,0.  ,
 0.  ,0.  ,0.  ,0.  ,0.  ,0.  ,0.  ,0.  ,0.15,0.65,0.99,0.91,0.82,0.33,
 0.  ,0.  ,0.  ,0.  ,0.  ,0.  ,0.99,0.99,0.65,0.  ,0.  ,0.  ,0.  ,0.  ,
 0.  ,0.  ,0.  ,0.  ,0.  ,0.  ,0.  ,0.03,0.7 ,0.99,0.94,0.28,0.07,0.11,
 0.  ,0.  ,0.  ,0.  ,0.  ,0.  ,0.99,0.99,0.76,0.  ,0.  ,0.  ,0.  ,0.  ,
 0.  ,0.  ,0.  ,0.  ,0.  ,0.  ,0.  ,0.22,0.99,0.99,0.25,0.  ,0.  ,0.  ,
 0.  ,0.  ,0.  ,0.  ,0.  ,0.  ,0.99,0.99,0.76,0.  ,0.  ,0.  ,0.  ,0.  ,
 0.  ,0.  ,0.  ,0.  ,0.  ,0.  ,0.  ,0.78,0.99,0.75,0.  ,0.  ,0.  ,0.  ,
 0.  ,0.  ,0.  ,0.  ,0.  ,0.  ,1.  ,0.99,0.77,0.  ,0.  ,0.  ,0.  ,0.  ,
 0.  ,0.  ,0.  ,0.  ,0.  ,0.  ,0.3 ,0.96,0.99,0.44,0.  ,0.  ,0.  ,0.  ,
 0.  ,0.  ,0.  ,0.  ,0.  ,0.  ,0.99,0.99,0.58,0.  ,0.  ,0.  ,0.  ,0.  ,
 0.  ,0.  ,0.  ,0.  ,0.  ,0.  ,0.33,0.99,0.9 ,0.1 ,0.  ,0.  ,0.  ,0.  ,
 0.  ,0.  ,0.  ,0.  ,0.03,0.53,0.99,0.73,0.05,0.  ,0.  ,0.  ,0.  ,0.  ,
 0.  ,0.  ,0.  ,0.  ,0.  ,0.  ,0.33,0.99,0.87,0.  ,0.  ,0.  ,0.  ,0.  ,
 0.  ,0.  ,0.  ,0.03,0.51,0.99,0.88,0.28,0.  ,0.  ,0.  ,0.  ,0.  ,0.  ,
 0.  ,0.  ,0.  ,0.  ,0.  ,0.  ,0.33,0.99,0.57,0.  ,0.  ,0.  ,0.  ,0.  ,
 0.  ,0.  ,0.19,0.65,0.99,0.68,0.  ,0.  ,0.  ,0.  ,0.  ,0.  ,0.  ,0.  ,
 0.  ,0.  ,0.  ,0.  ,0.  ,0.  ,0.34,0.99,0.88,0.  ,0.  ,0.  ,0.  ,0.  ,
 0.  ,0.45,0.93,0.99,0.64,0.  ,0.  ,0.  ,0.  ,0.  ,0.  ,0.  ,0.  ,0.  ,
 0.  ,0.  ,0.  ,0.  ,0.  ,0.  ,0.33,0.99,0.98,0.57,0.19,0.11,0.33,0.7 ,
 0.88,0.99,0.87,0.65,0.22,0.  ,0.  ,0.  ,0.  ,0.  ,0.  ,0.  ,0.  ,0.  ,
 0.  ,0.  ,0.  ,0.  ,0.  ,0.  ,0.33,0.99,0.99,0.99,0.9 ,0.84,0.99,0.99,
 0.99,0.77,0.51,0.  ,0.  ,0.  ,0.  ,0.  ,0.  ,0.  ,0.  ,0.  ,0.  ,0.  ,
 0.  ,0.  ,0.  ,0.  ,0.  ,0.  ,0.11,0.78,0.99,0.99,0.99,0.99,0.99,0.91,
 0.57,0.  ,0.  ,0.  ,0.  ,0.  ,0.  ,0.  ,0.  ,0.  ,0.  ,0.  ,0.  ,0.  ,
 0.  ,0.  ,0.  ,0.  ,0.  ,0.  ,0.  ,0.1 ,0.5 ,0.99,0.99,0.99,0.55,0.15,
 0.  ,0.  ,0.  ,0.  ,0.  ,0.  ,0.  ,0.  ,0.  ,0.  ,0.  ,0.  ,0.  ,0.  ,
 0.  ,0.  ,0.  ,0.  ,0.  ,0.  ,0.  ,0.  ,0.  ,0.  ,0.  ,0.  ,0.  ,0.  ,
 0.  ,0.  ,0.  ,0.  ,0.  ,0.  ,0.  ,0.  ,0.  ,0.  ,0.  ,0.  ,0.  ,0.  ,
 0.  ,0.  ,0.  ,0.  ,0.  ,0.  ,0.  ,0.  ,0.  ,0.  ,0.  ,0.  ,0.  ,0.  ,
 0.  ,0.  ,0.  ,0.  ,0.  ,0.  ,0.  ,0.  ,0.  ,0.  ,0.  ,0.  ,0.  ,0.  ,
 0.  ,0.  ,0.  ,0.  ,0.  ,0.  ,0.  ,0.  ,0.  ,0.  ,0.  ,0.  ,0.  ,0.  ,
 0.  ,0.  ,0.  ,0.  ,0.  ,0.  ,0.  ,0.  ,0.  ,0.  ,0.  ,0.  ,0.  ,0.  ,
 0.  ,0.  ,0.  ,0.  ,0.  ,0.  ,0.  ,0.  ,0.  ,0.  ,0.  ,0.  ,0.  ,0.  ,
 0.  ,0.  ,0.  ,0.  ,0.  ,0.  ,0.  ,0.  ,0.  ,0.  ,0.  ,0.  ,0.  ,0.  ]",0,"[[-1.3498e-02,-4.8979e-03, 3.8246e-04,...,-1.1013e-02, 1.8778e-05,
   6.3096e-03],
 [-3.5537e-03,-2.9871e-03,-1.3974e-02,...,-5.6679e-03,-8.3602e-04,
   3.3509e-03],
 [-9.8223e-03,-9.9293e-03, 7.9568e-03,...,-2.7545e-03,-1.1057e-03,
   2.5672e-03],
 ...,
 [-7.8604e-03, 8.0771e-03, 1.3596e-02,...,-1.0829e-03,-1.1537e-03,
   3.9063e-03],
 [-5.7794e-03, 6.6186e-03, 1.2320e-03,..., 2.1307e-03,-6.7002e-03,
   5.2298e-03],
 [-2.5870e-03, 1.2748e-02,-2.7763e-03,...,-8.5902e-03, 7.8897e-03,
  -3.5166e-03]]","[[-0.0281, 0.0357,-0.0095,-0.0235, 0.0194, 0.0067, 0.0026, 0.001 ,-0.0055,
   0.0012]]","[ 2.7764e+00,-1.1742e+00,-4.6673e-01,-9.1351e-04,-1.1492e+00, 6.0551e-01,
  2.0050e-01,-2.7703e-01,-1.2649e-01,-2.6903e-01]","[0.6757,0.013 ,0.0264,0.042 ,0.0133,0.0771,0.0514,0.0319,0.0371,0.0321]","[[0.,0.,0.,...,0.,0.,0.],
 [0.,0.,0.,...,0.,0.,0.],
 [0.,0.,0.,...,0.,0.,0.],
 ...,
 [0.,0.,0.,...,0.,0.,0.],
 [0.,0.,0.,...,0.,0.,0.],
 [0.,0.,0.,...,0.,0.,0.]]","[-0.3243, 0.013 , 0.0264, 0.042 , 0.0133, 0.0771, 0.0514, 0.0319, 0.0371,
  0.0321]","[[ 0.0139,-0.0231, 0.0057, 0.0156,-0.0101,-0.0057,-0.0005, 0.0007, 0.0039,
  -0.0005]]"
16,"[0.  ,0.  ,0.  ,0.  ,0.  ,0.  ,0.  ,0.  ,0.  ,0.  ,0.  ,0.  ,0.  ,0.  ,
 0.  ,0.  ,0.  ,0.  ,0.  ,0.  ,0.  ,0.  ,0.  ,0.  ,0.  ,0.  ,0.  ,0.  ,
 0.  ,0.  ,0.  ,0.  ,0.  ,0.  ,0.  ,0.  ,0.  ,0.  ,0.  ,0.  ,0.  ,0.  ,
 0.  ,0.  ,0.  ,0.  ,0.  ,0.  ,0.  ,0.  ,0.  ,0.  ,0.  ,0.  ,0.  ,0.  ,
 0.  ,0.  ,0.  ,0.  ,0.  ,0.  ,0.  ,0.  ,0.  ,0.  ,0.  ,0.  ,0.  ,0.  ,
 0.  ,0.  ,0.  ,0.  ,0.  ,0.  ,0.  ,0.  ,0.  ,0.  ,0.  ,0.  ,0.  ,0.  ,
 0.  ,0.  ,0.  ,0.  ,0.  ,0.  ,0.  ,0.  ,0.  ,0.  ,0.  ,0.  ,0.  ,0.  ,
 0.  ,0.  ,0.  ,0.  ,0.  ,0.  ,0.  ,0.  ,0.  ,0.  ,0.  ,0.  ,0.  ,0.  ,
 0.  ,0.  ,0.  ,0.  ,0.  ,0.  ,0.  ,0.  ,0.  ,0.  ,0.  ,0.  ,0.  ,0.  ,
 0.  ,0.2 ,0.62,0.99,0.62,0.2 ,0.  ,0.  ,0.  ,0.  ,0.  ,0.  ,0.  ,0.  ,
 0.  ,0.  ,0.  ,0.  ,0.  ,0.  ,0.  ,0.  ,0.  ,0.  ,0.  ,0.  ,0.  ,0.  ,
 0.19,0.93,0.99,0.99,0.99,0.93,0.  ,0.  ,0.  ,0.  ,0.  ,0.  ,0.  ,0.  ,
 0.  ,0.  ,0.  ,0.  ,0.  ,0.  ,0.  ,0.  ,0.  ,0.  ,0.  ,0.  ,0.  ,0.21,
 0.89,0.99,0.99,0.94,0.91,0.99,0.22,0.02,0.  ,0.  ,0.  ,0.  ,0.  ,0.  ,
 0.  ,0.  ,0.  ,0.  ,0.  ,0.  ,0.  ,0.  ,0.  ,0.  ,0.  ,0.04,0.24,0.88,
 0.99,0.99,0.99,0.79,0.33,0.99,0.99,0.48,0.  ,0.  ,0.  ,0.  ,0.  ,0.  ,
 0.  ,0.  ,0.  ,0.  ,0.  ,0.  ,0.  ,0.  ,0.  ,0.  ,0.  ,0.64,0.99,0.99,
 0.99,0.99,0.99,0.99,0.38,0.74,0.99,0.65,0.  ,0.  ,0.  ,0.  ,0.  ,0.  ,
 0.  ,0.  ,0.  ,0.  ,0.  ,0.  ,0.  ,0.  ,0.  ,0.  ,0.2 ,0.93,0.99,0.99,
 0.75,0.45,0.99,0.89,0.18,0.31,1.  ,0.66,0.  ,0.  ,0.  ,0.  ,0.  ,0.  ,
 0.  ,0.  ,0.  ,0.  ,0.  ,0.  ,0.  ,0.  ,0.  ,0.19,0.93,0.99,0.99,0.7 ,
 0.05,0.29,0.47,0.08,0.  ,0.  ,0.99,0.95,0.2 ,0.  ,0.  ,0.  ,0.  ,0.  ,
 0.  ,0.  ,0.  ,0.  ,0.  ,0.  ,0.  ,0.  ,0.15,0.65,0.99,0.91,0.82,0.33,
 0.  ,0.  ,0.  ,0.  ,0.  ,0.  ,0.99,0.99,0.65,0.  ,0.  ,0.  ,0.  ,0.  ,
 0.  ,0.  ,0.  ,0.  ,0.  ,0.  ,0.  ,0.03,0.7 ,0.99,0.94,0.28,0.07,0.11,
 0.  ,0.  ,0.  ,0.  ,0.  ,0.  ,0.99,0.99,0.76,0.  ,0.  ,0.  ,0.  ,0.  ,
 0.  ,0.  ,0.  ,0.  ,0.  ,0.  ,0.  ,0.22,0.99,0.99,0.25,0.  ,0.  ,0.  ,
 0.  ,0.  ,0.  ,0.  ,0.  ,0.  ,0.99,0.99,0.76,0.  ,0.  ,0.  ,0.  ,0.  ,
 0.  ,0.  ,0.  ,0.  ,0.  ,0.  ,0.  ,0.78,0.99,0.75,0.  ,0.  ,0.  ,0.  ,
 0.  ,0.  ,0.  ,0.  ,0.  ,0.  ,1.  ,0.99,0.77,0.  ,0.  ,0.  ,0.  ,0.  ,
 0.  ,0.  ,0.  ,0.  ,0.  ,0.  ,0.3 ,0.96,0.99,0.44,0.  ,0.  ,0.  ,0.  ,
 0.  ,0.  ,0.  ,0.  ,0.  ,0.  ,0.99,0.99,0.58,0.  ,0.  ,0.  ,0.  ,0.  ,
 0.  ,0.  ,0.  ,0.  ,0.  ,0.  ,0.33,0.99,0.9 ,0.1 ,0.  ,0.  ,0.  ,0.  ,
 0.  ,0.  ,0.  ,0.  ,0.03,0.53,0.99,0.73,0.05,0.  ,0.  ,0.  ,0.  ,0.  ,
 0.  ,0.  ,0.  ,0.  ,0.  ,0.  ,0.33,0.99,0.87,0.  ,0.  ,0.  ,0.  ,0.  ,
 0.  ,0.  ,0.  ,0.03,0.51,0.99,0.88,0.28,0.  ,0.  ,0.  ,0.  ,0.  ,0.  ,
 0.  ,0.  ,0.  ,0.  ,0.  ,0.  ,0.33,0.99,0.57,0.  ,0.  ,0.  ,0.  ,0.  ,
 0.  ,0.  ,0.19,0.65,0.99,0.68,0.  ,0.  ,0.  ,0.  ,0.  ,0.  ,0.  ,0.  ,
 0.  ,0.  ,0.  ,0.  ,0.  ,0.  ,0.34,0.99,0.88,0.  ,0.  ,0.  ,0.  ,0.  ,
 0.  ,0.45,0.93,0.99,0.64,0.  ,0.  ,0.  ,0.  ,0.  ,0.  ,0.  ,0.  ,0.  ,
 0.  ,0.  ,0.  ,0.  ,0.  ,0.  ,0.33,0.99,0.98,0.57,0.19,0.11,0.33,0.7 ,
 0.88,0.99,0.87,0.65,0.22,0.  ,0.  ,0.  ,0.  ,0.  ,0.  ,0.  ,0.  ,0.  ,
 0.  ,0.  ,0.  ,0.  ,0.  ,0.  ,0.33,0.99,0.99,0.99,0.9 ,0.84,0.99,0.99,
 0.99,0.77,0.51,0.  ,0.  ,0.  ,0.  ,0.  ,0.  ,0.  ,0.  ,0.  ,0.  ,0.  ,
 0.  ,0.  ,0.  ,0.  ,0.  ,0.  ,0.11,0.78,0.99,0.99,0.99,0.99,0.99,0.91,
 0.57,0.  ,0.  ,0.  ,0.  ,0.  ,0.  ,0.  ,0.  ,0.  ,0.  ,0.  ,0.  ,0.  ,
 0.  ,0.  ,0.  ,0.  ,0.  ,0.  ,0.  ,0.1 ,0.5 ,0.99,0.99,0.99,0.55,0.15,
 0.  ,0.  ,0.  ,0.  ,0.  ,0.  ,0.  ,0.  ,0.  ,0.  ,0.  ,0.  ,0.  ,0.  ,
 0.  ,0.  ,0.  ,0.  ,0.  ,0.  ,0.  ,0.  ,0.  ,0.  ,0.  ,0.  ,0.  ,0.  ,
 0.  ,0.  ,0.  ,0.  ,0.  ,0.  ,0.  ,0.  ,0.  ,0.  ,0.  ,0.  ,0.  ,0.  ,
 0.  ,0.  ,0.  ,0.  ,0.  ,0.  ,0.  ,0.  ,0.  ,0.  ,0.  ,0.  ,0.  ,0.  ,
 0.  ,0.  ,0.  ,0.  ,0.  ,0.  ,0.  ,0.  ,0.  ,0.  ,0.  ,0.  ,0.  ,0.  ,
 0.  ,0.  ,0.  ,0.  ,0.  ,0.  ,0.  ,0.  ,0.  ,0.  ,0.  ,0.  ,0.  ,0.  ,
 0.  ,0.  ,0.  ,0.  ,0.  ,0.  ,0.  ,0.  ,0.  ,0.  ,0.  ,0.  ,0.  ,0.  ,
 0.  ,0.  ,0.  ,0.  ,0.  ,0.  ,0.  ,0.  ,0.  ,0.  ,0.  ,0.  ,0.  ,0.  ,
 0.  ,0.  ,0.  ,0.  ,0.  ,0.  ,0.  ,0.  ,0.  ,0.  ,0.  ,0.  ,0.  ,0.  ]",0,"[[-1.3498e-02,-4.8979e-03, 3.8246e-04,...,-1.1013e-02, 1.8778e-05,
   6.3096e-03],
 [-3.5537e-03,-2.9871e-03,-1.3974e-02,...,-5.6679e-03,-8.3602e-04,
   3.3509e-03],
 [-9.8223e-03,-9.9293e-03, 7.9568e-03,...,-2.7545e-03,-1.1057e-03,
   2.5672e-03],
 ...,
 [-7.8604e-03, 8.0771e-03, 1.3596e-02,...,-1.0829e-03,-1.1537e-03,
   3.9063e-03],
 [-5.7794e-03, 6.6186e-03, 1.2320e-03,..., 2.1307e-03,-6.7002e-03,
   5.2298e-03],
 [-2.5870e-03, 1.2748e-02,-2.7763e-03,...,-8.5902e-03, 7.8897e-03,
  -3.5166e-03]]","[[-0.0294, 0.0379,-0.0101,-0.025 , 0.0204, 0.0073, 0.0027, 0.001 ,-0.0059,
   0.0012]]","[ 2.8742,-1.2198,-0.4946,-0.0066,-1.1962, 0.6414, 0.2098,-0.2887,-0.1236,
 -0.277 ]","[0.6963,0.0116,0.024 ,0.0391,0.0119,0.0747,0.0485,0.0295,0.0347,0.0298]","[[0.,0.,0.,...,0.,0.,0.],
 [0.,0.,0.,...,0.,0.,0.],
 [0.,0.,0.,...,0.,0.,0.],
 ...,
 [0.,0.,0.,...,0.,0.,0.],
 [0.,0.,0.,...,0.,0.,0.],
 [0.,0.,0.,...,0.,0.,0.]]","[-0.3037, 0.0116, 0.024 , 0.0391, 0.0119, 0.0747, 0.0485, 0.0295, 0.0347,
  0.0298]","[[ 0.0133,-0.0222, 0.0054, 0.0151,-0.0098,-0.0056,-0.0005, 0.0008, 0.0039,
  -0.0003]]"
17,"[0.  ,0.  ,0.  ,0.  ,0.  ,0.  ,0.  ,0.  ,0.  ,0.  ,0.  ,0.  ,0.  ,0.  ,
 0.  ,0.  ,0.  ,0.  ,0.  ,0.  ,0.  ,0.  ,0.  ,0.  ,0.  ,0.  ,0.  ,0.  ,
 0.  ,0.  ,0.  ,0.  ,0.  ,0.  ,0.  ,0.  ,0.  ,0.  ,0.  ,0.  ,0.  ,0.  ,
 0.  ,0.  ,0.  ,0.  ,0.  ,0.  ,0.  ,0.  ,0.  ,0.  ,0.  ,0.  ,0.  ,0.  ,
 0.  ,0.  ,0.  ,0.  ,0.  ,0.  ,0.  ,0.  ,0.  ,0.  ,0.  ,0.  ,0.  ,0.  ,
 0.  ,0.  ,0.  ,0.  ,0.  ,0.  ,0.  ,0.  ,0.  ,0.  ,0.  ,0.  ,0.  ,0.  ,
 0.  ,0.  ,0.  ,0.  ,0.  ,0.  ,0.  ,0.  ,0.  ,0.  ,0.  ,0.  ,0.  ,0.  ,
 0.  ,0.  ,0.  ,0.  ,0.  ,0.  ,0.  ,0.  ,0.  ,0.  ,0.  ,0.  ,0.  ,0.  ,
 0.  ,0.  ,0.  ,0.  ,0.  ,0.  ,0.  ,0.  ,0.  ,0.  ,0.  ,0.  ,0.  ,0.  ,
 0.  ,0.2 ,0.62,0.99,0.62,0.2 ,0.  ,0.  ,0.  ,0.  ,0.  ,0.  ,0.  ,0.  ,
 0.  ,0.  ,0.  ,0.  ,0.  ,0.  ,0.  ,0.  ,0.  ,0.  ,0.  ,0.  ,0.  ,0.  ,
 0.19,0.93,0.99,0.99,0.99,0.93,0.  ,0.  ,0.  ,0.  ,0.  ,0.  ,0.  ,0.  ,
 0.  ,0.  ,0.  ,0.  ,0.  ,0.  ,0.  ,0.  ,0.  ,0.  ,0.  ,0.  ,0.  ,0.21,
 0.89,0.99,0.99,0.94,0.91,0.99,0.22,0.02,0.  ,0.  ,0.  ,0.  ,0.  ,0.  ,
 0.  ,0.  ,0.  ,0.  ,0.  ,0.  ,0.  ,0.  ,0.  ,0.  ,0.  ,0.04,0.24,0.88,
 0.99,0.99,0.99,0.79,0.33,0.99,0.99,0.48,0.  ,0.  ,0.  ,0.  ,0.  ,0.  ,
 0.  ,0.  ,0.  ,0.  ,0.  ,0.  ,0.  ,0.  ,0.  ,0.  ,0.  ,0.64,0.99,0.99,
 0.99,0.99,0.99,0.99,0.38,0.74,0.99,0.65,0.  ,0.  ,0.  ,0.  ,0.  ,0.  ,
 0.  ,0.  ,0.  ,0.  ,0.  ,0.  ,0.  ,0.  ,0.  ,0.  ,0.2 ,0.93,0.99,0.99,
 0.75,0.45,0.99,0.89,0.18,0.31,1.  ,0.66,0.  ,0.  ,0.  ,0.  ,0.  ,0.  ,
 0.  ,0.  ,0.  ,0.  ,0.  ,0.  ,0.  ,0.  ,0.  ,0.19,0.93,0.99,0.99,0.7 ,
 0.05,0.29,0.47,0.08,0.  ,0.  ,0.99,0.95,0.2 ,0.  ,0.  ,0.  ,0.  ,0.  ,
 0.  ,0.  ,0.  ,0.  ,0.  ,0.  ,0.  ,0.  ,0.15,0.65,0.99,0.91,0.82,0.33,
 0.  ,0.  ,0.  ,0.  ,0.  ,0.  ,0.99,0.99,0.65,0.  ,0.  ,0.  ,0.  ,0.  ,
 0.  ,0.  ,0.  ,0.  ,0.  ,0.  ,0.  ,0.03,0.7 ,0.99,0.94,0.28,0.07,0.11,
 0.  ,0.  ,0.  ,0.  ,0.  ,0.  ,0.99,0.99,0.76,0.  ,0.  ,0.  ,0.  ,0.  ,
 0.  ,0.  ,0.  ,0.  ,0.  ,0.  ,0.  ,0.22,0.99,0.99,0.25,0.  ,0.  ,0.  ,
 0.  ,0.  ,0.  ,0.  ,0.  ,0.  ,0.99,0.99,0.76,0.  ,0.  ,0.  ,0.  ,0.  ,
 0.  ,0.  ,0.  ,0.  ,0.  ,0.  ,0.  ,0.78,0.99,0.75,0.  ,0.  ,0.  ,0.  ,
 0.  ,0.  ,0.  ,0.  ,0.  ,0.  ,1.  ,0.99,0.77,0.  ,0.  ,0.  ,0.  ,0.  ,
 0.  ,0.  ,0.  ,0.  ,0.  ,0.  ,0.3 ,0.96,0.99,0.44,0.  ,0.  ,0.  ,0.  ,
 0.  ,0.  ,0.  ,0.  ,0.  ,0.  ,0.99,0.99,0.58,0.  ,0.  ,0.  ,0.  ,0.  ,
 0.  ,0.  ,0.  ,0.  ,0.  ,0.  ,0.33,0.99,0.9 ,0.1 ,0.  ,0.  ,0.  ,0.  ,
 0.  ,0.  ,0.  ,0.  ,0.03,0.53,0.99,0.73,0.05,0.  ,0.  ,0.  ,0.  ,0.  ,
 0.  ,0.  ,0.  ,0.  ,0.  ,0.  ,0.33,0.99,0.87,0.  ,0.  ,0.  ,0.  ,0.  ,
 0.  ,0.  ,0.  ,0.03,0.51,0.99,0.88,0.28,0.  ,0.  ,0.  ,0.  ,0.  ,0.  ,
 0.  ,0.  ,0.  ,0.  ,0.  ,0.  ,0.33,0.99,0.57,0.  ,0.  ,0.  ,0.  ,0.  ,
 0.  ,0.  ,0.19,0.65,0.99,0.68,0.  ,0.  ,0.  ,0.  ,0.  ,0.  ,0.  ,0.  ,
 0.  ,0.  ,0.  ,0.  ,0.  ,0.  ,0.34,0.99,0.88,0.  ,0.  ,0.  ,0.  ,0.  ,
 0.  ,0.45,0.93,0.99,0.64,0.  ,0.  ,0.  ,0.  ,0.  ,0.  ,0.  ,0.  ,0.  ,
 0.  ,0.  ,0.  ,0.  ,0.  ,0.  ,0.33,0.99,0.98,0.57,0.19,0.11,0.33,0.7 ,
 0.88,0.99,0.87,0.65,0.22,0.  ,0.  ,0.  ,0.  ,0.  ,0.  ,0.  ,0.  ,0.  ,
 0.  ,0.  ,0.  ,0.  ,0.  ,0.  ,0.33,0.99,0.99,0.99,0.9 ,0.84,0.99,0.99,
 0.99,0.77,0.51,0.  ,0.  ,0.  ,0.  ,0.  ,0.  ,0.  ,0.  ,0.  ,0.  ,0.  ,
 0.  ,0.  ,0.  ,0.  ,0.  ,0.  ,0.11,0.78,0.99,0.99,0.99,0.99,0.99,0.91,
 0.57,0.  ,0.  ,0.  ,0.  ,0.  ,0.  ,0.  ,0.  ,0.  ,0.  ,0.  ,0.  ,0.  ,
 0.  ,0.  ,0.  ,0.  ,0.  ,0.  ,0.  ,0.1 ,0.5 ,0.99,0.99,0.99,0.55,0.15,
 0.  ,0.  ,0.  ,0.  ,0.  ,0.  ,0.  ,0.  ,0.  ,0.  ,0.  ,0.  ,0.  ,0.  ,
 0.  ,0.  ,0.  ,0.  ,0.  ,0.  ,0.  ,0.  ,0.  ,0.  ,0.  ,0.  ,0.  ,0.  ,
 0.  ,0.  ,0.  ,0.  ,0.  ,0.  ,0.  ,0.  ,0.  ,0.  ,0.  ,0.  ,0.  ,0.  ,
 0.  ,0.  ,0.  ,0.  ,0.  ,0.  ,0.  ,0.  ,0.  ,0.  ,0.  ,0.  ,0.  ,0.  ,
 0.  ,0.  ,0.  ,0.  ,0.  ,0.  ,0.  ,0.  ,0.  ,0.  ,0.  ,0.  ,0.  ,0.  ,
 0.  ,0.  ,0.  ,0.  ,0.  ,0.  ,0.  ,0.  ,0.  ,0.  ,0.  ,0.  ,0.  ,0.  ,
 0.  ,0.  ,0.  ,0.  ,0.  ,0.  ,0.  ,0.  ,0.  ,0.  ,0.  ,0.  ,0.  ,0.  ,
 0.  ,0.  ,0.  ,0.  ,0.  ,0.  ,0.  ,0.  ,0.  ,0.  ,0.  ,0.  ,0.  ,0.  ,
 0.  ,0.  ,0.  ,0.  ,0.  ,0.  ,0.  ,0.  ,0.  ,0.  ,0.  ,0.  ,0.  ,0.  ]",0,"[[-1.3498e-02,-4.8979e-03, 3.8246e-04,...,-1.1013e-02, 1.8778e-05,
   6.3096e-03],
 [-3.5537e-03,-2.9871e-03,-1.3974e-02,...,-5.6679e-03,-8.3602e-04,
   3.3509e-03],
 [-9.8223e-03,-9.9293e-03, 7.9568e-03,...,-2.7545e-03,-1.1057e-03,
   2.5672e-03],
 ...,
 [-7.8604e-03, 8.0771e-03, 1.3596e-02,...,-1.0829e-03,-1.1537e-03,
   3.9063e-03],
 [-5.7794e-03, 6.6186e-03, 1.2320e-03,..., 2.1307e-03,-6.7002e-03,
   5.2298e-03],
 [-2.5870e-03, 1.2748e-02,-2.7763e-03,...,-8.5902e-03, 7.8897e-03,
  -3.5166e-03]]","[[-0.0307, 0.04  ,-0.0106,-0.0265, 0.0214, 0.0078, 0.0027, 0.0009,-0.0063,
   0.0012]]","[ 2.9671,-1.2642,-0.5214,-0.0114,-1.2416, 0.676 , 0.2189,-0.2999,-0.1203,
 -0.2844]","[0.7151,0.0104,0.0218,0.0364,0.0106,0.0723,0.0458,0.0273,0.0326,0.0277]","[[0.,0.,0.,...,0.,0.,0.],
 [0.,0.,0.,...,0.,0.,0.],
 [0.,0.,0.,...,0.,0.,0.],
 ...,
 [0.,0.,0.,...,0.,0.,0.],
 [0.,0.,0.,...,0.,0.,0.],
 [0.,0.,0.,...,0.,0.,0.]]","[-0.2849, 0.0104, 0.0218, 0.0364, 0.0106, 0.0723, 0.0458, 0.0273, 0.0326,
  0.0277]","[[ 0.0127,-0.0214, 0.0052, 0.0145,-0.0095,-0.0055,-0.0005, 0.0008, 0.0039,
  -0.0002]]"
18,"[0.  ,0.  ,0.  ,0.  ,0.  ,0.  ,0.  ,0.  ,0.  ,0.  ,0.  ,0.  ,0.  ,0.  ,
 0.  ,0.  ,0.  ,0.  ,0.  ,0.  ,0.  ,0.  ,0.  ,0.  ,0.  ,0.  ,0.  ,0.  ,
 0.  ,0.  ,0.  ,0.  ,0.  ,0.  ,0.  ,0.  ,0.  ,0.  ,0.  ,0.  ,0.  ,0.  ,
 0.  ,0.  ,0.  ,0.  ,0.  ,0.  ,0.  ,0.  ,0.  ,0.  ,0.  ,0.  ,0.  ,0.  ,
 0.  ,0.  ,0.  ,0.  ,0.  ,0.  ,0.  ,0.  ,0.  ,0.  ,0.  ,0.  ,0.  ,0.  ,
 0.  ,0.  ,0.  ,0.  ,0.  ,0.  ,0.  ,0.  ,0.  ,0.  ,0.  ,0.  ,0.  ,0.  ,
 0.  ,0.  ,0.  ,0.  ,0.  ,0.  ,0.  ,0.  ,0.  ,0.  ,0.  ,0.  ,0.  ,0.  ,
 0.  ,0.  ,0.  ,0.  ,0.  ,0.  ,0.  ,0.  ,0.  ,0.  ,0.  ,0.  ,0.  ,0.  ,
 0.  ,0.  ,0.  ,0.  ,0.  ,0.  ,0.  ,0.  ,0.  ,0.  ,0.  ,0.  ,0.  ,0.  ,
 0.  ,0.2 ,0.62,0.99,0.62,0.2 ,0.  ,0.  ,0.  ,0.  ,0.  ,0.  ,0.  ,0.  ,
 0.  ,0.  ,0.  ,0.  ,0.  ,0.  ,0.  ,0.  ,0.  ,0.  ,0.  ,0.  ,0.  ,0.  ,
 0.19,0.93,0.99,0.99,0.99,0.93,0.  ,0.  ,0.  ,0.  ,0.  ,0.  ,0.  ,0.  ,
 0.  ,0.  ,0.  ,0.  ,0.  ,0.  ,0.  ,0.  ,0.  ,0.  ,0.  ,0.  ,0.  ,0.21,
 0.89,0.99,0.99,0.94,0.91,0.99,0.22,0.02,0.  ,0.  ,0.  ,0.  ,0.  ,0.  ,
 0.  ,0.  ,0.  ,0.  ,0.  ,0.  ,0.  ,0.  ,0.  ,0.  ,0.  ,0.04,0.24,0.88,
 0.99,0.99,0.99,0.79,0.33,0.99,0.99,0.48,0.  ,0.  ,0.  ,0.  ,0.  ,0.  ,
 0.  ,0.  ,0.  ,0.  ,0.  ,0.  ,0.  ,0.  ,0.  ,0.  ,0.  ,0.64,0.99,0.99,
 0.99,0.99,0.99,0.99,0.38,0.74,0.99,0.65,0.  ,0.  ,0.  ,0.  ,0.  ,0.  ,
 0.  ,0.  ,0.  ,0.  ,0.  ,0.  ,0.  ,0.  ,0.  ,0.  ,0.2 ,0.93,0.99,0.99,
 0.75,0.45,0.99,0.89,0.18,0.31,1.  ,0.66,0.  ,0.  ,0.  ,0.  ,0.  ,0.  ,
 0.  ,0.  ,0.  ,0.  ,0.  ,0.  ,0.  ,0.  ,0.  ,0.19,0.93,0.99,0.99,0.7 ,
 0.05,0.29,0.47,0.08,0.  ,0.  ,0.99,0.95,0.2 ,0.  ,0.  ,0.  ,0.  ,0.  ,
 0.  ,0.  ,0.  ,0.  ,0.  ,0.  ,0.  ,0.  ,0.15,0.65,0.99,0.91,0.82,0.33,
 0.  ,0.  ,0.  ,0.  ,0.  ,0.  ,0.99,0.99,0.65,0.  ,0.  ,0.  ,0.  ,0.  ,
 0.  ,0.  ,0.  ,0.  ,0.  ,0.  ,0.  ,0.03,0.7 ,0.99,0.94,0.28,0.07,0.11,
 0.  ,0.  ,0.  ,0.  ,0.  ,0.  ,0.99,0.99,0.76,0.  ,0.  ,0.  ,0.  ,0.  ,
 0.  ,0.  ,0.  ,0.  ,0.  ,0.  ,0.  ,0.22,0.99,0.99,0.25,0.  ,0.  ,0.  ,
 0.  ,0.  ,0.  ,0.  ,0.  ,0.  ,0.99,0.99,0.76,0.  ,0.  ,0.  ,0.  ,0.  ,
 0.  ,0.  ,0.  ,0.  ,0.  ,0.  ,0.  ,0.78,0.99,0.75,0.  ,0.  ,0.  ,0.  ,
 0.  ,0.  ,0.  ,0.  ,0.  ,0.  ,1.  ,0.99,0.77,0.  ,0.  ,0.  ,0.  ,0.  ,
 0.  ,0.  ,0.  ,0.  ,0.  ,0.  ,0.3 ,0.96,0.99,0.44,0.  ,0.  ,0.  ,0.  ,
 0.  ,0.  ,0.  ,0.  ,0.  ,0.  ,0.99,0.99,0.58,0.  ,0.  ,0.  ,0.  ,0.  ,
 0.  ,0.  ,0.  ,0.  ,0.  ,0.  ,0.33,0.99,0.9 ,0.1 ,0.  ,0.  ,0.  ,0.  ,
 0.  ,0.  ,0.  ,0.  ,0.03,0.53,0.99,0.73,0.05,0.  ,0.  ,0.  ,0.  ,0.  ,
 0.  ,0.  ,0.  ,0.  ,0.  ,0.  ,0.33,0.99,0.87,0.  ,0.  ,0.  ,0.  ,0.  ,
 0.  ,0.  ,0.  ,0.03,0.51,0.99,0.88,0.28,0.  ,0.  ,0.  ,0.  ,0.  ,0.  ,
 0.  ,0.  ,0.  ,0.  ,0.  ,0.  ,0.33,0.99,0.57,0.  ,0.  ,0.  ,0.  ,0.  ,
 0.  ,0.  ,0.19,0.65,0.99,0.68,0.  ,0.  ,0.  ,0.  ,0.  ,0.  ,0.  ,0.  ,
 0.  ,0.  ,0.  ,0.  ,0.  ,0.  ,0.34,0.99,0.88,0.  ,0.  ,0.  ,0.  ,0.  ,
 0.  ,0.45,0.93,0.99,0.64,0.  ,0.  ,0.  ,0.  ,0.  ,0.  ,0.  ,0.  ,0.  ,
 0.  ,0.  ,0.  ,0.  ,0.  ,0.  ,0.33,0.99,0.98,0.57,0.19,0.11,0.33,0.7 ,
 0.88,0.99,0.87,0.65,0.22,0.  ,0.  ,0.  ,0.  ,0.  ,0.  ,0.  ,0.  ,0.  ,
 0.  ,0.  ,0.  ,0.  ,0.  ,0.  ,0.33,0.99,0.99,0.99,0.9 ,0.84,0.99,0.99,
 0.99,0.77,0.51,0.  ,0.  ,0.  ,0.  ,0.  ,0.  ,0.  ,0.  ,0.  ,0.  ,0.  ,
 0.  ,0.  ,0.  ,0.  ,0.  ,0.  ,0.11,0.78,0.99,0.99,0.99,0.99,0.99,0.91,
 0.57,0.  ,0.  ,0.  ,0.  ,0.  ,0.  ,0.  ,0.  ,0.  ,0.  ,0.  ,0.  ,0.  ,
 0.  ,0.  ,0.  ,0.  ,0.  ,0.  ,0.  ,0.1 ,0.5 ,0.99,0.99,0.99,0.55,0.15,
 0.  ,0.  ,0.  ,0.  ,0.  ,0.  ,0.  ,0.  ,0.  ,0.  ,0.  ,0.  ,0.  ,0.  ,
 0.  ,0.  ,0.  ,0.  ,0.  ,0.  ,0.  ,0.  ,0.  ,0.  ,0.  ,0.  ,0.  ,0.  ,
 0.  ,0.  ,0.  ,0.  ,0.  ,0.  ,0.  ,0.  ,0.  ,0.  ,0.  ,0.  ,0.  ,0.  ,
 0.  ,0.  ,0.  ,0.  ,0.  ,0.  ,0.  ,0.  ,0.  ,0.  ,0.  ,0.  ,0.  ,0.  ,
 0.  ,0.  ,0.  ,0.  ,0.  ,0.  ,0.  ,0.  ,0.  ,0.  ,0.  ,0.  ,0.  ,0.  ,
 0.  ,0.  ,0.  ,0.  ,0.  ,0.  ,0.  ,0.  ,0.  ,0.  ,0.  ,0.  ,0.  ,0.  ,
 0.  ,0.  ,0.  ,0.  ,0.  ,0.  ,0.  ,0.  ,0.  ,0.  ,0.  ,0.  ,0.  ,0.  ,
 0.  ,0.  ,0.  ,0.  ,0.  ,0.  ,0.  ,0.  ,0.  ,0.  ,0.  ,0.  ,0.  ,0.  ,
 0.  ,0.  ,0.  ,0.  ,0.  ,0.  ,0.  ,0.  ,0.  ,0.  ,0.  ,0.  ,0.  ,0.  ]",0,"[[-1.3498e-02,-4.8979e-03, 3.8246e-04,...,-1.1013e-02, 1.8778e-05,
   6.3096e-03],
 [-3.5537e-03,-2.9871e-03,-1.3974e-02,...,-5.6679e-03,-8.3602e-04,
   3.3509e-03],
 [-9.8223e-03,-9.9293e-03, 7.9568e-03,...,-2.7545e-03,-1.1057e-03,
   2.5672e-03],
 ...,
 [-7.8604e-03, 8.0771e-03, 1.3596e-02,...,-1.0829e-03,-1.1537e-03,
   3.9063e-03],
 [-5.7794e-03, 6.6186e-03, 1.2320e-03,..., 2.1307e-03,-6.7002e-03,
   5.2298e-03],
 [-2.5870e-03, 1.2748e-02,-2.7763e-03,...,-8.5902e-03, 7.8897e-03,
  -3.5166e-03]]","[[-0.0319, 0.0421,-0.0111,-0.0279, 0.0223, 0.0084, 0.0028, 0.0008,-0.0067,
   0.0012]]","[ 3.0555,-1.3077,-0.547 ,-0.0153,-1.2856, 0.7094, 0.2279,-0.3106,-0.1166,
 -0.2913]","[0.7321,0.0093,0.02  ,0.034 ,0.0095,0.0701,0.0433,0.0253,0.0307,0.0258]","[[0.,0.,0.,...,0.,0.,0.],
 [0.,0.,0.,...,0.,0.,0.],
 [0.,0.,0.,...,0.,0.,0.],
 ...,
 [0.,0.,0.,...,0.,0.,0.],
 [0.,0.,0.,...,0.,0.,0.],
 [0.,0.,0.,...,0.,0.,0.]]","[-0.2679, 0.0093, 0.02  , 0.034 , 0.0095, 0.0701, 0.0433, 0.0253, 0.0307,
  0.0258]","[[ 1.2160e-02,-2.0575e-02, 4.9150e-03, 1.4008e-02,-9.2885e-03,-5.3460e-03,
  -5.5400e-04, 8.7346e-04, 3.8608e-03,-5.3437e-05]]"
19,"[0.  ,0.  ,0.  ,0.  ,0.  ,0.  ,0.  ,0.  ,0.  ,0.  ,0.  ,0.  ,0.  ,0.  ,
 0.  ,0.  ,0.  ,0.  ,0.  ,0.  ,0.  ,0.  ,0.  ,0.  ,0.  ,0.  ,0.  ,0.  ,
 0.  ,0.  ,0.  ,0.  ,0.  ,0.  ,0.  ,0.  ,0.  ,0.  ,0.  ,0.  ,0.  ,0.  ,
 0.  ,0.  ,0.  ,0.  ,0.  ,0.  ,0.  ,0.  ,0.  ,0.  ,0.  ,0.  ,0.  ,0.  ,
 0.  ,0.  ,0.  ,0.  ,0.  ,0.  ,0.  ,0.  ,0.  ,0.  ,0.  ,0.  ,0.  ,0.  ,
 0.  ,0.  ,0.  ,0.  ,0.  ,0.  ,0.  ,0.  ,0.  ,0.  ,0.  ,0.  ,0.  ,0.  ,
 0.  ,0.  ,0.  ,0.  ,0.  ,0.  ,0.  ,0.  ,0.  ,0.  ,0.  ,0.  ,0.  ,0.  ,
 0.  ,0.  ,0.  ,0.  ,0.  ,0.  ,0.  ,0.  ,0.  ,0.  ,0.  ,0.  ,0.  ,0.  ,
 0.  ,0.  ,0.  ,0.  ,0.  ,0.  ,0.  ,0.  ,0.  ,0.  ,0.  ,0.  ,0.  ,0.  ,
 0.  ,0.2 ,0.62,0.99,0.62,0.2 ,0.  ,0.  ,0.  ,0.  ,0.  ,0.  ,0.  ,0.  ,
 0.  ,0.  ,0.  ,0.  ,0.  ,0.  ,0.  ,0.  ,0.  ,0.  ,0.  ,0.  ,0.  ,0.  ,
 0.19,0.93,0.99,0.99,0.99,0.93,0.  ,0.  ,0.  ,0.  ,0.  ,0.  ,0.  ,0.  ,
 0.  ,0.  ,0.  ,0.  ,0.  ,0.  ,0.  ,0.  ,0.  ,0.  ,0.  ,0.  ,0.  ,0.21,
 0.89,0.99,0.99,0.94,0.91,0.99,0.22,0.02,0.  ,0.  ,0.  ,0.  ,0.  ,0.  ,
 0.  ,0.  ,0.  ,0.  ,0.  ,0.  ,0.  ,0.  ,0.  ,0.  ,0.  ,0.04,0.24,0.88,
 0.99,0.99,0.99,0.79,0.33,0.99,0.99,0.48,0.  ,0.  ,0.  ,0.  ,0.  ,0.  ,
 0.  ,0.  ,0.  ,0.  ,0.  ,0.  ,0.  ,0.  ,0.  ,0.  ,0.  ,0.64,0.99,0.99,
 0.99,0.99,0.99,0.99,0.38,0.74,0.99,0.65,0.  ,0.  ,0.  ,0.  ,0.  ,0.  ,
 0.  ,0.  ,0.  ,0.  ,0.  ,0.  ,0.  ,0.  ,0.  ,0.  ,0.2 ,0.93,0.99,0.99,
 0.75,0.45,0.99,0.89,0.18,0.31,1.  ,0.66,0.  ,0.  ,0.  ,0.  ,0.  ,0.  ,
 0.  ,0.  ,0.  ,0.  ,0.  ,0.  ,0.  ,0.  ,0.  ,0.19,0.93,0.99,0.99,0.7 ,
 0.05,0.29,0.47,0.08,0.  ,0.  ,0.99,0.95,0.2 ,0.  ,0.  ,0.  ,0.  ,0.  ,
 0.  ,0.  ,0.  ,0.  ,0.  ,0.  ,0.  ,0.  ,0.15,0.65,0.99,0.91,0.82,0.33,
 0.  ,0.  ,0.  ,0.  ,0.  ,0.  ,0.99,0.99,0.65,0.  ,0.  ,0.  ,0.  ,0.  ,
 0.  ,0.  ,0.  ,0.  ,0.  ,0.  ,0.  ,0.03,0.7 ,0.99,0.94,0.28,0.07,0.11,
 0.  ,0.  ,0.  ,0.  ,0.  ,0.  ,0.99,0.99,0.76,0.  ,0.  ,0.  ,0.  ,0.  ,
 0.  ,0.  ,0.  ,0.  ,0.  ,0.  ,0.  ,0.22,0.99,0.99,0.25,0.  ,0.  ,0.  ,
 0.  ,0.  ,0.  ,0.  ,0.  ,0.  ,0.99,0.99,0.76,0.  ,0.  ,0.  ,0.  ,0.  ,
 0.  ,0.  ,0.  ,0.  ,0.  ,0.  ,0.  ,0.78,0.99,0.75,0.  ,0.  ,0.  ,0.  ,
 0.  ,0.  ,0.  ,0.  ,0.  ,0.  ,1.  ,0.99,0.77,0.  ,0.  ,0.  ,0.  ,0.  ,
 0.  ,0.  ,0.  ,0.  ,0.  ,0.  ,0.3 ,0.96,0.99,0.44,0.  ,0.  ,0.  ,0.  ,
 0.  ,0.  ,0.  ,0.  ,0.  ,0.  ,0.99,0.99,0.58,0.  ,0.  ,0.  ,0.  ,0.  ,
 0.  ,0.  ,0.  ,0.  ,0.  ,0.  ,0.33,0.99,0.9 ,0.1 ,0.  ,0.  ,0.  ,0.  ,
 0.  ,0.  ,0.  ,0.  ,0.03,0.53,0.99,0.73,0.05,0.  ,0.  ,0.  ,0.  ,0.  ,
 0.  ,0.  ,0.  ,0.  ,0.  ,0.  ,0.33,0.99,0.87,0.  ,0.  ,0.  ,0.  ,0.  ,
 0.  ,0.  ,0.  ,0.03,0.51,0.99,0.88,0.28,0.  ,0.  ,0.  ,0.  ,0.  ,0.  ,
 0.  ,0.  ,0.  ,0.  ,0.  ,0.  ,0.33,0.99,0.57,0.  ,0.  ,0.  ,0.  ,0.  ,
 0.  ,0.  ,0.19,0.65,0.99,0.68,0.  ,0.  ,0.  ,0.  ,0.  ,0.  ,0.  ,0.  ,
 0.  ,0.  ,0.  ,0.  ,0.  ,0.  ,0.34,0.99,0.88,0.  ,0.  ,0.  ,0.  ,0.  ,
 0.  ,0.45,0.93,0.99,0.64,0.  ,0.  ,0.  ,0.  ,0.  ,0.  ,0.  ,0.  ,0.  ,
 0.  ,0.  ,0.  ,0.  ,0.  ,0.  ,0.33,0.99,0.98,0.57,0.19,0.11,0.33,0.7 ,
 0.88,0.99,0.87,0.65,0.22,0.  ,0.  ,0.  ,0.  ,0.  ,0.  ,0.  ,0.  ,0.  ,
 0.  ,0.  ,0.  ,0.  ,0.  ,0.  ,0.33,0.99,0.99,0.99,0.9 ,0.84,0.99,0.99,
 0.99,0.77,0.51,0.  ,0.  ,0.  ,0.  ,0.  ,0.  ,0.  ,0.  ,0.  ,0.  ,0.  ,
 0.  ,0.  ,0.  ,0.  ,0.  ,0.  ,0.11,0.78,0.99,0.99,0.99,0.99,0.99,0.91,
 0.57,0.  ,0.  ,0.  ,0.  ,0.  ,0.  ,0.  ,0.  ,0.  ,0.  ,0.  ,0.  ,0.  ,
 0.  ,0.  ,0.  ,0.  ,0.  ,0.  ,0.  ,0.1 ,0.5 ,0.99,0.99,0.99,0.55,0.15,
 0.  ,0.  ,0.  ,0.  ,0.  ,0.  ,0.  ,0.  ,0.  ,0.  ,0.  ,0.  ,0.  ,0.  ,
 0.  ,0.  ,0.  ,0.  ,0.  ,0.  ,0.  ,0.  ,0.  ,0.  ,0.  ,0.  ,0.  ,0.  ,
 0.  ,0.  ,0.  ,0.  ,0.  ,0.  ,0.  ,0.  ,0.  ,0.  ,0.  ,0.  ,0.  ,0.  ,
 0.  ,0.  ,0.  ,0.  ,0.  ,0.  ,0.  ,0.  ,0.  ,0.  ,0.  ,0.  ,0.  ,0.  ,
 0.  ,0.  ,0.  ,0.  ,0.  ,0.  ,0.  ,0.  ,0.  ,0.  ,0.  ,0.  ,0.  ,0.  ,
 0.  ,0.  ,0.  ,0.  ,0.  ,0.  ,0.  ,0.  ,0.  ,0.  ,0.  ,0.  ,0.  ,0.  ,
 0.  ,0.  ,0.  ,0.  ,0.  ,0.  ,0.  ,0.  ,0.  ,0.  ,0.  ,0.  ,0.  ,0.  ,
 0.  ,0.  ,0.  ,0.  ,0.  ,0.  ,0.  ,0.  ,0.  ,0.  ,0.  ,0.  ,0.  ,0.  ,
 0.  ,0.  ,0.  ,0.  ,0.  ,0.  ,0.  ,0.  ,0.  ,0.  ,0.  ,0.  ,0.  ,0.  ]",0,"[[-1.3498e-02,-4.8979e-03, 3.8246e-04,...,-1.1013e-02, 1.8778e-05,
   6.3096e-03],
 [-3.5537e-03,-2.9871e-03,-1.3974e-02,...,-5.6679e-03,-8.3602e-04,
   3.3509e-03],
 [-9.8223e-03,-9.9293e-03, 7.9568e-03,...,-2.7545e-03,-1.1057e-03,
   2.5672e-03],
 ...,
 [-7.8604e-03, 8.0771e-03, 1.3596e-02,...,-1.0829e-03,-1.1537e-03,
   3.9063e-03],
 [-5.7794e-03, 6.6186e-03, 1.2320e-03,..., 2.1307e-03,-6.7002e-03,
   5.2298e-03],
 [-2.5870e-03, 1.2748e-02,-2.7763e-03,...,-8.5902e-03, 7.8897e-03,
  -3.5166e-03]]","[[-0.0331, 0.0441,-0.0116,-0.0292, 0.0232, 0.0089, 0.0028, 0.0007,-0.0071,
   0.0012]]","[ 3.1399,-1.3501,-0.5715,-0.0184,-1.3282, 0.7416, 0.2367,-0.3208,-0.1127,
 -0.2977]","[0.7476,0.0084,0.0183,0.0318,0.0086,0.0679,0.041 ,0.0235,0.0289,0.024 ]","[[0.,0.,0.,...,0.,0.,0.],
 [0.,0.,0.,...,0.,0.,0.],
 [0.,0.,0.,...,0.,0.,0.],
 ...,
 [0.,0.,0.,...,0.,0.,0.],
 [0.,0.,0.,...,0.,0.,0.],
 [0.,0.,0.,...,0.,0.,0.]]","[-0.2524, 0.0084, 0.0183, 0.0318, 0.0086, 0.0679, 0.041 , 0.0235, 0.0289,
  0.024 ]","[[ 1.1638e-02,-1.9794e-02, 4.6593e-03, 1.3524e-02,-9.0477e-03,-5.2229e-03,
  -5.9012e-04, 9.0862e-04, 3.8459e-03, 7.8787e-05]]"
20,"[0.  ,0.  ,0.  ,0.  ,0.  ,0.  ,0.  ,0.  ,0.  ,0.  ,0.  ,0.  ,0.  ,0.  ,
 0.  ,0.  ,0.  ,0.  ,0.  ,0.  ,0.  ,0.  ,0.  ,0.  ,0.  ,0.  ,0.  ,0.  ,
 0.  ,0.  ,0.  ,0.  ,0.  ,0.  ,0.  ,0.  ,0.  ,0.  ,0.  ,0.  ,0.  ,0.  ,
 0.  ,0.  ,0.  ,0.  ,0.  ,0.  ,0.  ,0.  ,0.  ,0.  ,0.  ,0.  ,0.  ,0.  ,
 0.  ,0.  ,0.  ,0.  ,0.  ,0.  ,0.  ,0.  ,0.  ,0.  ,0.  ,0.  ,0.  ,0.  ,
 0.  ,0.  ,0.  ,0.  ,0.  ,0.  ,0.  ,0.  ,0.  ,0.  ,0.  ,0.  ,0.  ,0.  ,
 0.  ,0.  ,0.  ,0.  ,0.  ,0.  ,0.  ,0.  ,0.  ,0.  ,0.  ,0.  ,0.  ,0.  ,
 0.  ,0.  ,0.  ,0.  ,0.  ,0.  ,0.  ,0.  ,0.  ,0.  ,0.  ,0.  ,0.  ,0.  ,
 0.  ,0.  ,0.  ,0.  ,0.  ,0.  ,0.  ,0.  ,0.  ,0.  ,0.  ,0.  ,0.  ,0.  ,
 0.  ,0.2 ,0.62,0.99,0.62,0.2 ,0.  ,0.  ,0.  ,0.  ,0.  ,0.  ,0.  ,0.  ,
 0.  ,0.  ,0.  ,0.  ,0.  ,0.  ,0.  ,0.  ,0.  ,0.  ,0.  ,0.  ,0.  ,0.  ,
 0.19,0.93,0.99,0.99,0.99,0.93,0.  ,0.  ,0.  ,0.  ,0.  ,0.  ,0.  ,0.  ,
 0.  ,0.  ,0.  ,0.  ,0.  ,0.  ,0.  ,0.  ,0.  ,0.  ,0.  ,0.  ,0.  ,0.21,
 0.89,0.99,0.99,0.94,0.91,0.99,0.22,0.02,0.  ,0.  ,0.  ,0.  ,0.  ,0.  ,
 0.  ,0.  ,0.  ,0.  ,0.  ,0.  ,0.  ,0.  ,0.  ,0.  ,0.  ,0.04,0.24,0.88,
 0.99,0.99,0.99,0.79,0.33,0.99,0.99,0.48,0.  ,0.  ,0.  ,0.  ,0.  ,0.  ,
 0.  ,0.  ,0.  ,0.  ,0.  ,0.  ,0.  ,0.  ,0.  ,0.  ,0.  ,0.64,0.99,0.99,
 0.99,0.99,0.99,0.99,0.38,0.74,0.99,0.65,0.  ,0.  ,0.  ,0.  ,0.  ,0.  ,
 0.  ,0.  ,0.  ,0.  ,0.  ,0.  ,0.  ,0.  ,0.  ,0.  ,0.2 ,0.93,0.99,0.99,
 0.75,0.45,0.99,0.89,0.18,0.31,1.  ,0.66,0.  ,0.  ,0.  ,0.  ,0.  ,0.  ,
 0.  ,0.  ,0.  ,0.  ,0.  ,0.  ,0.  ,0.  ,0.  ,0.19,0.93,0.99,0.99,0.7 ,
 0.05,0.29,0.47,0.08,0.  ,0.  ,0.99,0.95,0.2 ,0.  ,0.  ,0.  ,0.  ,0.  ,
 0.  ,0.  ,0.  ,0.  ,0.  ,0.  ,0.  ,0.  ,0.15,0.65,0.99,0.91,0.82,0.33,
 0.  ,0.  ,0.  ,0.  ,0.  ,0.  ,0.99,0.99,0.65,0.  ,0.  ,0.  ,0.  ,0.  ,
 0.  ,0.  ,0.  ,0.  ,0.  ,0.  ,0.  ,0.03,0.7 ,0.99,0.94,0.28,0.07,0.11,
 0.  ,0.  ,0.  ,0.  ,0.  ,0.  ,0.99,0.99,0.76,0.  ,0.  ,0.  ,0.  ,0.  ,
 0.  ,0.  ,0.  ,0.  ,0.  ,0.  ,0.  ,0.22,0.99,0.99,0.25,0.  ,0.  ,0.  ,
 0.  ,0.  ,0.  ,0.  ,0.  ,0.  ,0.99,0.99,0.76,0.  ,0.  ,0.  ,0.  ,0.  ,
 0.  ,0.  ,0.  ,0.  ,0.  ,0.  ,0.  ,0.78,0.99,0.75,0.  ,0.  ,0.  ,0.  ,
 0.  ,0.  ,0.  ,0.  ,0.  ,0.  ,1.  ,0.99,0.77,0.  ,0.  ,0.  ,0.  ,0.  ,
 0.  ,0.  ,0.  ,0.  ,0.  ,0.  ,0.3 ,0.96,0.99,0.44,0.  ,0.  ,0.  ,0.  ,
 0.  ,0.  ,0.  ,0.  ,0.  ,0.  ,0.99,0.99,0.58,0.  ,0.  ,0.  ,0.  ,0.  ,
 0.  ,0.  ,0.  ,0.  ,0.  ,0.  ,0.33,0.99,0.9 ,0.1 ,0.  ,0.  ,0.  ,0.  ,
 0.  ,0.  ,0.  ,0.  ,0.03,0.53,0.99,0.73,0.05,0.  ,0.  ,0.  ,0.  ,0.  ,
 0.  ,0.  ,0.  ,0.  ,0.  ,0.  ,0.33,0.99,0.87,0.  ,0.  ,0.  ,0.  ,0.  ,
 0.  ,0.  ,0.  ,0.03,0.51,0.99,0.88,0.28,0.  ,0.  ,0.  ,0.  ,0.  ,0.  ,
 0.  ,0.  ,0.  ,0.  ,0.  ,0.  ,0.33,0.99,0.57,0.  ,0.  ,0.  ,0.  ,0.  ,
 0.  ,0.  ,0.19,0.65,0.99,0.68,0.  ,0.  ,0.  ,0.  ,0.  ,0.  ,0.  ,0.  ,
 0.  ,0.  ,0.  ,0.  ,0.  ,0.  ,0.34,0.99,0.88,0.  ,0.  ,0.  ,0.  ,0.  ,
 0.  ,0.45,0.93,0.99,0.64,0.  ,0.  ,0.  ,0.  ,0.  ,0.  ,0.  ,0.  ,0.  ,
 0.  ,0.  ,0.  ,0.  ,0.  ,0.  ,0.33,0.99,0.98,0.57,0.19,0.11,0.33,0.7 ,
 0.88,0.99,0.87,0.65,0.22,0.  ,0.  ,0.  ,0.  ,0.  ,0.  ,0.  ,0.  ,0.  ,
 0.  ,0.  ,0.  ,0.  ,0.  ,0.  ,0.33,0.99,0.99,0.99,0.9 ,0.84,0.99,0.99,
 0.99,0.77,0.51,0.  ,0.  ,0.  ,0.  ,0.  ,0.  ,0.  ,0.  ,0.  ,0.  ,0.  ,
 0.  ,0.  ,0.  ,0.  ,0.  ,0.  ,0.11,0.78,0.99,0.99,0.99,0.99,0.99,0.91,
 0.57,0.  ,0.  ,0.  ,0.  ,0.  ,0.  ,0.  ,0.  ,0.  ,0.  ,0.  ,0.  ,0.  ,
 0.  ,0.  ,0.  ,0.  ,0.  ,0.  ,0.  ,0.1 ,0.5 ,0.99,0.99,0.99,0.55,0.15,
 0.  ,0.  ,0.  ,0.  ,0.  ,0.  ,0.  ,0.  ,0.  ,0.  ,0.  ,0.  ,0.  ,0.  ,
 0.  ,0.  ,0.  ,0.  ,0.  ,0.  ,0.  ,0.  ,0.  ,0.  ,0.  ,0.  ,0.  ,0.  ,
 0.  ,0.  ,0.  ,0.  ,0.  ,0.  ,0.  ,0.  ,0.  ,0.  ,0.  ,0.  ,0.  ,0.  ,
 0.  ,0.  ,0.  ,0.  ,0.  ,0.  ,0.  ,0.  ,0.  ,0.  ,0.  ,0.  ,0.  ,0.  ,
 0.  ,0.  ,0.  ,0.  ,0.  ,0.  ,0.  ,0.  ,0.  ,0.  ,0.  ,0.  ,0.  ,0.  ,
 0.  ,0.  ,0.  ,0.  ,0.  ,0.  ,0.  ,0.  ,0.  ,0.  ,0.  ,0.  ,0.  ,0.  ,
 0.  ,0.  ,0.  ,0.  ,0.  ,0.  ,0.  ,0.  ,0.  ,0.  ,0.  ,0.  ,0.  ,0.  ,
 0.  ,0.  ,0.  ,0.  ,0.  ,0.  ,0.  ,0.  ,0.  ,0.  ,0.  ,0.  ,0.  ,0.  ,
 0.  ,0.  ,0.  ,0.  ,0.  ,0.  ,0.  ,0.  ,0.  ,0.  ,0.  ,0.  ,0.  ,0.  ]",0,"[[-1.3498e-02,-4.8979e-03, 3.8246e-04,...,-1.1013e-02, 1.8778e-05,
   6.3096e-03],
 [-3.5537e-03,-2.9871e-03,-1.3974e-02,...,-5.6679e-03,-8.3602e-04,
   3.3509e-03],
 [-9.8223e-03,-9.9293e-03, 7.9568e-03,...,-2.7545e-03,-1.1057e-03,
   2.5672e-03],
 ...,
 [-7.8604e-03, 8.0771e-03, 1.3596e-02,...,-1.0829e-03,-1.1537e-03,
   3.9063e-03],
 [-5.7794e-03, 6.6186e-03, 1.2320e-03,..., 2.1307e-03,-6.7002e-03,
   5.2298e-03],
 [-2.5870e-03, 1.2748e-02,-2.7763e-03,...,-8.5902e-03, 7.8897e-03,
  -3.5166e-03]]","[[-0.0342, 0.046 ,-0.012 ,-0.0305, 0.0241, 0.0094, 0.0029, 0.0006,-0.0074,
   0.0012]]","[ 3.2206,-1.3915,-0.595 ,-0.0208,-1.3694, 0.7725, 0.2454,-0.3306,-0.1085,
 -0.3038]","[0.7618,0.0076,0.0168,0.0298,0.0077,0.0659,0.0389,0.0219,0.0273,0.0224]","[[0.,0.,0.,...,0.,0.,0.],
 [0.,0.,0.,...,0.,0.,0.],
 [0.,0.,0.,...,0.,0.,0.],
 ...,
 [0.,0.,0.,...,0.,0.,0.],
 [0.,0.,0.,...,0.,0.,0.],
 [0.,0.,0.,...,0.,0.,0.]]","[-0.2382, 0.0076, 0.0168, 0.0298, 0.0077, 0.0659, 0.0389, 0.0219, 0.0273,
  0.0224]","[[ 0.0112,-0.019 , 0.0044, 0.0131,-0.0088,-0.0051,-0.0006, 0.0009, 0.0038,
   0.0002]]"
21,"[0.  ,0.  ,0.  ,0.  ,0.  ,0.  ,0.  ,0.  ,0.  ,0.  ,0.  ,0.  ,0.  ,0.  ,
 0.  ,0.  ,0.  ,0.  ,0.  ,0.  ,0.  ,0.  ,0.  ,0.  ,0.  ,0.  ,0.  ,0.  ,
 0.  ,0.  ,0.  ,0.  ,0.  ,0.  ,0.  ,0.  ,0.  ,0.  ,0.  ,0.  ,0.  ,0.  ,
 0.  ,0.  ,0.  ,0.  ,0.  ,0.  ,0.  ,0.  ,0.  ,0.  ,0.  ,0.  ,0.  ,0.  ,
 0.  ,0.  ,0.  ,0.  ,0.  ,0.  ,0.  ,0.  ,0.  ,0.  ,0.  ,0.  ,0.  ,0.  ,
 0.  ,0.  ,0.  ,0.  ,0.  ,0.  ,0.  ,0.  ,0.  ,0.  ,0.  ,0.  ,0.  ,0.  ,
 0.  ,0.  ,0.  ,0.  ,0.  ,0.  ,0.  ,0.  ,0.  ,0.  ,0.  ,0.  ,0.  ,0.  ,
 0.  ,0.  ,0.  ,0.  ,0.  ,0.  ,0.  ,0.  ,0.  ,0.  ,0.  ,0.  ,0.  ,0.  ,
 0.  ,0.  ,0.  ,0.  ,0.  ,0.  ,0.  ,0.  ,0.  ,0.  ,0.  ,0.  ,0.  ,0.  ,
 0.  ,0.2 ,0.62,0.99,0.62,0.2 ,0.  ,0.  ,0.  ,0.  ,0.  ,0.  ,0.  ,0.  ,
 0.  ,0.  ,0.  ,0.  ,0.  ,0.  ,0.  ,0.  ,0.  ,0.  ,0.  ,0.  ,0.  ,0.  ,
 0.19,0.93,0.99,0.99,0.99,0.93,0.  ,0.  ,0.  ,0.  ,0.  ,0.  ,0.  ,0.  ,
 0.  ,0.  ,0.  ,0.  ,0.  ,0.  ,0.  ,0.  ,0.  ,0.  ,0.  ,0.  ,0.  ,0.21,
 0.89,0.99,0.99,0.94,0.91,0.99,0.22,0.02,0.  ,0.  ,0.  ,0.  ,0.  ,0.  ,
 0.  ,0.  ,0.  ,0.  ,0.  ,0.  ,0.  ,0.  ,0.  ,0.  ,0.  ,0.04,0.24,0.88,
 0.99,0.99,0.99,0.79,0.33,0.99,0.99,0.48,0.  ,0.  ,0.  ,0.  ,0.  ,0.  ,
 0.  ,0.  ,0.  ,0.  ,0.  ,0.  ,0.  ,0.  ,0.  ,0.  ,0.  ,0.64,0.99,0.99,
 0.99,0.99,0.99,0.99,0.38,0.74,0.99,0.65,0.  ,0.  ,0.  ,0.  ,0.  ,0.  ,
 0.  ,0.  ,0.  ,0.  ,0.  ,0.  ,0.  ,0.  ,0.  ,0.  ,0.2 ,0.93,0.99,0.99,
 0.75,0.45,0.99,0.89,0.18,0.31,1.  ,0.66,0.  ,0.  ,0.  ,0.  ,0.  ,0.  ,
 0.  ,0.  ,0.  ,0.  ,0.  ,0.  ,0.  ,0.  ,0.  ,0.19,0.93,0.99,0.99,0.7 ,
 0.05,0.29,0.47,0.08,0.  ,0.  ,0.99,0.95,0.2 ,0.  ,0.  ,0.  ,0.  ,0.  ,
 0.  ,0.  ,0.  ,0.  ,0.  ,0.  ,0.  ,0.  ,0.15,0.65,0.99,0.91,0.82,0.33,
 0.  ,0.  ,0.  ,0.  ,0.  ,0.  ,0.99,0.99,0.65,0.  ,0.  ,0.  ,0.  ,0.  ,
 0.  ,0.  ,0.  ,0.  ,0.  ,0.  ,0.  ,0.03,0.7 ,0.99,0.94,0.28,0.07,0.11,
 0.  ,0.  ,0.  ,0.  ,0.  ,0.  ,0.99,0.99,0.76,0.  ,0.  ,0.  ,0.  ,0.  ,
 0.  ,0.  ,0.  ,0.  ,0.  ,0.  ,0.  ,0.22,0.99,0.99,0.25,0.  ,0.  ,0.  ,
 0.  ,0.  ,0.  ,0.  ,0.  ,0.  ,0.99,0.99,0.76,0.  ,0.  ,0.  ,0.  ,0.  ,
 0.  ,0.  ,0.  ,0.  ,0.  ,0.  ,0.  ,0.78,0.99,0.75,0.  ,0.  ,0.  ,0.  ,
 0.  ,0.  ,0.  ,0.  ,0.  ,0.  ,1.  ,0.99,0.77,0.  ,0.  ,0.  ,0.  ,0.  ,
 0.  ,0.  ,0.  ,0.  ,0.  ,0.  ,0.3 ,0.96,0.99,0.44,0.  ,0.  ,0.  ,0.  ,
 0.  ,0.  ,0.  ,0.  ,0.  ,0.  ,0.99,0.99,0.58,0.  ,0.  ,0.  ,0.  ,0.  ,
 0.  ,0.  ,0.  ,0.  ,0.  ,0.  ,0.33,0.99,0.9 ,0.1 ,0.  ,0.  ,0.  ,0.  ,
 0.  ,0.  ,0.  ,0.  ,0.03,0.53,0.99,0.73,0.05,0.  ,0.  ,0.  ,0.  ,0.  ,
 0.  ,0.  ,0.  ,0.  ,0.  ,0.  ,0.33,0.99,0.87,0.  ,0.  ,0.  ,0.  ,0.  ,
 0.  ,0.  ,0.  ,0.03,0.51,0.99,0.88,0.28,0.  ,0.  ,0.  ,0.  ,0.  ,0.  ,
 0.  ,0.  ,0.  ,0.  ,0.  ,0.  ,0.33,0.99,0.57,0.  ,0.  ,0.  ,0.  ,0.  ,
 0.  ,0.  ,0.19,0.65,0.99,0.68,0.  ,0.  ,0.  ,0.  ,0.  ,0.  ,0.  ,0.  ,
 0.  ,0.  ,0.  ,0.  ,0.  ,0.  ,0.34,0.99,0.88,0.  ,0.  ,0.  ,0.  ,0.  ,
 0.  ,0.45,0.93,0.99,0.64,0.  ,0.  ,0.  ,0.  ,0.  ,0.  ,0.  ,0.  ,0.  ,
 0.  ,0.  ,0.  ,0.  ,0.  ,0.  ,0.33,0.99,0.98,0.57,0.19,0.11,0.33,0.7 ,
 0.88,0.99,0.87,0.65,0.22,0.  ,0.  ,0.  ,0.  ,0.  ,0.  ,0.  ,0.  ,0.  ,
 0.  ,0.  ,0.  ,0.  ,0.  ,0.  ,0.33,0.99,0.99,0.99,0.9 ,0.84,0.99,0.99,
 0.99,0.77,0.51,0.  ,0.  ,0.  ,0.  ,0.  ,0.  ,0.  ,0.  ,0.  ,0.  ,0.  ,
 0.  ,0.  ,0.  ,0.  ,0.  ,0.  ,0.11,0.78,0.99,0.99,0.99,0.99,0.99,0.91,
 0.57,0.  ,0.  ,0.  ,0.  ,0.  ,0.  ,0.  ,0.  ,0.  ,0.  ,0.  ,0.  ,0.  ,
 0.  ,0.  ,0.  ,0.  ,0.  ,0.  ,0.  ,0.1 ,0.5 ,0.99,0.99,0.99,0.55,0.15,
 0.  ,0.  ,0.  ,0.  ,0.  ,0.  ,0.  ,0.  ,0.  ,0.  ,0.  ,0.  ,0.  ,0.  ,
 0.  ,0.  ,0.  ,0.  ,0.  ,0.  ,0.  ,0.  ,0.  ,0.  ,0.  ,0.  ,0.  ,0.  ,
 0.  ,0.  ,0.  ,0.  ,0.  ,0.  ,0.  ,0.  ,0.  ,0.  ,0.  ,0.  ,0.  ,0.  ,
 0.  ,0.  ,0.  ,0.  ,0.  ,0.  ,0.  ,0.  ,0.  ,0.  ,0.  ,0.  ,0.  ,0.  ,
 0.  ,0.  ,0.  ,0.  ,0.  ,0.  ,0.  ,0.  ,0.  ,0.  ,0.  ,0.  ,0.  ,0.  ,
 0.  ,0.  ,0.  ,0.  ,0.  ,0.  ,0.  ,0.  ,0.  ,0.  ,0.  ,0.  ,0.  ,0.  ,
 0.  ,0.  ,0.  ,0.  ,0.  ,0.  ,0.  ,0.  ,0.  ,0.  ,0.  ,0.  ,0.  ,0.  ,
 0.  ,0.  ,0.  ,0.  ,0.  ,0.  ,0.  ,0.  ,0.  ,0.  ,0.  ,0.  ,0.  ,0.  ,
 0.  ,0.  ,0.  ,0.  ,0.  ,0.  ,0.  ,0.  ,0.  ,0.  ,0.  ,0.  ,0.  ,0.  ]",0,"[[-1.3498e-02,-4.8979e-03, 3.8246e-04,...,-1.1013e-02, 1.8778e-05,
   6.3096e-03],
 [-3.5537e-03,-2.9871e-03,-1.3974e-02,...,-5.6679e-03,-8.3602e-04,
   3.3509e-03],
 [-9.8223e-03,-9.9293e-03, 7.9568e-03,...,-2.7545e-03,-1.1057e-03,
   2.5672e-03],
 ...,
 [-7.8604e-03, 8.0771e-03, 1.3596e-02,...,-1.0829e-03,-1.1537e-03,
   3.9063e-03],
 [-5.7794e-03, 6.6186e-03, 1.2320e-03,..., 2.1307e-03,-6.7002e-03,
   5.2298e-03],
 [-2.5870e-03, 1.2748e-02,-2.7763e-03,...,-8.5902e-03, 7.8897e-03,
  -3.5166e-03]]","[[-0.0353, 0.0478,-0.0124,-0.0318, 0.025 , 0.0099, 0.003 , 0.0005,-0.0078,
   0.0012]]","[ 3.2979,-1.4321,-0.6175,-0.0225,-1.4094, 0.8023, 0.254 ,-0.3399,-0.1043,
 -0.3096]","[0.7747,0.0068,0.0154,0.028 ,0.007 ,0.0639,0.0369,0.0204,0.0258,0.021 ]","[[0.,0.,0.,...,0.,0.,0.],
 [0.,0.,0.,...,0.,0.,0.],
 [0.,0.,0.,...,0.,0.,0.],
 ...,
 [0.,0.,0.,...,0.,0.,0.],
 [0.,0.,0.,...,0.,0.,0.],
 [0.,0.,0.,...,0.,0.,0.]]","[-0.2253, 0.0068, 0.0154, 0.028 , 0.007 , 0.0639, 0.0369, 0.0204, 0.0258,
  0.021 ]","[[ 0.0107,-0.0183, 0.0042, 0.0126,-0.0086,-0.005 ,-0.0007, 0.0009, 0.0038,
   0.0003]]"
22,"[0.  ,0.  ,0.  ,0.  ,0.  ,0.  ,0.  ,0.  ,0.  ,0.  ,0.  ,0.  ,0.  ,0.  ,
 0.  ,0.  ,0.  ,0.  ,0.  ,0.  ,0.  ,0.  ,0.  ,0.  ,0.  ,0.  ,0.  ,0.  ,
 0.  ,0.  ,0.  ,0.  ,0.  ,0.  ,0.  ,0.  ,0.  ,0.  ,0.  ,0.  ,0.  ,0.  ,
 0.  ,0.  ,0.  ,0.  ,0.  ,0.  ,0.  ,0.  ,0.  ,0.  ,0.  ,0.  ,0.  ,0.  ,
 0.  ,0.  ,0.  ,0.  ,0.  ,0.  ,0.  ,0.  ,0.  ,0.  ,0.  ,0.  ,0.  ,0.  ,
 0.  ,0.  ,0.  ,0.  ,0.  ,0.  ,0.  ,0.  ,0.  ,0.  ,0.  ,0.  ,0.  ,0.  ,
 0.  ,0.  ,0.  ,0.  ,0.  ,0.  ,0.  ,0.  ,0.  ,0.  ,0.  ,0.  ,0.  ,0.  ,
 0.  ,0.  ,0.  ,0.  ,0.  ,0.  ,0.  ,0.  ,0.  ,0.  ,0.  ,0.  ,0.  ,0.  ,
 0.  ,0.  ,0.  ,0.  ,0.  ,0.  ,0.  ,0.  ,0.  ,0.  ,0.  ,0.  ,0.  ,0.  ,
 0.  ,0.2 ,0.62,0.99,0.62,0.2 ,0.  ,0.  ,0.  ,0.  ,0.  ,0.  ,0.  ,0.  ,
 0.  ,0.  ,0.  ,0.  ,0.  ,0.  ,0.  ,0.  ,0.  ,0.  ,0.  ,0.  ,0.  ,0.  ,
 0.19,0.93,0.99,0.99,0.99,0.93,0.  ,0.  ,0.  ,0.  ,0.  ,0.  ,0.  ,0.  ,
 0.  ,0.  ,0.  ,0.  ,0.  ,0.  ,0.  ,0.  ,0.  ,0.  ,0.  ,0.  ,0.  ,0.21,
 0.89,0.99,0.99,0.94,0.91,0.99,0.22,0.02,0.  ,0.  ,0.  ,0.  ,0.  ,0.  ,
 0.  ,0.  ,0.  ,0.  ,0.  ,0.  ,0.  ,0.  ,0.  ,0.  ,0.  ,0.04,0.24,0.88,
 0.99,0.99,0.99,0.79,0.33,0.99,0.99,0.48,0.  ,0.  ,0.  ,0.  ,0.  ,0.  ,
 0.  ,0.  ,0.  ,0.  ,0.  ,0.  ,0.  ,0.  ,0.  ,0.  ,0.  ,0.64,0.99,0.99,
 0.99,0.99,0.99,0.99,0.38,0.74,0.99,0.65,0.  ,0.  ,0.  ,0.  ,0.  ,0.  ,
 0.  ,0.  ,0.  ,0.  ,0.  ,0.  ,0.  ,0.  ,0.  ,0.  ,0.2 ,0.93,0.99,0.99,
 0.75,0.45,0.99,0.89,0.18,0.31,1.  ,0.66,0.  ,0.  ,0.  ,0.  ,0.  ,0.  ,
 0.  ,0.  ,0.  ,0.  ,0.  ,0.  ,0.  ,0.  ,0.  ,0.19,0.93,0.99,0.99,0.7 ,
 0.05,0.29,0.47,0.08,0.  ,0.  ,0.99,0.95,0.2 ,0.  ,0.  ,0.  ,0.  ,0.  ,
 0.  ,0.  ,0.  ,0.  ,0.  ,0.  ,0.  ,0.  ,0.15,0.65,0.99,0.91,0.82,0.33,
 0.  ,0.  ,0.  ,0.  ,0.  ,0.  ,0.99,0.99,0.65,0.  ,0.  ,0.  ,0.  ,0.  ,
 0.  ,0.  ,0.  ,0.  ,0.  ,0.  ,0.  ,0.03,0.7 ,0.99,0.94,0.28,0.07,0.11,
 0.  ,0.  ,0.  ,0.  ,0.  ,0.  ,0.99,0.99,0.76,0.  ,0.  ,0.  ,0.  ,0.  ,
 0.  ,0.  ,0.  ,0.  ,0.  ,0.  ,0.  ,0.22,0.99,0.99,0.25,0.  ,0.  ,0.  ,
 0.  ,0.  ,0.  ,0.  ,0.  ,0.  ,0.99,0.99,0.76,0.  ,0.  ,0.  ,0.  ,0.  ,
 0.  ,0.  ,0.  ,0.  ,0.  ,0.  ,0.  ,0.78,0.99,0.75,0.  ,0.  ,0.  ,0.  ,
 0.  ,0.  ,0.  ,0.  ,0.  ,0.  ,1.  ,0.99,0.77,0.  ,0.  ,0.  ,0.  ,0.  ,
 0.  ,0.  ,0.  ,0.  ,0.  ,0.  ,0.3 ,0.96,0.99,0.44,0.  ,0.  ,0.  ,0.  ,
 0.  ,0.  ,0.  ,0.  ,0.  ,0.  ,0.99,0.99,0.58,0.  ,0.  ,0.  ,0.  ,0.  ,
 0.  ,0.  ,0.  ,0.  ,0.  ,0.  ,0.33,0.99,0.9 ,0.1 ,0.  ,0.  ,0.  ,0.  ,
 0.  ,0.  ,0.  ,0.  ,0.03,0.53,0.99,0.73,0.05,0.  ,0.  ,0.  ,0.  ,0.  ,
 0.  ,0.  ,0.  ,0.  ,0.  ,0.  ,0.33,0.99,0.87,0.  ,0.  ,0.  ,0.  ,0.  ,
 0.  ,0.  ,0.  ,0.03,0.51,0.99,0.88,0.28,0.  ,0.  ,0.  ,0.  ,0.  ,0.  ,
 0.  ,0.  ,0.  ,0.  ,0.  ,0.  ,0.33,0.99,0.57,0.  ,0.  ,0.  ,0.  ,0.  ,
 0.  ,0.  ,0.19,0.65,0.99,0.68,0.  ,0.  ,0.  ,0.  ,0.  ,0.  ,0.  ,0.  ,
 0.  ,0.  ,0.  ,0.  ,0.  ,0.  ,0.34,0.99,0.88,0.  ,0.  ,0.  ,0.  ,0.  ,
 0.  ,0.45,0.93,0.99,0.64,0.  ,0.  ,0.  ,0.  ,0.  ,0.  ,0.  ,0.  ,0.  ,
 0.  ,0.  ,0.  ,0.  ,0.  ,0.  ,0.33,0.99,0.98,0.57,0.19,0.11,0.33,0.7 ,
 0.88,0.99,0.87,0.65,0.22,0.  ,0.  ,0.  ,0.  ,0.  ,0.  ,0.  ,0.  ,0.  ,
 0.  ,0.  ,0.  ,0.  ,0.  ,0.  ,0.33,0.99,0.99,0.99,0.9 ,0.84,0.99,0.99,
 0.99,0.77,0.51,0.  ,0.  ,0.  ,0.  ,0.  ,0.  ,0.  ,0.  ,0.  ,0.  ,0.  ,
 0.  ,0.  ,0.  ,0.  ,0.  ,0.  ,0.11,0.78,0.99,0.99,0.99,0.99,0.99,0.91,
 0.57,0.  ,0.  ,0.  ,0.  ,0.  ,0.  ,0.  ,0.  ,0.  ,0.  ,0.  ,0.  ,0.  ,
 0.  ,0.  ,0.  ,0.  ,0.  ,0.  ,0.  ,0.1 ,0.5 ,0.99,0.99,0.99,0.55,0.15,
 0.  ,0.  ,0.  ,0.  ,0.  ,0.  ,0.  ,0.  ,0.  ,0.  ,0.  ,0.  ,0.  ,0.  ,
 0.  ,0.  ,0.  ,0.  ,0.  ,0.  ,0.  ,0.  ,0.  ,0.  ,0.  ,0.  ,0.  ,0.  ,
 0.  ,0.  ,0.  ,0.  ,0.  ,0.  ,0.  ,0.  ,0.  ,0.  ,0.  ,0.  ,0.  ,0.  ,
 0.  ,0.  ,0.  ,0.  ,0.  ,0.  ,0.  ,0.  ,0.  ,0.  ,0.  ,0.  ,0.  ,0.  ,
 0.  ,0.  ,0.  ,0.  ,0.  ,0.  ,0.  ,0.  ,0.  ,0.  ,0.  ,0.  ,0.  ,0.  ,
 0.  ,0.  ,0.  ,0.  ,0.  ,0.  ,0.  ,0.  ,0.  ,0.  ,0.  ,0.  ,0.  ,0.  ,
 0.  ,0.  ,0.  ,0.  ,0.  ,0.  ,0.  ,0.  ,0.  ,0.  ,0.  ,0.  ,0.  ,0.  ,
 0.  ,0.  ,0.  ,0.  ,0.  ,0.  ,0.  ,0.  ,0.  ,0.  ,0.  ,0.  ,0.  ,0.  ,
 0.  ,0.  ,0.  ,0.  ,0.  ,0.  ,0.  ,0.  ,0.  ,0.  ,0.  ,0.  ,0.  ,0.  ]",0,"[[-1.3498e-02,-4.8979e-03, 3.8246e-04,...,-1.1013e-02, 1.8778e-05,
   6.3096e-03],
 [-3.5537e-03,-2.9871e-03,-1.3974e-02,...,-5.6679e-03,-8.3602e-04,
   3.3509e-03],
 [-9.8223e-03,-9.9293e-03, 7.9568e-03,...,-2.7545e-03,-1.1057e-03,
   2.5672e-03],
 ...,
 [-7.8604e-03, 8.0771e-03, 1.3596e-02,...,-1.0829e-03,-1.1537e-03,
   3.9063e-03],
 [-5.7794e-03, 6.6186e-03, 1.2320e-03,..., 2.1307e-03,-6.7002e-03,
   5.2298e-03],
 [-2.5870e-03, 1.2748e-02,-2.7763e-03,...,-8.5902e-03, 7.8897e-03,
  -3.5166e-03]]","[[-0.0363, 0.0496,-0.0128,-0.033 , 0.0258, 0.0104, 0.003 , 0.0004,-0.0082,
   0.0011]]","[ 3.372 ,-1.4717,-0.6392,-0.0236,-1.4481, 0.8309, 0.2626,-0.3489,-0.1   ,
 -0.3151]","[0.7866,0.0062,0.0142,0.0264,0.0063,0.062 ,0.0351,0.019 ,0.0244,0.0197]","[[0.,0.,0.,...,0.,0.,0.],
 [0.,0.,0.,...,0.,0.,0.],
 [0.,0.,0.,...,0.,0.,0.],
 ...,
 [0.,0.,0.,...,0.,0.,0.],
 [0.,0.,0.,...,0.,0.,0.],
 [0.,0.,0.,...,0.,0.,0.]]","[-0.2134, 0.0062, 0.0142, 0.0264, 0.0063, 0.062 , 0.0351, 0.019 , 0.0244,
  0.0197]","[[ 0.0103,-0.0177, 0.004 , 0.0122,-0.0084,-0.0049,-0.0007, 0.001 , 0.0038,
   0.0004]]"
23,"[0.  ,0.  ,0.  ,0.  ,0.  ,0.  ,0.  ,0.  ,0.  ,0.  ,0.  ,0.  ,0.  ,0.  ,
 0.  ,0.  ,0.  ,0.  ,0.  ,0.  ,0.  ,0.  ,0.  ,0.  ,0.  ,0.  ,0.  ,0.  ,
 0.  ,0.  ,0.  ,0.  ,0.  ,0.  ,0.  ,0.  ,0.  ,0.  ,0.  ,0.  ,0.  ,0.  ,
 0.  ,0.  ,0.  ,0.  ,0.  ,0.  ,0.  ,0.  ,0.  ,0.  ,0.  ,0.  ,0.  ,0.  ,
 0.  ,0.  ,0.  ,0.  ,0.  ,0.  ,0.  ,0.  ,0.  ,0.  ,0.  ,0.  ,0.  ,0.  ,
 0.  ,0.  ,0.  ,0.  ,0.  ,0.  ,0.  ,0.  ,0.  ,0.  ,0.  ,0.  ,0.  ,0.  ,
 0.  ,0.  ,0.  ,0.  ,0.  ,0.  ,0.  ,0.  ,0.  ,0.  ,0.  ,0.  ,0.  ,0.  ,
 0.  ,0.  ,0.  ,0.  ,0.  ,0.  ,0.  ,0.  ,0.  ,0.  ,0.  ,0.  ,0.  ,0.  ,
 0.  ,0.  ,0.  ,0.  ,0.  ,0.  ,0.  ,0.  ,0.  ,0.  ,0.  ,0.  ,0.  ,0.  ,
 0.  ,0.2 ,0.62,0.99,0.62,0.2 ,0.  ,0.  ,0.  ,0.  ,0.  ,0.  ,0.  ,0.  ,
 0.  ,0.  ,0.  ,0.  ,0.  ,0.  ,0.  ,0.  ,0.  ,0.  ,0.  ,0.  ,0.  ,0.  ,
 0.19,0.93,0.99,0.99,0.99,0.93,0.  ,0.  ,0.  ,0.  ,0.  ,0.  ,0.  ,0.  ,
 0.  ,0.  ,0.  ,0.  ,0.  ,0.  ,0.  ,0.  ,0.  ,0.  ,0.  ,0.  ,0.  ,0.21,
 0.89,0.99,0.99,0.94,0.91,0.99,0.22,0.02,0.  ,0.  ,0.  ,0.  ,0.  ,0.  ,
 0.  ,0.  ,0.  ,0.  ,0.  ,0.  ,0.  ,0.  ,0.  ,0.  ,0.  ,0.04,0.24,0.88,
 0.99,0.99,0.99,0.79,0.33,0.99,0.99,0.48,0.  ,0.  ,0.  ,0.  ,0.  ,0.  ,
 0.  ,0.  ,0.  ,0.  ,0.  ,0.  ,0.  ,0.  ,0.  ,0.  ,0.  ,0.64,0.99,0.99,
 0.99,0.99,0.99,0.99,0.38,0.74,0.99,0.65,0.  ,0.  ,0.  ,0.  ,0.  ,0.  ,
 0.  ,0.  ,0.  ,0.  ,0.  ,0.  ,0.  ,0.  ,0.  ,0.  ,0.2 ,0.93,0.99,0.99,
 0.75,0.45,0.99,0.89,0.18,0.31,1.  ,0.66,0.  ,0.  ,0.  ,0.  ,0.  ,0.  ,
 0.  ,0.  ,0.  ,0.  ,0.  ,0.  ,0.  ,0.  ,0.  ,0.19,0.93,0.99,0.99,0.7 ,
 0.05,0.29,0.47,0.08,0.  ,0.  ,0.99,0.95,0.2 ,0.  ,0.  ,0.  ,0.  ,0.  ,
 0.  ,0.  ,0.  ,0.  ,0.  ,0.  ,0.  ,0.  ,0.15,0.65,0.99,0.91,0.82,0.33,
 0.  ,0.  ,0.  ,0.  ,0.  ,0.  ,0.99,0.99,0.65,0.  ,0.  ,0.  ,0.  ,0.  ,
 0.  ,0.  ,0.  ,0.  ,0.  ,0.  ,0.  ,0.03,0.7 ,0.99,0.94,0.28,0.07,0.11,
 0.  ,0.  ,0.  ,0.  ,0.  ,0.  ,0.99,0.99,0.76,0.  ,0.  ,0.  ,0.  ,0.  ,
 0.  ,0.  ,0.  ,0.  ,0.  ,0.  ,0.  ,0.22,0.99,0.99,0.25,0.  ,0.  ,0.  ,
 0.  ,0.  ,0.  ,0.  ,0.  ,0.  ,0.99,0.99,0.76,0.  ,0.  ,0.  ,0.  ,0.  ,
 0.  ,0.  ,0.  ,0.  ,0.  ,0.  ,0.  ,0.78,0.99,0.75,0.  ,0.  ,0.  ,0.  ,
 0.  ,0.  ,0.  ,0.  ,0.  ,0.  ,1.  ,0.99,0.77,0.  ,0.  ,0.  ,0.  ,0.  ,
 0.  ,0.  ,0.  ,0.  ,0.  ,0.  ,0.3 ,0.96,0.99,0.44,0.  ,0.  ,0.  ,0.  ,
 0.  ,0.  ,0.  ,0.  ,0.  ,0.  ,0.99,0.99,0.58,0.  ,0.  ,0.  ,0.  ,0.  ,
 0.  ,0.  ,0.  ,0.  ,0.  ,0.  ,0.33,0.99,0.9 ,0.1 ,0.  ,0.  ,0.  ,0.  ,
 0.  ,0.  ,0.  ,0.  ,0.03,0.53,0.99,0.73,0.05,0.  ,0.  ,0.  ,0.  ,0.  ,
 0.  ,0.  ,0.  ,0.  ,0.  ,0.  ,0.33,0.99,0.87,0.  ,0.  ,0.  ,0.  ,0.  ,
 0.  ,0.  ,0.  ,0.03,0.51,0.99,0.88,0.28,0.  ,0.  ,0.  ,0.  ,0.  ,0.  ,
 0.  ,0.  ,0.  ,0.  ,0.  ,0.  ,0.33,0.99,0.57,0.  ,0.  ,0.  ,0.  ,0.  ,
 0.  ,0.  ,0.19,0.65,0.99,0.68,0.  ,0.  ,0.  ,0.  ,0.  ,0.  ,0.  ,0.  ,
 0.  ,0.  ,0.  ,0.  ,0.  ,0.  ,0.34,0.99,0.88,0.  ,0.  ,0.  ,0.  ,0.  ,
 0.  ,0.45,0.93,0.99,0.64,0.  ,0.  ,0.  ,0.  ,0.  ,0.  ,0.  ,0.  ,0.  ,
 0.  ,0.  ,0.  ,0.  ,0.  ,0.  ,0.33,0.99,0.98,0.57,0.19,0.11,0.33,0.7 ,
 0.88,0.99,0.87,0.65,0.22,0.  ,0.  ,0.  ,0.  ,0.  ,0.  ,0.  ,0.  ,0.  ,
 0.  ,0.  ,0.  ,0.  ,0.  ,0.  ,0.33,0.99,0.99,0.99,0.9 ,0.84,0.99,0.99,
 0.99,0.77,0.51,0.  ,0.  ,0.  ,0.  ,0.  ,0.  ,0.  ,0.  ,0.  ,0.  ,0.  ,
 0.  ,0.  ,0.  ,0.  ,0.  ,0.  ,0.11,0.78,0.99,0.99,0.99,0.99,0.99,0.91,
 0.57,0.  ,0.  ,0.  ,0.  ,0.  ,0.  ,0.  ,0.  ,0.  ,0.  ,0.  ,0.  ,0.  ,
 0.  ,0.  ,0.  ,0.  ,0.  ,0.  ,0.  ,0.1 ,0.5 ,0.99,0.99,0.99,0.55,0.15,
 0.  ,0.  ,0.  ,0.  ,0.  ,0.  ,0.  ,0.  ,0.  ,0.  ,0.  ,0.  ,0.  ,0.  ,
 0.  ,0.  ,0.  ,0.  ,0.  ,0.  ,0.  ,0.  ,0.  ,0.  ,0.  ,0.  ,0.  ,0.  ,
 0.  ,0.  ,0.  ,0.  ,0.  ,0.  ,0.  ,0.  ,0.  ,0.  ,0.  ,0.  ,0.  ,0.  ,
 0.  ,0.  ,0.  ,0.  ,0.  ,0.  ,0.  ,0.  ,0.  ,0.  ,0.  ,0.  ,0.  ,0.  ,
 0.  ,0.  ,0.  ,0.  ,0.  ,0.  ,0.  ,0.  ,0.  ,0.  ,0.  ,0.  ,0.  ,0.  ,
 0.  ,0.  ,0.  ,0.  ,0.  ,0.  ,0.  ,0.  ,0.  ,0.  ,0.  ,0.  ,0.  ,0.  ,
 0.  ,0.  ,0.  ,0.  ,0.  ,0.  ,0.  ,0.  ,0.  ,0.  ,0.  ,0.  ,0.  ,0.  ,
 0.  ,0.  ,0.  ,0.  ,0.  ,0.  ,0.  ,0.  ,0.  ,0.  ,0.  ,0.  ,0.  ,0.  ,
 0.  ,0.  ,0.  ,0.  ,0.  ,0.  ,0.  ,0.  ,0.  ,0.  ,0.  ,0.  ,0.  ,0.  ]",0,"[[-1.3498e-02,-4.8979e-03, 3.8246e-04,...,-1.1013e-02, 1.8778e-05,
   6.3096e-03],
 [-3.5537e-03,-2.9871e-03,-1.3974e-02,...,-5.6679e-03,-8.3602e-04,
   3.3509e-03],
 [-9.8223e-03,-9.9293e-03, 7.9568e-03,...,-2.7545e-03,-1.1057e-03,
   2.5672e-03],
 ...,
 [-7.8604e-03, 8.0771e-03, 1.3596e-02,...,-1.0829e-03,-1.1537e-03,
   3.9063e-03],
 [-5.7794e-03, 6.6186e-03, 1.2320e-03,..., 2.1307e-03,-6.7002e-03,
   5.2298e-03],
 [-2.5870e-03, 1.2748e-02,-2.7763e-03,...,-8.5902e-03, 7.8897e-03,
  -3.5166e-03]]","[[-0.0373, 0.0513,-0.0132,-0.0342, 0.0266, 0.0109, 0.0031, 0.0003,-0.0086,
   0.0011]]","[ 3.4431,-1.5104,-0.66  ,-0.0242,-1.4857, 0.8584, 0.2711,-0.3574,-0.0957,
 -0.3205]","[0.7975,0.0056,0.0132,0.0249,0.0058,0.0601,0.0334,0.0178,0.0232,0.0185]","[[0.,0.,0.,...,0.,0.,0.],
 [0.,0.,0.,...,0.,0.,0.],
 [0.,0.,0.,...,0.,0.,0.],
 ...,
 [0.,0.,0.,...,0.,0.,0.],
 [0.,0.,0.,...,0.,0.,0.],
 [0.,0.,0.,...,0.,0.,0.]]","[-0.2025, 0.0056, 0.0132, 0.0249, 0.0058, 0.0601, 0.0334, 0.0178, 0.0232,
  0.0185]","[[ 0.0099,-0.017 , 0.0037, 0.0118,-0.0082,-0.0048,-0.0007, 0.001 , 0.0038,
   0.0006]]"
24,"[0.  ,0.  ,0.  ,0.  ,0.  ,0.  ,0.  ,0.  ,0.  ,0.  ,0.  ,0.  ,0.  ,0.  ,
 0.  ,0.  ,0.  ,0.  ,0.  ,0.  ,0.  ,0.  ,0.  ,0.  ,0.  ,0.  ,0.  ,0.  ,
 0.  ,0.  ,0.  ,0.  ,0.  ,0.  ,0.  ,0.  ,0.  ,0.  ,0.  ,0.  ,0.  ,0.  ,
 0.  ,0.  ,0.  ,0.  ,0.  ,0.  ,0.  ,0.  ,0.  ,0.  ,0.  ,0.  ,0.  ,0.  ,
 0.  ,0.  ,0.  ,0.  ,0.  ,0.  ,0.  ,0.  ,0.  ,0.  ,0.  ,0.  ,0.  ,0.  ,
 0.  ,0.  ,0.  ,0.  ,0.  ,0.  ,0.  ,0.  ,0.  ,0.  ,0.  ,0.  ,0.  ,0.  ,
 0.  ,0.  ,0.  ,0.  ,0.  ,0.  ,0.  ,0.  ,0.  ,0.  ,0.  ,0.  ,0.  ,0.  ,
 0.  ,0.  ,0.  ,0.  ,0.  ,0.  ,0.  ,0.  ,0.  ,0.  ,0.  ,0.  ,0.  ,0.  ,
 0.  ,0.  ,0.  ,0.  ,0.  ,0.  ,0.  ,0.  ,0.  ,0.  ,0.  ,0.  ,0.  ,0.  ,
 0.  ,0.2 ,0.62,0.99,0.62,0.2 ,0.  ,0.  ,0.  ,0.  ,0.  ,0.  ,0.  ,0.  ,
 0.  ,0.  ,0.  ,0.  ,0.  ,0.  ,0.  ,0.  ,0.  ,0.  ,0.  ,0.  ,0.  ,0.  ,
 0.19,0.93,0.99,0.99,0.99,0.93,0.  ,0.  ,0.  ,0.  ,0.  ,0.  ,0.  ,0.  ,
 0.  ,0.  ,0.  ,0.  ,0.  ,0.  ,0.  ,0.  ,0.  ,0.  ,0.  ,0.  ,0.  ,0.21,
 0.89,0.99,0.99,0.94,0.91,0.99,0.22,0.02,0.  ,0.  ,0.  ,0.  ,0.  ,0.  ,
 0.  ,0.  ,0.  ,0.  ,0.  ,0.  ,0.  ,0.  ,0.  ,0.  ,0.  ,0.04,0.24,0.88,
 0.99,0.99,0.99,0.79,0.33,0.99,0.99,0.48,0.  ,0.  ,0.  ,0.  ,0.  ,0.  ,
 0.  ,0.  ,0.  ,0.  ,0.  ,0.  ,0.  ,0.  ,0.  ,0.  ,0.  ,0.64,0.99,0.99,
 0.99,0.99,0.99,0.99,0.38,0.74,0.99,0.65,0.  ,0.  ,0.  ,0.  ,0.  ,0.  ,
 0.  ,0.  ,0.  ,0.  ,0.  ,0.  ,0.  ,0.  ,0.  ,0.  ,0.2 ,0.93,0.99,0.99,
 0.75,0.45,0.99,0.89,0.18,0.31,1.  ,0.66,0.  ,0.  ,0.  ,0.  ,0.  ,0.  ,
 0.  ,0.  ,0.  ,0.  ,0.  ,0.  ,0.  ,0.  ,0.  ,0.19,0.93,0.99,0.99,0.7 ,
 0.05,0.29,0.47,0.08,0.  ,0.  ,0.99,0.95,0.2 ,0.  ,0.  ,0.  ,0.  ,0.  ,
 0.  ,0.  ,0.  ,0.  ,0.  ,0.  ,0.  ,0.  ,0.15,0.65,0.99,0.91,0.82,0.33,
 0.  ,0.  ,0.  ,0.  ,0.  ,0.  ,0.99,0.99,0.65,0.  ,0.  ,0.  ,0.  ,0.  ,
 0.  ,0.  ,0.  ,0.  ,0.  ,0.  ,0.  ,0.03,0.7 ,0.99,0.94,0.28,0.07,0.11,
 0.  ,0.  ,0.  ,0.  ,0.  ,0.  ,0.99,0.99,0.76,0.  ,0.  ,0.  ,0.  ,0.  ,
 0.  ,0.  ,0.  ,0.  ,0.  ,0.  ,0.  ,0.22,0.99,0.99,0.25,0.  ,0.  ,0.  ,
 0.  ,0.  ,0.  ,0.  ,0.  ,0.  ,0.99,0.99,0.76,0.  ,0.  ,0.  ,0.  ,0.  ,
 0.  ,0.  ,0.  ,0.  ,0.  ,0.  ,0.  ,0.78,0.99,0.75,0.  ,0.  ,0.  ,0.  ,
 0.  ,0.  ,0.  ,0.  ,0.  ,0.  ,1.  ,0.99,0.77,0.  ,0.  ,0.  ,0.  ,0.  ,
 0.  ,0.  ,0.  ,0.  ,0.  ,0.  ,0.3 ,0.96,0.99,0.44,0.  ,0.  ,0.  ,0.  ,
 0.  ,0.  ,0.  ,0.  ,0.  ,0.  ,0.99,0.99,0.58,0.  ,0.  ,0.  ,0.  ,0.  ,
 0.  ,0.  ,0.  ,0.  ,0.  ,0.  ,0.33,0.99,0.9 ,0.1 ,0.  ,0.  ,0.  ,0.  ,
 0.  ,0.  ,0.  ,0.  ,0.03,0.53,0.99,0.73,0.05,0.  ,0.  ,0.  ,0.  ,0.  ,
 0.  ,0.  ,0.  ,0.  ,0.  ,0.  ,0.33,0.99,0.87,0.  ,0.  ,0.  ,0.  ,0.  ,
 0.  ,0.  ,0.  ,0.03,0.51,0.99,0.88,0.28,0.  ,0.  ,0.  ,0.  ,0.  ,0.  ,
 0.  ,0.  ,0.  ,0.  ,0.  ,0.  ,0.33,0.99,0.57,0.  ,0.  ,0.  ,0.  ,0.  ,
 0.  ,0.  ,0.19,0.65,0.99,0.68,0.  ,0.  ,0.  ,0.  ,0.  ,0.  ,0.  ,0.  ,
 0.  ,0.  ,0.  ,0.  ,0.  ,0.  ,0.34,0.99,0.88,0.  ,0.  ,0.  ,0.  ,0.  ,
 0.  ,0.45,0.93,0.99,0.64,0.  ,0.  ,0.  ,0.  ,0.  ,0.  ,0.  ,0.  ,0.  ,
 0.  ,0.  ,0.  ,0.  ,0.  ,0.  ,0.33,0.99,0.98,0.57,0.19,0.11,0.33,0.7 ,
 0.88,0.99,0.87,0.65,0.22,0.  ,0.  ,0.  ,0.  ,0.  ,0.  ,0.  ,0.  ,0.  ,
 0.  ,0.  ,0.  ,0.  ,0.  ,0.  ,0.33,0.99,0.99,0.99,0.9 ,0.84,0.99,0.99,
 0.99,0.77,0.51,0.  ,0.  ,0.  ,0.  ,0.  ,0.  ,0.  ,0.  ,0.  ,0.  ,0.  ,
 0.  ,0.  ,0.  ,0.  ,0.  ,0.  ,0.11,0.78,0.99,0.99,0.99,0.99,0.99,0.91,
 0.57,0.  ,0.  ,0.  ,0.  ,0.  ,0.  ,0.  ,0.  ,0.  ,0.  ,0.  ,0.  ,0.  ,
 0.  ,0.  ,0.  ,0.  ,0.  ,0.  ,0.  ,0.1 ,0.5 ,0.99,0.99,0.99,0.55,0.15,
 0.  ,0.  ,0.  ,0.  ,0.  ,0.  ,0.  ,0.  ,0.  ,0.  ,0.  ,0.  ,0.  ,0.  ,
 0.  ,0.  ,0.  ,0.  ,0.  ,0.  ,0.  ,0.  ,0.  ,0.  ,0.  ,0.  ,0.  ,0.  ,
 0.  ,0.  ,0.  ,0.  ,0.  ,0.  ,0.  ,0.  ,0.  ,0.  ,0.  ,0.  ,0.  ,0.  ,
 0.  ,0.  ,0.  ,0.  ,0.  ,0.  ,0.  ,0.  ,0.  ,0.  ,0.  ,0.  ,0.  ,0.  ,
 0.  ,0.  ,0.  ,0.  ,0.  ,0.  ,0.  ,0.  ,0.  ,0.  ,0.  ,0.  ,0.  ,0.  ,
 0.  ,0.  ,0.  ,0.  ,0.  ,0.  ,0.  ,0.  ,0.  ,0.  ,0.  ,0.  ,0.  ,0.  ,
 0.  ,0.  ,0.  ,0.  ,0.  ,0.  ,0.  ,0.  ,0.  ,0.  ,0.  ,0.  ,0.  ,0.  ,
 0.  ,0.  ,0.  ,0.  ,0.  ,0.  ,0.  ,0.  ,0.  ,0.  ,0.  ,0.  ,0.  ,0.  ,
 0.  ,0.  ,0.  ,0.  ,0.  ,0.  ,0.  ,0.  ,0.  ,0.  ,0.  ,0.  ,0.  ,0.  ]",0,"[[-1.3498e-02,-4.8979e-03, 3.8246e-04,...,-1.1013e-02, 1.8778e-05,
   6.3096e-03],
 [-3.5537e-03,-2.9871e-03,-1.3974e-02,...,-5.6679e-03,-8.3602e-04,
   3.3509e-03],
 [-9.8223e-03,-9.9293e-03, 7.9568e-03,...,-2.7545e-03,-1.1057e-03,
   2.5672e-03],
 ...,
 [-7.8604e-03, 8.0771e-03, 1.3596e-02,...,-1.0829e-03,-1.1537e-03,
   3.9063e-03],
 [-5.7794e-03, 6.6186e-03, 1.2320e-03,..., 2.1307e-03,-6.7002e-03,
   5.2298e-03],
 [-2.5870e-03, 1.2748e-02,-2.7763e-03,...,-8.5902e-03, 7.8897e-03,
  -3.5166e-03]]","[[-0.0382, 0.0529,-0.0135,-0.0354, 0.0274, 0.0113, 0.0032, 0.0002,-0.009 ,
   0.001 ]]","[ 3.5116,-1.5482,-0.68  ,-0.0243,-1.5221, 0.8849, 0.2797,-0.3656,-0.0915,
 -0.3256]","[0.8075,0.0051,0.0122,0.0235,0.0053,0.0584,0.0319,0.0167,0.022 ,0.0174]","[[0.,0.,0.,...,0.,0.,0.],
 [0.,0.,0.,...,0.,0.,0.],
 [0.,0.,0.,...,0.,0.,0.],
 ...,
 [0.,0.,0.,...,0.,0.,0.],
 [0.,0.,0.,...,0.,0.,0.],
 [0.,0.,0.,...,0.,0.,0.]]","[-0.1925, 0.0051, 0.0122, 0.0235, 0.0053, 0.0584, 0.0319, 0.0167, 0.022 ,
  0.0174]","[[ 0.0095,-0.0164, 0.0035, 0.0115,-0.008 ,-0.0046,-0.0008, 0.0009, 0.0038,
   0.0007]]"
25,"[0.  ,0.  ,0.  ,0.  ,0.  ,0.  ,0.  ,0.  ,0.  ,0.  ,0.  ,0.  ,0.  ,0.  ,
 0.  ,0.  ,0.  ,0.  ,0.  ,0.  ,0.  ,0.  ,0.  ,0.  ,0.  ,0.  ,0.  ,0.  ,
 0.  ,0.  ,0.  ,0.  ,0.  ,0.  ,0.  ,0.  ,0.  ,0.  ,0.  ,0.  ,0.  ,0.  ,
 0.  ,0.  ,0.  ,0.  ,0.  ,0.  ,0.  ,0.  ,0.  ,0.  ,0.  ,0.  ,0.  ,0.  ,
 0.  ,0.  ,0.  ,0.  ,0.  ,0.  ,0.  ,0.  ,0.  ,0.  ,0.  ,0.  ,0.  ,0.  ,
 0.  ,0.  ,0.  ,0.  ,0.  ,0.  ,0.  ,0.  ,0.  ,0.  ,0.  ,0.  ,0.  ,0.  ,
 0.  ,0.  ,0.  ,0.  ,0.  ,0.  ,0.  ,0.  ,0.  ,0.  ,0.  ,0.  ,0.  ,0.  ,
 0.  ,0.  ,0.  ,0.  ,0.  ,0.  ,0.  ,0.  ,0.  ,0.  ,0.  ,0.  ,0.  ,0.  ,
 0.  ,0.  ,0.  ,0.  ,0.  ,0.  ,0.  ,0.  ,0.  ,0.  ,0.  ,0.  ,0.  ,0.  ,
 0.  ,0.2 ,0.62,0.99,0.62,0.2 ,0.  ,0.  ,0.  ,0.  ,0.  ,0.  ,0.  ,0.  ,
 0.  ,0.  ,0.  ,0.  ,0.  ,0.  ,0.  ,0.  ,0.  ,0.  ,0.  ,0.  ,0.  ,0.  ,
 0.19,0.93,0.99,0.99,0.99,0.93,0.  ,0.  ,0.  ,0.  ,0.  ,0.  ,0.  ,0.  ,
 0.  ,0.  ,0.  ,0.  ,0.  ,0.  ,0.  ,0.  ,0.  ,0.  ,0.  ,0.  ,0.  ,0.21,
 0.89,0.99,0.99,0.94,0.91,0.99,0.22,0.02,0.  ,0.  ,0.  ,0.  ,0.  ,0.  ,
 0.  ,0.  ,0.  ,0.  ,0.  ,0.  ,0.  ,0.  ,0.  ,0.  ,0.  ,0.04,0.24,0.88,
 0.99,0.99,0.99,0.79,0.33,0.99,0.99,0.48,0.  ,0.  ,0.  ,0.  ,0.  ,0.  ,
 0.  ,0.  ,0.  ,0.  ,0.  ,0.  ,0.  ,0.  ,0.  ,0.  ,0.  ,0.64,0.99,0.99,
 0.99,0.99,0.99,0.99,0.38,0.74,0.99,0.65,0.  ,0.  ,0.  ,0.  ,0.  ,0.  ,
 0.  ,0.  ,0.  ,0.  ,0.  ,0.  ,0.  ,0.  ,0.  ,0.  ,0.2 ,0.93,0.99,0.99,
 0.75,0.45,0.99,0.89,0.18,0.31,1.  ,0.66,0.  ,0.  ,0.  ,0.  ,0.  ,0.  ,
 0.  ,0.  ,0.  ,0.  ,0.  ,0.  ,0.  ,0.  ,0.  ,0.19,0.93,0.99,0.99,0.7 ,
 0.05,0.29,0.47,0.08,0.  ,0.  ,0.99,0.95,0.2 ,0.  ,0.  ,0.  ,0.  ,0.  ,
 0.  ,0.  ,0.  ,0.  ,0.  ,0.  ,0.  ,0.  ,0.15,0.65,0.99,0.91,0.82,0.33,
 0.  ,0.  ,0.  ,0.  ,0.  ,0.  ,0.99,0.99,0.65,0.  ,0.  ,0.  ,0.  ,0.  ,
 0.  ,0.  ,0.  ,0.  ,0.  ,0.  ,0.  ,0.03,0.7 ,0.99,0.94,0.28,0.07,0.11,
 0.  ,0.  ,0.  ,0.  ,0.  ,0.  ,0.99,0.99,0.76,0.  ,0.  ,0.  ,0.  ,0.  ,
 0.  ,0.  ,0.  ,0.  ,0.  ,0.  ,0.  ,0.22,0.99,0.99,0.25,0.  ,0.  ,0.  ,
 0.  ,0.  ,0.  ,0.  ,0.  ,0.  ,0.99,0.99,0.76,0.  ,0.  ,0.  ,0.  ,0.  ,
 0.  ,0.  ,0.  ,0.  ,0.  ,0.  ,0.  ,0.78,0.99,0.75,0.  ,0.  ,0.  ,0.  ,
 0.  ,0.  ,0.  ,0.  ,0.  ,0.  ,1.  ,0.99,0.77,0.  ,0.  ,0.  ,0.  ,0.  ,
 0.  ,0.  ,0.  ,0.  ,0.  ,0.  ,0.3 ,0.96,0.99,0.44,0.  ,0.  ,0.  ,0.  ,
 0.  ,0.  ,0.  ,0.  ,0.  ,0.  ,0.99,0.99,0.58,0.  ,0.  ,0.  ,0.  ,0.  ,
 0.  ,0.  ,0.  ,0.  ,0.  ,0.  ,0.33,0.99,0.9 ,0.1 ,0.  ,0.  ,0.  ,0.  ,
 0.  ,0.  ,0.  ,0.  ,0.03,0.53,0.99,0.73,0.05,0.  ,0.  ,0.  ,0.  ,0.  ,
 0.  ,0.  ,0.  ,0.  ,0.  ,0.  ,0.33,0.99,0.87,0.  ,0.  ,0.  ,0.  ,0.  ,
 0.  ,0.  ,0.  ,0.03,0.51,0.99,0.88,0.28,0.  ,0.  ,0.  ,0.  ,0.  ,0.  ,
 0.  ,0.  ,0.  ,0.  ,0.  ,0.  ,0.33,0.99,0.57,0.  ,0.  ,0.  ,0.  ,0.  ,
 0.  ,0.  ,0.19,0.65,0.99,0.68,0.  ,0.  ,0.  ,0.  ,0.  ,0.  ,0.  ,0.  ,
 0.  ,0.  ,0.  ,0.  ,0.  ,0.  ,0.34,0.99,0.88,0.  ,0.  ,0.  ,0.  ,0.  ,
 0.  ,0.45,0.93,0.99,0.64,0.  ,0.  ,0.  ,0.  ,0.  ,0.  ,0.  ,0.  ,0.  ,
 0.  ,0.  ,0.  ,0.  ,0.  ,0.  ,0.33,0.99,0.98,0.57,0.19,0.11,0.33,0.7 ,
 0.88,0.99,0.87,0.65,0.22,0.  ,0.  ,0.  ,0.  ,0.  ,0.  ,0.  ,0.  ,0.  ,
 0.  ,0.  ,0.  ,0.  ,0.  ,0.  ,0.33,0.99,0.99,0.99,0.9 ,0.84,0.99,0.99,
 0.99,0.77,0.51,0.  ,0.  ,0.  ,0.  ,0.  ,0.  ,0.  ,0.  ,0.  ,0.  ,0.  ,
 0.  ,0.  ,0.  ,0.  ,0.  ,0.  ,0.11,0.78,0.99,0.99,0.99,0.99,0.99,0.91,
 0.57,0.  ,0.  ,0.  ,0.  ,0.  ,0.  ,0.  ,0.  ,0.  ,0.  ,0.  ,0.  ,0.  ,
 0.  ,0.  ,0.  ,0.  ,0.  ,0.  ,0.  ,0.1 ,0.5 ,0.99,0.99,0.99,0.55,0.15,
 0.  ,0.  ,0.  ,0.  ,0.  ,0.  ,0.  ,0.  ,0.  ,0.  ,0.  ,0.  ,0.  ,0.  ,
 0.  ,0.  ,0.  ,0.  ,0.  ,0.  ,0.  ,0.  ,0.  ,0.  ,0.  ,0.  ,0.  ,0.  ,
 0.  ,0.  ,0.  ,0.  ,0.  ,0.  ,0.  ,0.  ,0.  ,0.  ,0.  ,0.  ,0.  ,0.  ,
 0.  ,0.  ,0.  ,0.  ,0.  ,0.  ,0.  ,0.  ,0.  ,0.  ,0.  ,0.  ,0.  ,0.  ,
 0.  ,0.  ,0.  ,0.  ,0.  ,0.  ,0.  ,0.  ,0.  ,0.  ,0.  ,0.  ,0.  ,0.  ,
 0.  ,0.  ,0.  ,0.  ,0.  ,0.  ,0.  ,0.  ,0.  ,0.  ,0.  ,0.  ,0.  ,0.  ,
 0.  ,0.  ,0.  ,0.  ,0.  ,0.  ,0.  ,0.  ,0.  ,0.  ,0.  ,0.  ,0.  ,0.  ,
 0.  ,0.  ,0.  ,0.  ,0.  ,0.  ,0.  ,0.  ,0.  ,0.  ,0.  ,0.  ,0.  ,0.  ,
 0.  ,0.  ,0.  ,0.  ,0.  ,0.  ,0.  ,0.  ,0.  ,0.  ,0.  ,0.  ,0.  ,0.  ]",0,"[[-1.3498e-02,-4.8979e-03, 3.8246e-04,...,-1.1013e-02, 1.8778e-05,
   6.3096e-03],
 [-3.5537e-03,-2.9871e-03,-1.3974e-02,...,-5.6679e-03,-8.3602e-04,
   3.3509e-03],
 [-9.8223e-03,-9.9293e-03, 7.9568e-03,...,-2.7545e-03,-1.1057e-03,
   2.5672e-03],
 ...,
 [-7.8604e-03, 8.0771e-03, 1.3596e-02,...,-1.0829e-03,-1.1537e-03,
   3.9063e-03],
 [-5.7794e-03, 6.6186e-03, 1.2320e-03,..., 2.1307e-03,-6.7002e-03,
   5.2298e-03],
 [-2.5870e-03, 1.2748e-02,-2.7763e-03,...,-8.5902e-03, 7.8897e-03,
  -3.5166e-03]]","[[-0.0391, 0.0545,-0.0139,-0.0365, 0.0282, 0.0118, 0.0033, 0.0001,-0.0093,
   0.0009]]","[ 3.5776,-1.5852,-0.6993,-0.0239,-1.5575, 0.9103, 0.2882,-0.3734,-0.0873,
 -0.3306]","[0.8167,0.0047,0.0113,0.0223,0.0048,0.0567,0.0304,0.0157,0.0209,0.0164]","[[0.,0.,0.,...,0.,0.,0.],
 [0.,0.,0.,...,0.,0.,0.],
 [0.,0.,0.,...,0.,0.,0.],
 ...,
 [0.,0.,0.,...,0.,0.,0.],
 [0.,0.,0.,...,0.,0.,0.],
 [0.,0.,0.,...,0.,0.,0.]]","[-0.1833, 0.0047, 0.0113, 0.0223, 0.0048, 0.0567, 0.0304, 0.0157, 0.0209,
  0.0164]","[[ 0.0091,-0.0159, 0.0033, 0.0111,-0.0079,-0.0045,-0.0008, 0.0009, 0.0038,
   0.0008]]"
26,"[0.  ,0.  ,0.  ,0.  ,0.  ,0.  ,0.  ,0.  ,0.  ,0.  ,0.  ,0.  ,0.  ,0.  ,
 0.  ,0.  ,0.  ,0.  ,0.  ,0.  ,0.  ,0.  ,0.  ,0.  ,0.  ,0.  ,0.  ,0.  ,
 0.  ,0.  ,0.  ,0.  ,0.  ,0.  ,0.  ,0.  ,0.  ,0.  ,0.  ,0.  ,0.  ,0.  ,
 0.  ,0.  ,0.  ,0.  ,0.  ,0.  ,0.  ,0.  ,0.  ,0.  ,0.  ,0.  ,0.  ,0.  ,
 0.  ,0.  ,0.  ,0.  ,0.  ,0.  ,0.  ,0.  ,0.  ,0.  ,0.  ,0.  ,0.  ,0.  ,
 0.  ,0.  ,0.  ,0.  ,0.  ,0.  ,0.  ,0.  ,0.  ,0.  ,0.  ,0.  ,0.  ,0.  ,
 0.  ,0.  ,0.  ,0.  ,0.  ,0.  ,0.  ,0.  ,0.  ,0.  ,0.  ,0.  ,0.  ,0.  ,
 0.  ,0.  ,0.  ,0.  ,0.  ,0.  ,0.  ,0.  ,0.  ,0.  ,0.  ,0.  ,0.  ,0.  ,
 0.  ,0.  ,0.  ,0.  ,0.  ,0.  ,0.  ,0.  ,0.  ,0.  ,0.  ,0.  ,0.  ,0.  ,
 0.  ,0.2 ,0.62,0.99,0.62,0.2 ,0.  ,0.  ,0.  ,0.  ,0.  ,0.  ,0.  ,0.  ,
 0.  ,0.  ,0.  ,0.  ,0.  ,0.  ,0.  ,0.  ,0.  ,0.  ,0.  ,0.  ,0.  ,0.  ,
 0.19,0.93,0.99,0.99,0.99,0.93,0.  ,0.  ,0.  ,0.  ,0.  ,0.  ,0.  ,0.  ,
 0.  ,0.  ,0.  ,0.  ,0.  ,0.  ,0.  ,0.  ,0.  ,0.  ,0.  ,0.  ,0.  ,0.21,
 0.89,0.99,0.99,0.94,0.91,0.99,0.22,0.02,0.  ,0.  ,0.  ,0.  ,0.  ,0.  ,
 0.  ,0.  ,0.  ,0.  ,0.  ,0.  ,0.  ,0.  ,0.  ,0.  ,0.  ,0.04,0.24,0.88,
 0.99,0.99,0.99,0.79,0.33,0.99,0.99,0.48,0.  ,0.  ,0.  ,0.  ,0.  ,0.  ,
 0.  ,0.  ,0.  ,0.  ,0.  ,0.  ,0.  ,0.  ,0.  ,0.  ,0.  ,0.64,0.99,0.99,
 0.99,0.99,0.99,0.99,0.38,0.74,0.99,0.65,0.  ,0.  ,0.  ,0.  ,0.  ,0.  ,
 0.  ,0.  ,0.  ,0.  ,0.  ,0.  ,0.  ,0.  ,0.  ,0.  ,0.2 ,0.93,0.99,0.99,
 0.75,0.45,0.99,0.89,0.18,0.31,1.  ,0.66,0.  ,0.  ,0.  ,0.  ,0.  ,0.  ,
 0.  ,0.  ,0.  ,0.  ,0.  ,0.  ,0.  ,0.  ,0.  ,0.19,0.93,0.99,0.99,0.7 ,
 0.05,0.29,0.47,0.08,0.  ,0.  ,0.99,0.95,0.2 ,0.  ,0.  ,0.  ,0.  ,0.  ,
 0.  ,0.  ,0.  ,0.  ,0.  ,0.  ,0.  ,0.  ,0.15,0.65,0.99,0.91,0.82,0.33,
 0.  ,0.  ,0.  ,0.  ,0.  ,0.  ,0.99,0.99,0.65,0.  ,0.  ,0.  ,0.  ,0.  ,
 0.  ,0.  ,0.  ,0.  ,0.  ,0.  ,0.  ,0.03,0.7 ,0.99,0.94,0.28,0.07,0.11,
 0.  ,0.  ,0.  ,0.  ,0.  ,0.  ,0.99,0.99,0.76,0.  ,0.  ,0.  ,0.  ,0.  ,
 0.  ,0.  ,0.  ,0.  ,0.  ,0.  ,0.  ,0.22,0.99,0.99,0.25,0.  ,0.  ,0.  ,
 0.  ,0.  ,0.  ,0.  ,0.  ,0.  ,0.99,0.99,0.76,0.  ,0.  ,0.  ,0.  ,0.  ,
 0.  ,0.  ,0.  ,0.  ,0.  ,0.  ,0.  ,0.78,0.99,0.75,0.  ,0.  ,0.  ,0.  ,
 0.  ,0.  ,0.  ,0.  ,0.  ,0.  ,1.  ,0.99,0.77,0.  ,0.  ,0.  ,0.  ,0.  ,
 0.  ,0.  ,0.  ,0.  ,0.  ,0.  ,0.3 ,0.96,0.99,0.44,0.  ,0.  ,0.  ,0.  ,
 0.  ,0.  ,0.  ,0.  ,0.  ,0.  ,0.99,0.99,0.58,0.  ,0.  ,0.  ,0.  ,0.  ,
 0.  ,0.  ,0.  ,0.  ,0.  ,0.  ,0.33,0.99,0.9 ,0.1 ,0.  ,0.  ,0.  ,0.  ,
 0.  ,0.  ,0.  ,0.  ,0.03,0.53,0.99,0.73,0.05,0.  ,0.  ,0.  ,0.  ,0.  ,
 0.  ,0.  ,0.  ,0.  ,0.  ,0.  ,0.33,0.99,0.87,0.  ,0.  ,0.  ,0.  ,0.  ,
 0.  ,0.  ,0.  ,0.03,0.51,0.99,0.88,0.28,0.  ,0.  ,0.  ,0.  ,0.  ,0.  ,
 0.  ,0.  ,0.  ,0.  ,0.  ,0.  ,0.33,0.99,0.57,0.  ,0.  ,0.  ,0.  ,0.  ,
 0.  ,0.  ,0.19,0.65,0.99,0.68,0.  ,0.  ,0.  ,0.  ,0.  ,0.  ,0.  ,0.  ,
 0.  ,0.  ,0.  ,0.  ,0.  ,0.  ,0.34,0.99,0.88,0.  ,0.  ,0.  ,0.  ,0.  ,
 0.  ,0.45,0.93,0.99,0.64,0.  ,0.  ,0.  ,0.  ,0.  ,0.  ,0.  ,0.  ,0.  ,
 0.  ,0.  ,0.  ,0.  ,0.  ,0.  ,0.33,0.99,0.98,0.57,0.19,0.11,0.33,0.7 ,
 0.88,0.99,0.87,0.65,0.22,0.  ,0.  ,0.  ,0.  ,0.  ,0.  ,0.  ,0.  ,0.  ,
 0.  ,0.  ,0.  ,0.  ,0.  ,0.  ,0.33,0.99,0.99,0.99,0.9 ,0.84,0.99,0.99,
 0.99,0.77,0.51,0.  ,0.  ,0.  ,0.  ,0.  ,0.  ,0.  ,0.  ,0.  ,0.  ,0.  ,
 0.  ,0.  ,0.  ,0.  ,0.  ,0.  ,0.11,0.78,0.99,0.99,0.99,0.99,0.99,0.91,
 0.57,0.  ,0.  ,0.  ,0.  ,0.  ,0.  ,0.  ,0.  ,0.  ,0.  ,0.  ,0.  ,0.  ,
 0.  ,0.  ,0.  ,0.  ,0.  ,0.  ,0.  ,0.1 ,0.5 ,0.99,0.99,0.99,0.55,0.15,
 0.  ,0.  ,0.  ,0.  ,0.  ,0.  ,0.  ,0.  ,0.  ,0.  ,0.  ,0.  ,0.  ,0.  ,
 0.  ,0.  ,0.  ,0.  ,0.  ,0.  ,0.  ,0.  ,0.  ,0.  ,0.  ,0.  ,0.  ,0.  ,
 0.  ,0.  ,0.  ,0.  ,0.  ,0.  ,0.  ,0.  ,0.  ,0.  ,0.  ,0.  ,0.  ,0.  ,
 0.  ,0.  ,0.  ,0.  ,0.  ,0.  ,0.  ,0.  ,0.  ,0.  ,0.  ,0.  ,0.  ,0.  ,
 0.  ,0.  ,0.  ,0.  ,0.  ,0.  ,0.  ,0.  ,0.  ,0.  ,0.  ,0.  ,0.  ,0.  ,
 0.  ,0.  ,0.  ,0.  ,0.  ,0.  ,0.  ,0.  ,0.  ,0.  ,0.  ,0.  ,0.  ,0.  ,
 0.  ,0.  ,0.  ,0.  ,0.  ,0.  ,0.  ,0.  ,0.  ,0.  ,0.  ,0.  ,0.  ,0.  ,
 0.  ,0.  ,0.  ,0.  ,0.  ,0.  ,0.  ,0.  ,0.  ,0.  ,0.  ,0.  ,0.  ,0.  ,
 0.  ,0.  ,0.  ,0.  ,0.  ,0.  ,0.  ,0.  ,0.  ,0.  ,0.  ,0.  ,0.  ,0.  ]",0,"[[-1.3498e-02,-4.8979e-03, 3.8246e-04,...,-1.1013e-02, 1.8778e-05,
   6.3096e-03],
 [-3.5537e-03,-2.9871e-03,-1.3974e-02,...,-5.6679e-03,-8.3602e-04,
   3.3509e-03],
 [-9.8223e-03,-9.9293e-03, 7.9568e-03,...,-2.7545e-03,-1.1057e-03,
   2.5672e-03],
 ...,
 [-7.8604e-03, 8.0771e-03, 1.3596e-02,...,-1.0829e-03,-1.1537e-03,
   3.9063e-03],
 [-5.7794e-03, 6.6186e-03, 1.2320e-03,..., 2.1307e-03,-6.7002e-03,
   5.2298e-03],
 [-2.5870e-03, 1.2748e-02,-2.7763e-03,...,-8.5902e-03, 7.8897e-03,
  -3.5166e-03]]","[[-4.0024e-02, 5.6031e-02,-1.4196e-02,-3.7544e-02, 2.8980e-02, 1.2221e-02,
   3.3561e-03, 3.3187e-05,-9.7108e-03, 8.5317e-04]]","[ 3.6412,-1.6213,-0.7178,-0.0232,-1.5918, 0.9348, 0.2967,-0.3809,-0.0832,
 -0.3355]","[0.8252,0.0043,0.0106,0.0211,0.0044,0.0551,0.0291,0.0148,0.0199,0.0155]","[[0.,0.,0.,...,0.,0.,0.],
 [0.,0.,0.,...,0.,0.,0.],
 [0.,0.,0.,...,0.,0.,0.],
 ...,
 [0.,0.,0.,...,0.,0.,0.],
 [0.,0.,0.,...,0.,0.,0.],
 [0.,0.,0.,...,0.,0.,0.]]","[-0.1748, 0.0043, 0.0106, 0.0211, 0.0044, 0.0551, 0.0291, 0.0148, 0.0199,
  0.0155]","[[ 0.0088,-0.0153, 0.0032, 0.0108,-0.0077,-0.0044,-0.0008, 0.0009, 0.0037,
   0.0009]]"
27,"[0.  ,0.  ,0.  ,0.  ,0.  ,0.  ,0.  ,0.  ,0.  ,0.  ,0.  ,0.  ,0.  ,0.  ,
 0.  ,0.  ,0.  ,0.  ,0.  ,0.  ,0.  ,0.  ,0.  ,0.  ,0.  ,0.  ,0.  ,0.  ,
 0.  ,0.  ,0.  ,0.  ,0.  ,0.  ,0.  ,0.  ,0.  ,0.  ,0.  ,0.  ,0.  ,0.  ,
 0.  ,0.  ,0.  ,0.  ,0.  ,0.  ,0.  ,0.  ,0.  ,0.  ,0.  ,0.  ,0.  ,0.  ,
 0.  ,0.  ,0.  ,0.  ,0.  ,0.  ,0.  ,0.  ,0.  ,0.  ,0.  ,0.  ,0.  ,0.  ,
 0.  ,0.  ,0.  ,0.  ,0.  ,0.  ,0.  ,0.  ,0.  ,0.  ,0.  ,0.  ,0.  ,0.  ,
 0.  ,0.  ,0.  ,0.  ,0.  ,0.  ,0.  ,0.  ,0.  ,0.  ,0.  ,0.  ,0.  ,0.  ,
 0.  ,0.  ,0.  ,0.  ,0.  ,0.  ,0.  ,0.  ,0.  ,0.  ,0.  ,0.  ,0.  ,0.  ,
 0.  ,0.  ,0.  ,0.  ,0.  ,0.  ,0.  ,0.  ,0.  ,0.  ,0.  ,0.  ,0.  ,0.  ,
 0.  ,0.2 ,0.62,0.99,0.62,0.2 ,0.  ,0.  ,0.  ,0.  ,0.  ,0.  ,0.  ,0.  ,
 0.  ,0.  ,0.  ,0.  ,0.  ,0.  ,0.  ,0.  ,0.  ,0.  ,0.  ,0.  ,0.  ,0.  ,
 0.19,0.93,0.99,0.99,0.99,0.93,0.  ,0.  ,0.  ,0.  ,0.  ,0.  ,0.  ,0.  ,
 0.  ,0.  ,0.  ,0.  ,0.  ,0.  ,0.  ,0.  ,0.  ,0.  ,0.  ,0.  ,0.  ,0.21,
 0.89,0.99,0.99,0.94,0.91,0.99,0.22,0.02,0.  ,0.  ,0.  ,0.  ,0.  ,0.  ,
 0.  ,0.  ,0.  ,0.  ,0.  ,0.  ,0.  ,0.  ,0.  ,0.  ,0.  ,0.04,0.24,0.88,
 0.99,0.99,0.99,0.79,0.33,0.99,0.99,0.48,0.  ,0.  ,0.  ,0.  ,0.  ,0.  ,
 0.  ,0.  ,0.  ,0.  ,0.  ,0.  ,0.  ,0.  ,0.  ,0.  ,0.  ,0.64,0.99,0.99,
 0.99,0.99,0.99,0.99,0.38,0.74,0.99,0.65,0.  ,0.  ,0.  ,0.  ,0.  ,0.  ,
 0.  ,0.  ,0.  ,0.  ,0.  ,0.  ,0.  ,0.  ,0.  ,0.  ,0.2 ,0.93,0.99,0.99,
 0.75,0.45,0.99,0.89,0.18,0.31,1.  ,0.66,0.  ,0.  ,0.  ,0.  ,0.  ,0.  ,
 0.  ,0.  ,0.  ,0.  ,0.  ,0.  ,0.  ,0.  ,0.  ,0.19,0.93,0.99,0.99,0.7 ,
 0.05,0.29,0.47,0.08,0.  ,0.  ,0.99,0.95,0.2 ,0.  ,0.  ,0.  ,0.  ,0.  ,
 0.  ,0.  ,0.  ,0.  ,0.  ,0.  ,0.  ,0.  ,0.15,0.65,0.99,0.91,0.82,0.33,
 0.  ,0.  ,0.  ,0.  ,0.  ,0.  ,0.99,0.99,0.65,0.  ,0.  ,0.  ,0.  ,0.  ,
 0.  ,0.  ,0.  ,0.  ,0.  ,0.  ,0.  ,0.03,0.7 ,0.99,0.94,0.28,0.07,0.11,
 0.  ,0.  ,0.  ,0.  ,0.  ,0.  ,0.99,0.99,0.76,0.  ,0.  ,0.  ,0.  ,0.  ,
 0.  ,0.  ,0.  ,0.  ,0.  ,0.  ,0.  ,0.22,0.99,0.99,0.25,0.  ,0.  ,0.  ,
 0.  ,0.  ,0.  ,0.  ,0.  ,0.  ,0.99,0.99,0.76,0.  ,0.  ,0.  ,0.  ,0.  ,
 0.  ,0.  ,0.  ,0.  ,0.  ,0.  ,0.  ,0.78,0.99,0.75,0.  ,0.  ,0.  ,0.  ,
 0.  ,0.  ,0.  ,0.  ,0.  ,0.  ,1.  ,0.99,0.77,0.  ,0.  ,0.  ,0.  ,0.  ,
 0.  ,0.  ,0.  ,0.  ,0.  ,0.  ,0.3 ,0.96,0.99,0.44,0.  ,0.  ,0.  ,0.  ,
 0.  ,0.  ,0.  ,0.  ,0.  ,0.  ,0.99,0.99,0.58,0.  ,0.  ,0.  ,0.  ,0.  ,
 0.  ,0.  ,0.  ,0.  ,0.  ,0.  ,0.33,0.99,0.9 ,0.1 ,0.  ,0.  ,0.  ,0.  ,
 0.  ,0.  ,0.  ,0.  ,0.03,0.53,0.99,0.73,0.05,0.  ,0.  ,0.  ,0.  ,0.  ,
 0.  ,0.  ,0.  ,0.  ,0.  ,0.  ,0.33,0.99,0.87,0.  ,0.  ,0.  ,0.  ,0.  ,
 0.  ,0.  ,0.  ,0.03,0.51,0.99,0.88,0.28,0.  ,0.  ,0.  ,0.  ,0.  ,0.  ,
 0.  ,0.  ,0.  ,0.  ,0.  ,0.  ,0.33,0.99,0.57,0.  ,0.  ,0.  ,0.  ,0.  ,
 0.  ,0.  ,0.19,0.65,0.99,0.68,0.  ,0.  ,0.  ,0.  ,0.  ,0.  ,0.  ,0.  ,
 0.  ,0.  ,0.  ,0.  ,0.  ,0.  ,0.34,0.99,0.88,0.  ,0.  ,0.  ,0.  ,0.  ,
 0.  ,0.45,0.93,0.99,0.64,0.  ,0.  ,0.  ,0.  ,0.  ,0.  ,0.  ,0.  ,0.  ,
 0.  ,0.  ,0.  ,0.  ,0.  ,0.  ,0.33,0.99,0.98,0.57,0.19,0.11,0.33,0.7 ,
 0.88,0.99,0.87,0.65,0.22,0.  ,0.  ,0.  ,0.  ,0.  ,0.  ,0.  ,0.  ,0.  ,
 0.  ,0.  ,0.  ,0.  ,0.  ,0.  ,0.33,0.99,0.99,0.99,0.9 ,0.84,0.99,0.99,
 0.99,0.77,0.51,0.  ,0.  ,0.  ,0.  ,0.  ,0.  ,0.  ,0.  ,0.  ,0.  ,0.  ,
 0.  ,0.  ,0.  ,0.  ,0.  ,0.  ,0.11,0.78,0.99,0.99,0.99,0.99,0.99,0.91,
 0.57,0.  ,0.  ,0.  ,0.  ,0.  ,0.  ,0.  ,0.  ,0.  ,0.  ,0.  ,0.  ,0.  ,
 0.  ,0.  ,0.  ,0.  ,0.  ,0.  ,0.  ,0.1 ,0.5 ,0.99,0.99,0.99,0.55,0.15,
 0.  ,0.  ,0.  ,0.  ,0.  ,0.  ,0.  ,0.  ,0.  ,0.  ,0.  ,0.  ,0.  ,0.  ,
 0.  ,0.  ,0.  ,0.  ,0.  ,0.  ,0.  ,0.  ,0.  ,0.  ,0.  ,0.  ,0.  ,0.  ,
 0.  ,0.  ,0.  ,0.  ,0.  ,0.  ,0.  ,0.  ,0.  ,0.  ,0.  ,0.  ,0.  ,0.  ,
 0.  ,0.  ,0.  ,0.  ,0.  ,0.  ,0.  ,0.  ,0.  ,0.  ,0.  ,0.  ,0.  ,0.  ,
 0.  ,0.  ,0.  ,0.  ,0.  ,0.  ,0.  ,0.  ,0.  ,0.  ,0.  ,0.  ,0.  ,0.  ,
 0.  ,0.  ,0.  ,0.  ,0.  ,0.  ,0.  ,0.  ,0.  ,0.  ,0.  ,0.  ,0.  ,0.  ,
 0.  ,0.  ,0.  ,0.  ,0.  ,0.  ,0.  ,0.  ,0.  ,0.  ,0.  ,0.  ,0.  ,0.  ,
 0.  ,0.  ,0.  ,0.  ,0.  ,0.  ,0.  ,0.  ,0.  ,0.  ,0.  ,0.  ,0.  ,0.  ,
 0.  ,0.  ,0.  ,0.  ,0.  ,0.  ,0.  ,0.  ,0.  ,0.  ,0.  ,0.  ,0.  ,0.  ]",0,"[[-1.3498e-02,-4.8979e-03, 3.8246e-04,...,-1.1013e-02, 1.8778e-05,
   6.3096e-03],
 [-3.5537e-03,-2.9871e-03,-1.3974e-02,...,-5.6679e-03,-8.3602e-04,
   3.3509e-03],
 [-9.8223e-03,-9.9293e-03, 7.9568e-03,...,-2.7545e-03,-1.1057e-03,
   2.5672e-03],
 ...,
 [-7.8604e-03, 8.0771e-03, 1.3596e-02,...,-1.0829e-03,-1.1537e-03,
   3.9063e-03],
 [-5.7794e-03, 6.6186e-03, 1.2320e-03,..., 2.1307e-03,-6.7002e-03,
   5.2298e-03],
 [-2.5870e-03, 1.2748e-02,-2.7763e-03,...,-8.5902e-03, 7.8897e-03,
  -3.5166e-03]]","[[-4.0875e-02, 5.7512e-02,-1.4495e-02,-3.8592e-02, 2.9737e-02, 1.2656e-02,
   3.4394e-03,-5.8804e-05,-1.0082e-02, 7.5770e-04]]","[ 3.7026,-1.6566,-0.7358,-0.0221,-1.6252, 0.9584, 0.3051,-0.3881,-0.0792,
 -0.3403]","[0.8331,0.0039,0.0098,0.0201,0.004 ,0.0536,0.0279,0.0139,0.019 ,0.0146]","[[0.,0.,0.,...,0.,0.,0.],
 [0.,0.,0.,...,0.,0.,0.],
 [0.,0.,0.,...,0.,0.,0.],
 ...,
 [0.,0.,0.,...,0.,0.,0.],
 [0.,0.,0.,...,0.,0.,0.],
 [0.,0.,0.,...,0.,0.,0.]]","[-0.1669, 0.0039, 0.0098, 0.0201, 0.004 , 0.0536, 0.0279, 0.0139, 0.019 ,
  0.0146]","[[ 0.0085,-0.0148, 0.003 , 0.0105,-0.0076,-0.0044,-0.0008, 0.0009, 0.0037,
   0.001 ]]"
28,"[0.  ,0.  ,0.  ,0.  ,0.  ,0.  ,0.  ,0.  ,0.  ,0.  ,0.  ,0.  ,0.  ,0.  ,
 0.  ,0.  ,0.  ,0.  ,0.  ,0.  ,0.  ,0.  ,0.  ,0.  ,0.  ,0.  ,0.  ,0.  ,
 0.  ,0.  ,0.  ,0.  ,0.  ,0.  ,0.  ,0.  ,0.  ,0.  ,0.  ,0.  ,0.  ,0.  ,
 0.  ,0.  ,0.  ,0.  ,0.  ,0.  ,0.  ,0.  ,0.  ,0.  ,0.  ,0.  ,0.  ,0.  ,
 0.  ,0.  ,0.  ,0.  ,0.  ,0.  ,0.  ,0.  ,0.  ,0.  ,0.  ,0.  ,0.  ,0.  ,
 0.  ,0.  ,0.  ,0.  ,0.  ,0.  ,0.  ,0.  ,0.  ,0.  ,0.  ,0.  ,0.  ,0.  ,
 0.  ,0.  ,0.  ,0.  ,0.  ,0.  ,0.  ,0.  ,0.  ,0.  ,0.  ,0.  ,0.  ,0.  ,
 0.  ,0.  ,0.  ,0.  ,0.  ,0.  ,0.  ,0.  ,0.  ,0.  ,0.  ,0.  ,0.  ,0.  ,
 0.  ,0.  ,0.  ,0.  ,0.  ,0.  ,0.  ,0.  ,0.  ,0.  ,0.  ,0.  ,0.  ,0.  ,
 0.  ,0.2 ,0.62,0.99,0.62,0.2 ,0.  ,0.  ,0.  ,0.  ,0.  ,0.  ,0.  ,0.  ,
 0.  ,0.  ,0.  ,0.  ,0.  ,0.  ,0.  ,0.  ,0.  ,0.  ,0.  ,0.  ,0.  ,0.  ,
 0.19,0.93,0.99,0.99,0.99,0.93,0.  ,0.  ,0.  ,0.  ,0.  ,0.  ,0.  ,0.  ,
 0.  ,0.  ,0.  ,0.  ,0.  ,0.  ,0.  ,0.  ,0.  ,0.  ,0.  ,0.  ,0.  ,0.21,
 0.89,0.99,0.99,0.94,0.91,0.99,0.22,0.02,0.  ,0.  ,0.  ,0.  ,0.  ,0.  ,
 0.  ,0.  ,0.  ,0.  ,0.  ,0.  ,0.  ,0.  ,0.  ,0.  ,0.  ,0.04,0.24,0.88,
 0.99,0.99,0.99,0.79,0.33,0.99,0.99,0.48,0.  ,0.  ,0.  ,0.  ,0.  ,0.  ,
 0.  ,0.  ,0.  ,0.  ,0.  ,0.  ,0.  ,0.  ,0.  ,0.  ,0.  ,0.64,0.99,0.99,
 0.99,0.99,0.99,0.99,0.38,0.74,0.99,0.65,0.  ,0.  ,0.  ,0.  ,0.  ,0.  ,
 0.  ,0.  ,0.  ,0.  ,0.  ,0.  ,0.  ,0.  ,0.  ,0.  ,0.2 ,0.93,0.99,0.99,
 0.75,0.45,0.99,0.89,0.18,0.31,1.  ,0.66,0.  ,0.  ,0.  ,0.  ,0.  ,0.  ,
 0.  ,0.  ,0.  ,0.  ,0.  ,0.  ,0.  ,0.  ,0.  ,0.19,0.93,0.99,0.99,0.7 ,
 0.05,0.29,0.47,0.08,0.  ,0.  ,0.99,0.95,0.2 ,0.  ,0.  ,0.  ,0.  ,0.  ,
 0.  ,0.  ,0.  ,0.  ,0.  ,0.  ,0.  ,0.  ,0.15,0.65,0.99,0.91,0.82,0.33,
 0.  ,0.  ,0.  ,0.  ,0.  ,0.  ,0.99,0.99,0.65,0.  ,0.  ,0.  ,0.  ,0.  ,
 0.  ,0.  ,0.  ,0.  ,0.  ,0.  ,0.  ,0.03,0.7 ,0.99,0.94,0.28,0.07,0.11,
 0.  ,0.  ,0.  ,0.  ,0.  ,0.  ,0.99,0.99,0.76,0.  ,0.  ,0.  ,0.  ,0.  ,
 0.  ,0.  ,0.  ,0.  ,0.  ,0.  ,0.  ,0.22,0.99,0.99,0.25,0.  ,0.  ,0.  ,
 0.  ,0.  ,0.  ,0.  ,0.  ,0.  ,0.99,0.99,0.76,0.  ,0.  ,0.  ,0.  ,0.  ,
 0.  ,0.  ,0.  ,0.  ,0.  ,0.  ,0.  ,0.78,0.99,0.75,0.  ,0.  ,0.  ,0.  ,
 0.  ,0.  ,0.  ,0.  ,0.  ,0.  ,1.  ,0.99,0.77,0.  ,0.  ,0.  ,0.  ,0.  ,
 0.  ,0.  ,0.  ,0.  ,0.  ,0.  ,0.3 ,0.96,0.99,0.44,0.  ,0.  ,0.  ,0.  ,
 0.  ,0.  ,0.  ,0.  ,0.  ,0.  ,0.99,0.99,0.58,0.  ,0.  ,0.  ,0.  ,0.  ,
 0.  ,0.  ,0.  ,0.  ,0.  ,0.  ,0.33,0.99,0.9 ,0.1 ,0.  ,0.  ,0.  ,0.  ,
 0.  ,0.  ,0.  ,0.  ,0.03,0.53,0.99,0.73,0.05,0.  ,0.  ,0.  ,0.  ,0.  ,
 0.  ,0.  ,0.  ,0.  ,0.  ,0.  ,0.33,0.99,0.87,0.  ,0.  ,0.  ,0.  ,0.  ,
 0.  ,0.  ,0.  ,0.03,0.51,0.99,0.88,0.28,0.  ,0.  ,0.  ,0.  ,0.  ,0.  ,
 0.  ,0.  ,0.  ,0.  ,0.  ,0.  ,0.33,0.99,0.57,0.  ,0.  ,0.  ,0.  ,0.  ,
 0.  ,0.  ,0.19,0.65,0.99,0.68,0.  ,0.  ,0.  ,0.  ,0.  ,0.  ,0.  ,0.  ,
 0.  ,0.  ,0.  ,0.  ,0.  ,0.  ,0.34,0.99,0.88,0.  ,0.  ,0.  ,0.  ,0.  ,
 0.  ,0.45,0.93,0.99,0.64,0.  ,0.  ,0.  ,0.  ,0.  ,0.  ,0.  ,0.  ,0.  ,
 0.  ,0.  ,0.  ,0.  ,0.  ,0.  ,0.33,0.99,0.98,0.57,0.19,0.11,0.33,0.7 ,
 0.88,0.99,0.87,0.65,0.22,0.  ,0.  ,0.  ,0.  ,0.  ,0.  ,0.  ,0.  ,0.  ,
 0.  ,0.  ,0.  ,0.  ,0.  ,0.  ,0.33,0.99,0.99,0.99,0.9 ,0.84,0.99,0.99,
 0.99,0.77,0.51,0.  ,0.  ,0.  ,0.  ,0.  ,0.  ,0.  ,0.  ,0.  ,0.  ,0.  ,
 0.  ,0.  ,0.  ,0.  ,0.  ,0.  ,0.11,0.78,0.99,0.99,0.99,0.99,0.99,0.91,
 0.57,0.  ,0.  ,0.  ,0.  ,0.  ,0.  ,0.  ,0.  ,0.  ,0.  ,0.  ,0.  ,0.  ,
 0.  ,0.  ,0.  ,0.  ,0.  ,0.  ,0.  ,0.1 ,0.5 ,0.99,0.99,0.99,0.55,0.15,
 0.  ,0.  ,0.  ,0.  ,0.  ,0.  ,0.  ,0.  ,0.  ,0.  ,0.  ,0.  ,0.  ,0.  ,
 0.  ,0.  ,0.  ,0.  ,0.  ,0.  ,0.  ,0.  ,0.  ,0.  ,0.  ,0.  ,0.  ,0.  ,
 0.  ,0.  ,0.  ,0.  ,0.  ,0.  ,0.  ,0.  ,0.  ,0.  ,0.  ,0.  ,0.  ,0.  ,
 0.  ,0.  ,0.  ,0.  ,0.  ,0.  ,0.  ,0.  ,0.  ,0.  ,0.  ,0.  ,0.  ,0.  ,
 0.  ,0.  ,0.  ,0.  ,0.  ,0.  ,0.  ,0.  ,0.  ,0.  ,0.  ,0.  ,0.  ,0.  ,
 0.  ,0.  ,0.  ,0.  ,0.  ,0.  ,0.  ,0.  ,0.  ,0.  ,0.  ,0.  ,0.  ,0.  ,
 0.  ,0.  ,0.  ,0.  ,0.  ,0.  ,0.  ,0.  ,0.  ,0.  ,0.  ,0.  ,0.  ,0.  ,
 0.  ,0.  ,0.  ,0.  ,0.  ,0.  ,0.  ,0.  ,0.  ,0.  ,0.  ,0.  ,0.  ,0.  ,
 0.  ,0.  ,0.  ,0.  ,0.  ,0.  ,0.  ,0.  ,0.  ,0.  ,0.  ,0.  ,0.  ,0.  ]",0,"[[-1.3498e-02,-4.8979e-03, 3.8246e-04,...,-1.1013e-02, 1.8778e-05,
   6.3096e-03],
 [-3.5537e-03,-2.9871e-03,-1.3974e-02,...,-5.6679e-03,-8.3602e-04,
   3.3509e-03],
 [-9.8223e-03,-9.9293e-03, 7.9568e-03,...,-2.7545e-03,-1.1057e-03,
   2.5672e-03],
 ...,
 [-7.8604e-03, 8.0771e-03, 1.3596e-02,...,-1.0829e-03,-1.1537e-03,
   3.9063e-03],
 [-5.7794e-03, 6.6186e-03, 1.2320e-03,..., 2.1307e-03,-6.7002e-03,
   5.2298e-03],
 [-2.5870e-03, 1.2748e-02,-2.7763e-03,...,-8.5902e-03, 7.8897e-03,
  -3.5166e-03]]","[[-0.0417, 0.0589,-0.0148,-0.0396, 0.0305, 0.0131, 0.0035,-0.0001,-0.0105,
   0.0007]]","[ 3.762 ,-1.6911,-0.7531,-0.0207,-1.6577, 0.9811, 0.3136,-0.395 ,-0.0753,
 -0.345 ]","[0.8404,0.0036,0.0092,0.0191,0.0037,0.0521,0.0267,0.0132,0.0181,0.0138]","[[0.,0.,0.,...,0.,0.,0.],
 [0.,0.,0.,...,0.,0.,0.],
 [0.,0.,0.,...,0.,0.,0.],
 ...,
 [0.,0.,0.,...,0.,0.,0.],
 [0.,0.,0.,...,0.,0.,0.],
 [0.,0.,0.,...,0.,0.,0.]]","[-0.1596, 0.0036, 0.0092, 0.0191, 0.0037, 0.0521, 0.0267, 0.0132, 0.0181,
  0.0138]","[[ 0.0082,-0.0143, 0.0028, 0.0102,-0.0074,-0.0043,-0.0008, 0.0009, 0.0037,
   0.001 ]]"
29,"[0.  ,0.  ,0.  ,0.  ,0.  ,0.  ,0.  ,0.  ,0.  ,0.  ,0.  ,0.  ,0.  ,0.  ,
 0.  ,0.  ,0.  ,0.  ,0.  ,0.  ,0.  ,0.  ,0.  ,0.  ,0.  ,0.  ,0.  ,0.  ,
 0.  ,0.  ,0.  ,0.  ,0.  ,0.  ,0.  ,0.  ,0.  ,0.  ,0.  ,0.  ,0.  ,0.  ,
 0.  ,0.  ,0.  ,0.  ,0.  ,0.  ,0.  ,0.  ,0.  ,0.  ,0.  ,0.  ,0.  ,0.  ,
 0.  ,0.  ,0.  ,0.  ,0.  ,0.  ,0.  ,0.  ,0.  ,0.  ,0.  ,0.  ,0.  ,0.  ,
 0.  ,0.  ,0.  ,0.  ,0.  ,0.  ,0.  ,0.  ,0.  ,0.  ,0.  ,0.  ,0.  ,0.  ,
 0.  ,0.  ,0.  ,0.  ,0.  ,0.  ,0.  ,0.  ,0.  ,0.  ,0.  ,0.  ,0.  ,0.  ,
 0.  ,0.  ,0.  ,0.  ,0.  ,0.  ,0.  ,0.  ,0.  ,0.  ,0.  ,0.  ,0.  ,0.  ,
 0.  ,0.  ,0.  ,0.  ,0.  ,0.  ,0.  ,0.  ,0.  ,0.  ,0.  ,0.  ,0.  ,0.  ,
 0.  ,0.2 ,0.62,0.99,0.62,0.2 ,0.  ,0.  ,0.  ,0.  ,0.  ,0.  ,0.  ,0.  ,
 0.  ,0.  ,0.  ,0.  ,0.  ,0.  ,0.  ,0.  ,0.  ,0.  ,0.  ,0.  ,0.  ,0.  ,
 0.19,0.93,0.99,0.99,0.99,0.93,0.  ,0.  ,0.  ,0.  ,0.  ,0.  ,0.  ,0.  ,
 0.  ,0.  ,0.  ,0.  ,0.  ,0.  ,0.  ,0.  ,0.  ,0.  ,0.  ,0.  ,0.  ,0.21,
 0.89,0.99,0.99,0.94,0.91,0.99,0.22,0.02,0.  ,0.  ,0.  ,0.  ,0.  ,0.  ,
 0.  ,0.  ,0.  ,0.  ,0.  ,0.  ,0.  ,0.  ,0.  ,0.  ,0.  ,0.04,0.24,0.88,
 0.99,0.99,0.99,0.79,0.33,0.99,0.99,0.48,0.  ,0.  ,0.  ,0.  ,0.  ,0.  ,
 0.  ,0.  ,0.  ,0.  ,0.  ,0.  ,0.  ,0.  ,0.  ,0.  ,0.  ,0.64,0.99,0.99,
 0.99,0.99,0.99,0.99,0.38,0.74,0.99,0.65,0.  ,0.  ,0.  ,0.  ,0.  ,0.  ,
 0.  ,0.  ,0.  ,0.  ,0.  ,0.  ,0.  ,0.  ,0.  ,0.  ,0.2 ,0.93,0.99,0.99,
 0.75,0.45,0.99,0.89,0.18,0.31,1.  ,0.66,0.  ,0.  ,0.  ,0.  ,0.  ,0.  ,
 0.  ,0.  ,0.  ,0.  ,0.  ,0.  ,0.  ,0.  ,0.  ,0.19,0.93,0.99,0.99,0.7 ,
 0.05,0.29,0.47,0.08,0.  ,0.  ,0.99,0.95,0.2 ,0.  ,0.  ,0.  ,0.  ,0.  ,
 0.  ,0.  ,0.  ,0.  ,0.  ,0.  ,0.  ,0.  ,0.15,0.65,0.99,0.91,0.82,0.33,
 0.  ,0.  ,0.  ,0.  ,0.  ,0.  ,0.99,0.99,0.65,0.  ,0.  ,0.  ,0.  ,0.  ,
 0.  ,0.  ,0.  ,0.  ,0.  ,0.  ,0.  ,0.03,0.7 ,0.99,0.94,0.28,0.07,0.11,
 0.  ,0.  ,0.  ,0.  ,0.  ,0.  ,0.99,0.99,0.76,0.  ,0.  ,0.  ,0.  ,0.  ,
 0.  ,0.  ,0.  ,0.  ,0.  ,0.  ,0.  ,0.22,0.99,0.99,0.25,0.  ,0.  ,0.  ,
 0.  ,0.  ,0.  ,0.  ,0.  ,0.  ,0.99,0.99,0.76,0.  ,0.  ,0.  ,0.  ,0.  ,
 0.  ,0.  ,0.  ,0.  ,0.  ,0.  ,0.  ,0.78,0.99,0.75,0.  ,0.  ,0.  ,0.  ,
 0.  ,0.  ,0.  ,0.  ,0.  ,0.  ,1.  ,0.99,0.77,0.  ,0.  ,0.  ,0.  ,0.  ,
 0.  ,0.  ,0.  ,0.  ,0.  ,0.  ,0.3 ,0.96,0.99,0.44,0.  ,0.  ,0.  ,0.  ,
 0.  ,0.  ,0.  ,0.  ,0.  ,0.  ,0.99,0.99,0.58,0.  ,0.  ,0.  ,0.  ,0.  ,
 0.  ,0.  ,0.  ,0.  ,0.  ,0.  ,0.33,0.99,0.9 ,0.1 ,0.  ,0.  ,0.  ,0.  ,
 0.  ,0.  ,0.  ,0.  ,0.03,0.53,0.99,0.73,0.05,0.  ,0.  ,0.  ,0.  ,0.  ,
 0.  ,0.  ,0.  ,0.  ,0.  ,0.  ,0.33,0.99,0.87,0.  ,0.  ,0.  ,0.  ,0.  ,
 0.  ,0.  ,0.  ,0.03,0.51,0.99,0.88,0.28,0.  ,0.  ,0.  ,0.  ,0.  ,0.  ,
 0.  ,0.  ,0.  ,0.  ,0.  ,0.  ,0.33,0.99,0.57,0.  ,0.  ,0.  ,0.  ,0.  ,
 0.  ,0.  ,0.19,0.65,0.99,0.68,0.  ,0.  ,0.  ,0.  ,0.  ,0.  ,0.  ,0.  ,
 0.  ,0.  ,0.  ,0.  ,0.  ,0.  ,0.34,0.99,0.88,0.  ,0.  ,0.  ,0.  ,0.  ,
 0.  ,0.45,0.93,0.99,0.64,0.  ,0.  ,0.  ,0.  ,0.  ,0.  ,0.  ,0.  ,0.  ,
 0.  ,0.  ,0.  ,0.  ,0.  ,0.  ,0.33,0.99,0.98,0.57,0.19,0.11,0.33,0.7 ,
 0.88,0.99,0.87,0.65,0.22,0.  ,0.  ,0.  ,0.  ,0.  ,0.  ,0.  ,0.  ,0.  ,
 0.  ,0.  ,0.  ,0.  ,0.  ,0.  ,0.33,0.99,0.99,0.99,0.9 ,0.84,0.99,0.99,
 0.99,0.77,0.51,0.  ,0.  ,0.  ,0.  ,0.  ,0.  ,0.  ,0.  ,0.  ,0.  ,0.  ,
 0.  ,0.  ,0.  ,0.  ,0.  ,0.  ,0.11,0.78,0.99,0.99,0.99,0.99,0.99,0.91,
 0.57,0.  ,0.  ,0.  ,0.  ,0.  ,0.  ,0.  ,0.  ,0.  ,0.  ,0.  ,0.  ,0.  ,
 0.  ,0.  ,0.  ,0.  ,0.  ,0.  ,0.  ,0.1 ,0.5 ,0.99,0.99,0.99,0.55,0.15,
 0.  ,0.  ,0.  ,0.  ,0.  ,0.  ,0.  ,0.  ,0.  ,0.  ,0.  ,0.  ,0.  ,0.  ,
 0.  ,0.  ,0.  ,0.  ,0.  ,0.  ,0.  ,0.  ,0.  ,0.  ,0.  ,0.  ,0.  ,0.  ,
 0.  ,0.  ,0.  ,0.  ,0.  ,0.  ,0.  ,0.  ,0.  ,0.  ,0.  ,0.  ,0.  ,0.  ,
 0.  ,0.  ,0.  ,0.  ,0.  ,0.  ,0.  ,0.  ,0.  ,0.  ,0.  ,0.  ,0.  ,0.  ,
 0.  ,0.  ,0.  ,0.  ,0.  ,0.  ,0.  ,0.  ,0.  ,0.  ,0.  ,0.  ,0.  ,0.  ,
 0.  ,0.  ,0.  ,0.  ,0.  ,0.  ,0.  ,0.  ,0.  ,0.  ,0.  ,0.  ,0.  ,0.  ,
 0.  ,0.  ,0.  ,0.  ,0.  ,0.  ,0.  ,0.  ,0.  ,0.  ,0.  ,0.  ,0.  ,0.  ,
 0.  ,0.  ,0.  ,0.  ,0.  ,0.  ,0.  ,0.  ,0.  ,0.  ,0.  ,0.  ,0.  ,0.  ,
 0.  ,0.  ,0.  ,0.  ,0.  ,0.  ,0.  ,0.  ,0.  ,0.  ,0.  ,0.  ,0.  ,0.  ]",0,"[[-1.3498e-02,-4.8979e-03, 3.8246e-04,...,-1.1013e-02, 1.8778e-05,
   6.3096e-03],
 [-3.5537e-03,-2.9871e-03,-1.3974e-02,...,-5.6679e-03,-8.3602e-04,
   3.3509e-03],
 [-9.8223e-03,-9.9293e-03, 7.9568e-03,...,-2.7545e-03,-1.1057e-03,
   2.5672e-03],
 ...,
 [-7.8604e-03, 8.0771e-03, 1.3596e-02,...,-1.0829e-03,-1.1537e-03,
   3.9063e-03],
 [-5.7794e-03, 6.6186e-03, 1.2320e-03,..., 2.1307e-03,-6.7002e-03,
   5.2298e-03],
 [-2.5870e-03, 1.2748e-02,-2.7763e-03,...,-8.5902e-03, 7.8897e-03,
  -3.5166e-03]]","[[-0.0425, 0.0603,-0.015 ,-0.0406, 0.0312, 0.0135, 0.0036,-0.0002,-0.0108,
   0.0005]]","[ 3.8194,-1.7247,-0.7699,-0.019 ,-1.6892, 1.0031, 0.322 ,-0.4017,-0.0716,
 -0.3495]","[0.8472,0.0033,0.0086,0.0182,0.0034,0.0507,0.0256,0.0124,0.0173,0.0131]","[[0.,0.,0.,...,0.,0.,0.],
 [0.,0.,0.,...,0.,0.,0.],
 [0.,0.,0.,...,0.,0.,0.],
 ...,
 [0.,0.,0.,...,0.,0.,0.],
 [0.,0.,0.,...,0.,0.,0.],
 [0.,0.,0.,...,0.,0.,0.]]","[-0.1528, 0.0033, 0.0086, 0.0182, 0.0034, 0.0507, 0.0256, 0.0124, 0.0173,
  0.0131]","[[ 0.008 ,-0.0139, 0.0027, 0.0099,-0.0073,-0.0042,-0.0009, 0.0009, 0.0037,
   0.0011]]"
30,"[0.  ,0.  ,0.  ,0.  ,0.  ,0.  ,0.  ,0.  ,0.  ,0.  ,0.  ,0.  ,0.  ,0.  ,
 0.  ,0.  ,0.  ,0.  ,0.  ,0.  ,0.  ,0.  ,0.  ,0.  ,0.  ,0.  ,0.  ,0.  ,
 0.  ,0.  ,0.  ,0.  ,0.  ,0.  ,0.  ,0.  ,0.  ,0.  ,0.  ,0.  ,0.  ,0.  ,
 0.  ,0.  ,0.  ,0.  ,0.  ,0.  ,0.  ,0.  ,0.  ,0.  ,0.  ,0.  ,0.  ,0.  ,
 0.  ,0.  ,0.  ,0.  ,0.  ,0.  ,0.  ,0.  ,0.  ,0.  ,0.  ,0.  ,0.  ,0.  ,
 0.  ,0.  ,0.  ,0.  ,0.  ,0.  ,0.  ,0.  ,0.  ,0.  ,0.  ,0.  ,0.  ,0.  ,
 0.  ,0.  ,0.  ,0.  ,0.  ,0.  ,0.  ,0.  ,0.  ,0.  ,0.  ,0.  ,0.  ,0.  ,
 0.  ,0.  ,0.  ,0.  ,0.  ,0.  ,0.  ,0.  ,0.  ,0.  ,0.  ,0.  ,0.  ,0.  ,
 0.  ,0.  ,0.  ,0.  ,0.  ,0.  ,0.  ,0.  ,0.  ,0.  ,0.  ,0.  ,0.  ,0.  ,
 0.  ,0.2 ,0.62,0.99,0.62,0.2 ,0.  ,0.  ,0.  ,0.  ,0.  ,0.  ,0.  ,0.  ,
 0.  ,0.  ,0.  ,0.  ,0.  ,0.  ,0.  ,0.  ,0.  ,0.  ,0.  ,0.  ,0.  ,0.  ,
 0.19,0.93,0.99,0.99,0.99,0.93,0.  ,0.  ,0.  ,0.  ,0.  ,0.  ,0.  ,0.  ,
 0.  ,0.  ,0.  ,0.  ,0.  ,0.  ,0.  ,0.  ,0.  ,0.  ,0.  ,0.  ,0.  ,0.21,
 0.89,0.99,0.99,0.94,0.91,0.99,0.22,0.02,0.  ,0.  ,0.  ,0.  ,0.  ,0.  ,
 0.  ,0.  ,0.  ,0.  ,0.  ,0.  ,0.  ,0.  ,0.  ,0.  ,0.  ,0.04,0.24,0.88,
 0.99,0.99,0.99,0.79,0.33,0.99,0.99,0.48,0.  ,0.  ,0.  ,0.  ,0.  ,0.  ,
 0.  ,0.  ,0.  ,0.  ,0.  ,0.  ,0.  ,0.  ,0.  ,0.  ,0.  ,0.64,0.99,0.99,
 0.99,0.99,0.99,0.99,0.38,0.74,0.99,0.65,0.  ,0.  ,0.  ,0.  ,0.  ,0.  ,
 0.  ,0.  ,0.  ,0.  ,0.  ,0.  ,0.  ,0.  ,0.  ,0.  ,0.2 ,0.93,0.99,0.99,
 0.75,0.45,0.99,0.89,0.18,0.31,1.  ,0.66,0.  ,0.  ,0.  ,0.  ,0.  ,0.  ,
 0.  ,0.  ,0.  ,0.  ,0.  ,0.  ,0.  ,0.  ,0.  ,0.19,0.93,0.99,0.99,0.7 ,
 0.05,0.29,0.47,0.08,0.  ,0.  ,0.99,0.95,0.2 ,0.  ,0.  ,0.  ,0.  ,0.  ,
 0.  ,0.  ,0.  ,0.  ,0.  ,0.  ,0.  ,0.  ,0.15,0.65,0.99,0.91,0.82,0.33,
 0.  ,0.  ,0.  ,0.  ,0.  ,0.  ,0.99,0.99,0.65,0.  ,0.  ,0.  ,0.  ,0.  ,
 0.  ,0.  ,0.  ,0.  ,0.  ,0.  ,0.  ,0.03,0.7 ,0.99,0.94,0.28,0.07,0.11,
 0.  ,0.  ,0.  ,0.  ,0.  ,0.  ,0.99,0.99,0.76,0.  ,0.  ,0.  ,0.  ,0.  ,
 0.  ,0.  ,0.  ,0.  ,0.  ,0.  ,0.  ,0.22,0.99,0.99,0.25,0.  ,0.  ,0.  ,
 0.  ,0.  ,0.  ,0.  ,0.  ,0.  ,0.99,0.99,0.76,0.  ,0.  ,0.  ,0.  ,0.  ,
 0.  ,0.  ,0.  ,0.  ,0.  ,0.  ,0.  ,0.78,0.99,0.75,0.  ,0.  ,0.  ,0.  ,
 0.  ,0.  ,0.  ,0.  ,0.  ,0.  ,1.  ,0.99,0.77,0.  ,0.  ,0.  ,0.  ,0.  ,
 0.  ,0.  ,0.  ,0.  ,0.  ,0.  ,0.3 ,0.96,0.99,0.44,0.  ,0.  ,0.  ,0.  ,
 0.  ,0.  ,0.  ,0.  ,0.  ,0.  ,0.99,0.99,0.58,0.  ,0.  ,0.  ,0.  ,0.  ,
 0.  ,0.  ,0.  ,0.  ,0.  ,0.  ,0.33,0.99,0.9 ,0.1 ,0.  ,0.  ,0.  ,0.  ,
 0.  ,0.  ,0.  ,0.  ,0.03,0.53,0.99,0.73,0.05,0.  ,0.  ,0.  ,0.  ,0.  ,
 0.  ,0.  ,0.  ,0.  ,0.  ,0.  ,0.33,0.99,0.87,0.  ,0.  ,0.  ,0.  ,0.  ,
 0.  ,0.  ,0.  ,0.03,0.51,0.99,0.88,0.28,0.  ,0.  ,0.  ,0.  ,0.  ,0.  ,
 0.  ,0.  ,0.  ,0.  ,0.  ,0.  ,0.33,0.99,0.57,0.  ,0.  ,0.  ,0.  ,0.  ,
 0.  ,0.  ,0.19,0.65,0.99,0.68,0.  ,0.  ,0.  ,0.  ,0.  ,0.  ,0.  ,0.  ,
 0.  ,0.  ,0.  ,0.  ,0.  ,0.  ,0.34,0.99,0.88,0.  ,0.  ,0.  ,0.  ,0.  ,
 0.  ,0.45,0.93,0.99,0.64,0.  ,0.  ,0.  ,0.  ,0.  ,0.  ,0.  ,0.  ,0.  ,
 0.  ,0.  ,0.  ,0.  ,0.  ,0.  ,0.33,0.99,0.98,0.57,0.19,0.11,0.33,0.7 ,
 0.88,0.99,0.87,0.65,0.22,0.  ,0.  ,0.  ,0.  ,0.  ,0.  ,0.  ,0.  ,0.  ,
 0.  ,0.  ,0.  ,0.  ,0.  ,0.  ,0.33,0.99,0.99,0.99,0.9 ,0.84,0.99,0.99,
 0.99,0.77,0.51,0.  ,0.  ,0.  ,0.  ,0.  ,0.  ,0.  ,0.  ,0.  ,0.  ,0.  ,
 0.  ,0.  ,0.  ,0.  ,0.  ,0.  ,0.11,0.78,0.99,0.99,0.99,0.99,0.99,0.91,
 0.57,0.  ,0.  ,0.  ,0.  ,0.  ,0.  ,0.  ,0.  ,0.  ,0.  ,0.  ,0.  ,0.  ,
 0.  ,0.  ,0.  ,0.  ,0.  ,0.  ,0.  ,0.1 ,0.5 ,0.99,0.99,0.99,0.55,0.15,
 0.  ,0.  ,0.  ,0.  ,0.  ,0.  ,0.  ,0.  ,0.  ,0.  ,0.  ,0.  ,0.  ,0.  ,
 0.  ,0.  ,0.  ,0.  ,0.  ,0.  ,0.  ,0.  ,0.  ,0.  ,0.  ,0.  ,0.  ,0.  ,
 0.  ,0.  ,0.  ,0.  ,0.  ,0.  ,0.  ,0.  ,0.  ,0.  ,0.  ,0.  ,0.  ,0.  ,
 0.  ,0.  ,0.  ,0.  ,0.  ,0.  ,0.  ,0.  ,0.  ,0.  ,0.  ,0.  ,0.  ,0.  ,
 0.  ,0.  ,0.  ,0.  ,0.  ,0.  ,0.  ,0.  ,0.  ,0.  ,0.  ,0.  ,0.  ,0.  ,
 0.  ,0.  ,0.  ,0.  ,0.  ,0.  ,0.  ,0.  ,0.  ,0.  ,0.  ,0.  ,0.  ,0.  ,
 0.  ,0.  ,0.  ,0.  ,0.  ,0.  ,0.  ,0.  ,0.  ,0.  ,0.  ,0.  ,0.  ,0.  ,
 0.  ,0.  ,0.  ,0.  ,0.  ,0.  ,0.  ,0.  ,0.  ,0.  ,0.  ,0.  ,0.  ,0.  ,
 0.  ,0.  ,0.  ,0.  ,0.  ,0.  ,0.  ,0.  ,0.  ,0.  ,0.  ,0.  ,0.  ,0.  ]",0,"[[-1.3498e-02,-4.8979e-03, 3.8246e-04,...,-1.1013e-02, 1.8778e-05,
   6.3096e-03],
 [-3.5537e-03,-2.9871e-03,-1.3974e-02,...,-5.6679e-03,-8.3602e-04,
   3.3509e-03],
 [-9.8223e-03,-9.9293e-03, 7.9568e-03,...,-2.7545e-03,-1.1057e-03,
   2.5672e-03],
 ...,
 [-7.8604e-03, 8.0771e-03, 1.3596e-02,...,-1.0829e-03,-1.1537e-03,
   3.9063e-03],
 [-5.7794e-03, 6.6186e-03, 1.2320e-03,..., 2.1307e-03,-6.7002e-03,
   5.2298e-03],
 [-2.5870e-03, 1.2748e-02,-2.7763e-03,...,-8.5902e-03, 7.8897e-03,
  -3.5166e-03]]","[[-0.0433, 0.0617,-0.0153,-0.0416, 0.0319, 0.0139, 0.0037,-0.0003,-0.0112,
   0.0004]]","[ 3.8751,-1.7577,-0.7861,-0.0171,-1.7199, 1.0242, 0.3304,-0.4081,-0.0679,
 -0.3541]","[0.8535,0.0031,0.0081,0.0174,0.0032,0.0493,0.0246,0.0118,0.0166,0.0124]","[[0.,0.,0.,...,0.,0.,0.],
 [0.,0.,0.,...,0.,0.,0.],
 [0.,0.,0.,...,0.,0.,0.],
 ...,
 [0.,0.,0.,...,0.,0.,0.],
 [0.,0.,0.,...,0.,0.,0.],
 [0.,0.,0.,...,0.,0.,0.]]","[-0.1465, 0.0031, 0.0081, 0.0174, 0.0032, 0.0493, 0.0246, 0.0118, 0.0166,
  0.0124]","[[ 0.0077,-0.0135, 0.0025, 0.0096,-0.0072,-0.0041,-0.0009, 0.0009, 0.0036,
   0.0012]]"
31,"[0.  ,0.  ,0.  ,0.  ,0.  ,0.  ,0.  ,0.  ,0.  ,0.  ,0.  ,0.  ,0.  ,0.  ,
 0.  ,0.  ,0.  ,0.  ,0.  ,0.  ,0.  ,0.  ,0.  ,0.  ,0.  ,0.  ,0.  ,0.  ,
 0.  ,0.  ,0.  ,0.  ,0.  ,0.  ,0.  ,0.  ,0.  ,0.  ,0.  ,0.  ,0.  ,0.  ,
 0.  ,0.  ,0.  ,0.  ,0.  ,0.  ,0.  ,0.  ,0.  ,0.  ,0.  ,0.  ,0.  ,0.  ,
 0.  ,0.  ,0.  ,0.  ,0.  ,0.  ,0.  ,0.  ,0.  ,0.  ,0.  ,0.  ,0.  ,0.  ,
 0.  ,0.  ,0.  ,0.  ,0.  ,0.  ,0.  ,0.  ,0.  ,0.  ,0.  ,0.  ,0.  ,0.  ,
 0.  ,0.  ,0.  ,0.  ,0.  ,0.  ,0.  ,0.  ,0.  ,0.  ,0.  ,0.  ,0.  ,0.  ,
 0.  ,0.  ,0.  ,0.  ,0.  ,0.  ,0.  ,0.  ,0.  ,0.  ,0.  ,0.  ,0.  ,0.  ,
 0.  ,0.  ,0.  ,0.  ,0.  ,0.  ,0.  ,0.  ,0.  ,0.  ,0.  ,0.  ,0.  ,0.  ,
 0.  ,0.2 ,0.62,0.99,0.62,0.2 ,0.  ,0.  ,0.  ,0.  ,0.  ,0.  ,0.  ,0.  ,
 0.  ,0.  ,0.  ,0.  ,0.  ,0.  ,0.  ,0.  ,0.  ,0.  ,0.  ,0.  ,0.  ,0.  ,
 0.19,0.93,0.99,0.99,0.99,0.93,0.  ,0.  ,0.  ,0.  ,0.  ,0.  ,0.  ,0.  ,
 0.  ,0.  ,0.  ,0.  ,0.  ,0.  ,0.  ,0.  ,0.  ,0.  ,0.  ,0.  ,0.  ,0.21,
 0.89,0.99,0.99,0.94,0.91,0.99,0.22,0.02,0.  ,0.  ,0.  ,0.  ,0.  ,0.  ,
 0.  ,0.  ,0.  ,0.  ,0.  ,0.  ,0.  ,0.  ,0.  ,0.  ,0.  ,0.04,0.24,0.88,
 0.99,0.99,0.99,0.79,0.33,0.99,0.99,0.48,0.  ,0.  ,0.  ,0.  ,0.  ,0.  ,
 0.  ,0.  ,0.  ,0.  ,0.  ,0.  ,0.  ,0.  ,0.  ,0.  ,0.  ,0.64,0.99,0.99,
 0.99,0.99,0.99,0.99,0.38,0.74,0.99,0.65,0.  ,0.  ,0.  ,0.  ,0.  ,0.  ,
 0.  ,0.  ,0.  ,0.  ,0.  ,0.  ,0.  ,0.  ,0.  ,0.  ,0.2 ,0.93,0.99,0.99,
 0.75,0.45,0.99,0.89,0.18,0.31,1.  ,0.66,0.  ,0.  ,0.  ,0.  ,0.  ,0.  ,
 0.  ,0.  ,0.  ,0.  ,0.  ,0.  ,0.  ,0.  ,0.  ,0.19,0.93,0.99,0.99,0.7 ,
 0.05,0.29,0.47,0.08,0.  ,0.  ,0.99,0.95,0.2 ,0.  ,0.  ,0.  ,0.  ,0.  ,
 0.  ,0.  ,0.  ,0.  ,0.  ,0.  ,0.  ,0.  ,0.15,0.65,0.99,0.91,0.82,0.33,
 0.  ,0.  ,0.  ,0.  ,0.  ,0.  ,0.99,0.99,0.65,0.  ,0.  ,0.  ,0.  ,0.  ,
 0.  ,0.  ,0.  ,0.  ,0.  ,0.  ,0.  ,0.03,0.7 ,0.99,0.94,0.28,0.07,0.11,
 0.  ,0.  ,0.  ,0.  ,0.  ,0.  ,0.99,0.99,0.76,0.  ,0.  ,0.  ,0.  ,0.  ,
 0.  ,0.  ,0.  ,0.  ,0.  ,0.  ,0.  ,0.22,0.99,0.99,0.25,0.  ,0.  ,0.  ,
 0.  ,0.  ,0.  ,0.  ,0.  ,0.  ,0.99,0.99,0.76,0.  ,0.  ,0.  ,0.  ,0.  ,
 0.  ,0.  ,0.  ,0.  ,0.  ,0.  ,0.  ,0.78,0.99,0.75,0.  ,0.  ,0.  ,0.  ,
 0.  ,0.  ,0.  ,0.  ,0.  ,0.  ,1.  ,0.99,0.77,0.  ,0.  ,0.  ,0.  ,0.  ,
 0.  ,0.  ,0.  ,0.  ,0.  ,0.  ,0.3 ,0.96,0.99,0.44,0.  ,0.  ,0.  ,0.  ,
 0.  ,0.  ,0.  ,0.  ,0.  ,0.  ,0.99,0.99,0.58,0.  ,0.  ,0.  ,0.  ,0.  ,
 0.  ,0.  ,0.  ,0.  ,0.  ,0.  ,0.33,0.99,0.9 ,0.1 ,0.  ,0.  ,0.  ,0.  ,
 0.  ,0.  ,0.  ,0.  ,0.03,0.53,0.99,0.73,0.05,0.  ,0.  ,0.  ,0.  ,0.  ,
 0.  ,0.  ,0.  ,0.  ,0.  ,0.  ,0.33,0.99,0.87,0.  ,0.  ,0.  ,0.  ,0.  ,
 0.  ,0.  ,0.  ,0.03,0.51,0.99,0.88,0.28,0.  ,0.  ,0.  ,0.  ,0.  ,0.  ,
 0.  ,0.  ,0.  ,0.  ,0.  ,0.  ,0.33,0.99,0.57,0.  ,0.  ,0.  ,0.  ,0.  ,
 0.  ,0.  ,0.19,0.65,0.99,0.68,0.  ,0.  ,0.  ,0.  ,0.  ,0.  ,0.  ,0.  ,
 0.  ,0.  ,0.  ,0.  ,0.  ,0.  ,0.34,0.99,0.88,0.  ,0.  ,0.  ,0.  ,0.  ,
 0.  ,0.45,0.93,0.99,0.64,0.  ,0.  ,0.  ,0.  ,0.  ,0.  ,0.  ,0.  ,0.  ,
 0.  ,0.  ,0.  ,0.  ,0.  ,0.  ,0.33,0.99,0.98,0.57,0.19,0.11,0.33,0.7 ,
 0.88,0.99,0.87,0.65,0.22,0.  ,0.  ,0.  ,0.  ,0.  ,0.  ,0.  ,0.  ,0.  ,
 0.  ,0.  ,0.  ,0.  ,0.  ,0.  ,0.33,0.99,0.99,0.99,0.9 ,0.84,0.99,0.99,
 0.99,0.77,0.51,0.  ,0.  ,0.  ,0.  ,0.  ,0.  ,0.  ,0.  ,0.  ,0.  ,0.  ,
 0.  ,0.  ,0.  ,0.  ,0.  ,0.  ,0.11,0.78,0.99,0.99,0.99,0.99,0.99,0.91,
 0.57,0.  ,0.  ,0.  ,0.  ,0.  ,0.  ,0.  ,0.  ,0.  ,0.  ,0.  ,0.  ,0.  ,
 0.  ,0.  ,0.  ,0.  ,0.  ,0.  ,0.  ,0.1 ,0.5 ,0.99,0.99,0.99,0.55,0.15,
 0.  ,0.  ,0.  ,0.  ,0.  ,0.  ,0.  ,0.  ,0.  ,0.  ,0.  ,0.  ,0.  ,0.  ,
 0.  ,0.  ,0.  ,0.  ,0.  ,0.  ,0.  ,0.  ,0.  ,0.  ,0.  ,0.  ,0.  ,0.  ,
 0.  ,0.  ,0.  ,0.  ,0.  ,0.  ,0.  ,0.  ,0.  ,0.  ,0.  ,0.  ,0.  ,0.  ,
 0.  ,0.  ,0.  ,0.  ,0.  ,0.  ,0.  ,0.  ,0.  ,0.  ,0.  ,0.  ,0.  ,0.  ,
 0.  ,0.  ,0.  ,0.  ,0.  ,0.  ,0.  ,0.  ,0.  ,0.  ,0.  ,0.  ,0.  ,0.  ,
 0.  ,0.  ,0.  ,0.  ,0.  ,0.  ,0.  ,0.  ,0.  ,0.  ,0.  ,0.  ,0.  ,0.  ,
 0.  ,0.  ,0.  ,0.  ,0.  ,0.  ,0.  ,0.  ,0.  ,0.  ,0.  ,0.  ,0.  ,0.  ,
 0.  ,0.  ,0.  ,0.  ,0.  ,0.  ,0.  ,0.  ,0.  ,0.  ,0.  ,0.  ,0.  ,0.  ,
 0.  ,0.  ,0.  ,0.  ,0.  ,0.  ,0.  ,0.  ,0.  ,0.  ,0.  ,0.  ,0.  ,0.  ]",0,"[[-1.3498e-02,-4.8979e-03, 3.8246e-04,...,-1.1013e-02, 1.8778e-05,
   6.3096e-03],
 [-3.5537e-03,-2.9871e-03,-1.3974e-02,...,-5.6679e-03,-8.3602e-04,
   3.3509e-03],
 [-9.8223e-03,-9.9293e-03, 7.9568e-03,...,-2.7545e-03,-1.1057e-03,
   2.5672e-03],
 ...,
 [-7.8604e-03, 8.0771e-03, 1.3596e-02,...,-1.0829e-03,-1.1537e-03,
   3.9063e-03],
 [-5.7794e-03, 6.6186e-03, 1.2320e-03,..., 2.1307e-03,-6.7002e-03,
   5.2298e-03],
 [-2.5870e-03, 1.2748e-02,-2.7763e-03,...,-8.5902e-03, 7.8897e-03,
  -3.5166e-03]]","[[-0.044 , 0.063 ,-0.0155,-0.0425, 0.0326, 0.0143, 0.0038,-0.0004,-0.0115,
   0.0003]]","[ 3.929 ,-1.7898,-0.8019,-0.015 ,-1.7498, 1.0446, 0.3387,-0.4142,-0.0644,
 -0.3585]","[0.8594,0.0028,0.0076,0.0166,0.0029,0.048 ,0.0237,0.0112,0.0158,0.0118]","[[0.,0.,0.,...,0.,0.,0.],
 [0.,0.,0.,...,0.,0.,0.],
 [0.,0.,0.,...,0.,0.,0.],
 ...,
 [0.,0.,0.,...,0.,0.,0.],
 [0.,0.,0.,...,0.,0.,0.],
 [0.,0.,0.,...,0.,0.,0.]]","[-0.1406, 0.0028, 0.0076, 0.0166, 0.0029, 0.048 , 0.0237, 0.0112, 0.0158,
  0.0118]","[[ 0.0075,-0.013 , 0.0024, 0.0094,-0.007 ,-0.004 ,-0.0009, 0.0009, 0.0036,
   0.0013]]"
32,"[0.  ,0.  ,0.  ,0.  ,0.  ,0.  ,0.  ,0.  ,0.  ,0.  ,0.  ,0.  ,0.  ,0.  ,
 0.  ,0.  ,0.  ,0.  ,0.  ,0.  ,0.  ,0.  ,0.  ,0.  ,0.  ,0.  ,0.  ,0.  ,
 0.  ,0.  ,0.  ,0.  ,0.  ,0.  ,0.  ,0.  ,0.  ,0.  ,0.  ,0.  ,0.  ,0.  ,
 0.  ,0.  ,0.  ,0.  ,0.  ,0.  ,0.  ,0.  ,0.  ,0.  ,0.  ,0.  ,0.  ,0.  ,
 0.  ,0.  ,0.  ,0.  ,0.  ,0.  ,0.  ,0.  ,0.  ,0.  ,0.  ,0.  ,0.  ,0.  ,
 0.  ,0.  ,0.  ,0.  ,0.  ,0.  ,0.  ,0.  ,0.  ,0.  ,0.  ,0.  ,0.  ,0.  ,
 0.  ,0.  ,0.  ,0.  ,0.  ,0.  ,0.  ,0.  ,0.  ,0.  ,0.  ,0.  ,0.  ,0.  ,
 0.  ,0.  ,0.  ,0.  ,0.  ,0.  ,0.  ,0.  ,0.  ,0.  ,0.  ,0.  ,0.  ,0.  ,
 0.  ,0.  ,0.  ,0.  ,0.  ,0.  ,0.  ,0.  ,0.  ,0.  ,0.  ,0.  ,0.  ,0.  ,
 0.  ,0.2 ,0.62,0.99,0.62,0.2 ,0.  ,0.  ,0.  ,0.  ,0.  ,0.  ,0.  ,0.  ,
 0.  ,0.  ,0.  ,0.  ,0.  ,0.  ,0.  ,0.  ,0.  ,0.  ,0.  ,0.  ,0.  ,0.  ,
 0.19,0.93,0.99,0.99,0.99,0.93,0.  ,0.  ,0.  ,0.  ,0.  ,0.  ,0.  ,0.  ,
 0.  ,0.  ,0.  ,0.  ,0.  ,0.  ,0.  ,0.  ,0.  ,0.  ,0.  ,0.  ,0.  ,0.21,
 0.89,0.99,0.99,0.94,0.91,0.99,0.22,0.02,0.  ,0.  ,0.  ,0.  ,0.  ,0.  ,
 0.  ,0.  ,0.  ,0.  ,0.  ,0.  ,0.  ,0.  ,0.  ,0.  ,0.  ,0.04,0.24,0.88,
 0.99,0.99,0.99,0.79,0.33,0.99,0.99,0.48,0.  ,0.  ,0.  ,0.  ,0.  ,0.  ,
 0.  ,0.  ,0.  ,0.  ,0.  ,0.  ,0.  ,0.  ,0.  ,0.  ,0.  ,0.64,0.99,0.99,
 0.99,0.99,0.99,0.99,0.38,0.74,0.99,0.65,0.  ,0.  ,0.  ,0.  ,0.  ,0.  ,
 0.  ,0.  ,0.  ,0.  ,0.  ,0.  ,0.  ,0.  ,0.  ,0.  ,0.2 ,0.93,0.99,0.99,
 0.75,0.45,0.99,0.89,0.18,0.31,1.  ,0.66,0.  ,0.  ,0.  ,0.  ,0.  ,0.  ,
 0.  ,0.  ,0.  ,0.  ,0.  ,0.  ,0.  ,0.  ,0.  ,0.19,0.93,0.99,0.99,0.7 ,
 0.05,0.29,0.47,0.08,0.  ,0.  ,0.99,0.95,0.2 ,0.  ,0.  ,0.  ,0.  ,0.  ,
 0.  ,0.  ,0.  ,0.  ,0.  ,0.  ,0.  ,0.  ,0.15,0.65,0.99,0.91,0.82,0.33,
 0.  ,0.  ,0.  ,0.  ,0.  ,0.  ,0.99,0.99,0.65,0.  ,0.  ,0.  ,0.  ,0.  ,
 0.  ,0.  ,0.  ,0.  ,0.  ,0.  ,0.  ,0.03,0.7 ,0.99,0.94,0.28,0.07,0.11,
 0.  ,0.  ,0.  ,0.  ,0.  ,0.  ,0.99,0.99,0.76,0.  ,0.  ,0.  ,0.  ,0.  ,
 0.  ,0.  ,0.  ,0.  ,0.  ,0.  ,0.  ,0.22,0.99,0.99,0.25,0.  ,0.  ,0.  ,
 0.  ,0.  ,0.  ,0.  ,0.  ,0.  ,0.99,0.99,0.76,0.  ,0.  ,0.  ,0.  ,0.  ,
 0.  ,0.  ,0.  ,0.  ,0.  ,0.  ,0.  ,0.78,0.99,0.75,0.  ,0.  ,0.  ,0.  ,
 0.  ,0.  ,0.  ,0.  ,0.  ,0.  ,1.  ,0.99,0.77,0.  ,0.  ,0.  ,0.  ,0.  ,
 0.  ,0.  ,0.  ,0.  ,0.  ,0.  ,0.3 ,0.96,0.99,0.44,0.  ,0.  ,0.  ,0.  ,
 0.  ,0.  ,0.  ,0.  ,0.  ,0.  ,0.99,0.99,0.58,0.  ,0.  ,0.  ,0.  ,0.  ,
 0.  ,0.  ,0.  ,0.  ,0.  ,0.  ,0.33,0.99,0.9 ,0.1 ,0.  ,0.  ,0.  ,0.  ,
 0.  ,0.  ,0.  ,0.  ,0.03,0.53,0.99,0.73,0.05,0.  ,0.  ,0.  ,0.  ,0.  ,
 0.  ,0.  ,0.  ,0.  ,0.  ,0.  ,0.33,0.99,0.87,0.  ,0.  ,0.  ,0.  ,0.  ,
 0.  ,0.  ,0.  ,0.03,0.51,0.99,0.88,0.28,0.  ,0.  ,0.  ,0.  ,0.  ,0.  ,
 0.  ,0.  ,0.  ,0.  ,0.  ,0.  ,0.33,0.99,0.57,0.  ,0.  ,0.  ,0.  ,0.  ,
 0.  ,0.  ,0.19,0.65,0.99,0.68,0.  ,0.  ,0.  ,0.  ,0.  ,0.  ,0.  ,0.  ,
 0.  ,0.  ,0.  ,0.  ,0.  ,0.  ,0.34,0.99,0.88,0.  ,0.  ,0.  ,0.  ,0.  ,
 0.  ,0.45,0.93,0.99,0.64,0.  ,0.  ,0.  ,0.  ,0.  ,0.  ,0.  ,0.  ,0.  ,
 0.  ,0.  ,0.  ,0.  ,0.  ,0.  ,0.33,0.99,0.98,0.57,0.19,0.11,0.33,0.7 ,
 0.88,0.99,0.87,0.65,0.22,0.  ,0.  ,0.  ,0.  ,0.  ,0.  ,0.  ,0.  ,0.  ,
 0.  ,0.  ,0.  ,0.  ,0.  ,0.  ,0.33,0.99,0.99,0.99,0.9 ,0.84,0.99,0.99,
 0.99,0.77,0.51,0.  ,0.  ,0.  ,0.  ,0.  ,0.  ,0.  ,0.  ,0.  ,0.  ,0.  ,
 0.  ,0.  ,0.  ,0.  ,0.  ,0.  ,0.11,0.78,0.99,0.99,0.99,0.99,0.99,0.91,
 0.57,0.  ,0.  ,0.  ,0.  ,0.  ,0.  ,0.  ,0.  ,0.  ,0.  ,0.  ,0.  ,0.  ,
 0.  ,0.  ,0.  ,0.  ,0.  ,0.  ,0.  ,0.1 ,0.5 ,0.99,0.99,0.99,0.55,0.15,
 0.  ,0.  ,0.  ,0.  ,0.  ,0.  ,0.  ,0.  ,0.  ,0.  ,0.  ,0.  ,0.  ,0.  ,
 0.  ,0.  ,0.  ,0.  ,0.  ,0.  ,0.  ,0.  ,0.  ,0.  ,0.  ,0.  ,0.  ,0.  ,
 0.  ,0.  ,0.  ,0.  ,0.  ,0.  ,0.  ,0.  ,0.  ,0.  ,0.  ,0.  ,0.  ,0.  ,
 0.  ,0.  ,0.  ,0.  ,0.  ,0.  ,0.  ,0.  ,0.  ,0.  ,0.  ,0.  ,0.  ,0.  ,
 0.  ,0.  ,0.  ,0.  ,0.  ,0.  ,0.  ,0.  ,0.  ,0.  ,0.  ,0.  ,0.  ,0.  ,
 0.  ,0.  ,0.  ,0.  ,0.  ,0.  ,0.  ,0.  ,0.  ,0.  ,0.  ,0.  ,0.  ,0.  ,
 0.  ,0.  ,0.  ,0.  ,0.  ,0.  ,0.  ,0.  ,0.  ,0.  ,0.  ,0.  ,0.  ,0.  ,
 0.  ,0.  ,0.  ,0.  ,0.  ,0.  ,0.  ,0.  ,0.  ,0.  ,0.  ,0.  ,0.  ,0.  ,
 0.  ,0.  ,0.  ,0.  ,0.  ,0.  ,0.  ,0.  ,0.  ,0.  ,0.  ,0.  ,0.  ,0.  ]",0,"[[-1.3498e-02,-4.8979e-03, 3.8246e-04,...,-1.1013e-02, 1.8778e-05,
   6.3096e-03],
 [-3.5537e-03,-2.9871e-03,-1.3974e-02,...,-5.6679e-03,-8.3602e-04,
   3.3509e-03],
 [-9.8223e-03,-9.9293e-03, 7.9568e-03,...,-2.7545e-03,-1.1057e-03,
   2.5672e-03],
 ...,
 [-7.8604e-03, 8.0771e-03, 1.3596e-02,...,-1.0829e-03,-1.1537e-03,
   3.9063e-03],
 [-5.7794e-03, 6.6186e-03, 1.2320e-03,..., 2.1307e-03,-6.7002e-03,
   5.2298e-03],
 [-2.5870e-03, 1.2748e-02,-2.7763e-03,...,-8.5902e-03, 7.8897e-03,
  -3.5166e-03]]","[[-0.0447, 0.0643,-0.0158,-0.0434, 0.0333, 0.0147, 0.0039,-0.0005,-0.0119,
   0.0002]]","[ 3.9813,-1.8213,-0.8172,-0.0126,-1.7789, 1.0644, 0.3471,-0.4201,-0.061 ,
 -0.3629]","[0.8649,0.0026,0.0071,0.0159,0.0027,0.0468,0.0228,0.0106,0.0152,0.0112]","[[0.,0.,0.,...,0.,0.,0.],
 [0.,0.,0.,...,0.,0.,0.],
 [0.,0.,0.,...,0.,0.,0.],
 ...,
 [0.,0.,0.,...,0.,0.,0.],
 [0.,0.,0.,...,0.,0.,0.],
 [0.,0.,0.,...,0.,0.,0.]]","[-0.1351, 0.0026, 0.0071, 0.0159, 0.0027, 0.0468, 0.0228, 0.0106, 0.0152,
  0.0112]","[[ 0.0072,-0.0127, 0.0023, 0.0092,-0.0069,-0.0039,-0.0009, 0.0008, 0.0036,
   0.0013]]"
33,"[0.  ,0.  ,0.  ,0.  ,0.  ,0.  ,0.  ,0.  ,0.  ,0.  ,0.  ,0.  ,0.  ,0.  ,
 0.  ,0.  ,0.  ,0.  ,0.  ,0.  ,0.  ,0.  ,0.  ,0.  ,0.  ,0.  ,0.  ,0.  ,
 0.  ,0.  ,0.  ,0.  ,0.  ,0.  ,0.  ,0.  ,0.  ,0.  ,0.  ,0.  ,0.  ,0.  ,
 0.  ,0.  ,0.  ,0.  ,0.  ,0.  ,0.  ,0.  ,0.  ,0.  ,0.  ,0.  ,0.  ,0.  ,
 0.  ,0.  ,0.  ,0.  ,0.  ,0.  ,0.  ,0.  ,0.  ,0.  ,0.  ,0.  ,0.  ,0.  ,
 0.  ,0.  ,0.  ,0.  ,0.  ,0.  ,0.  ,0.  ,0.  ,0.  ,0.  ,0.  ,0.  ,0.  ,
 0.  ,0.  ,0.  ,0.  ,0.  ,0.  ,0.  ,0.  ,0.  ,0.  ,0.  ,0.  ,0.  ,0.  ,
 0.  ,0.  ,0.  ,0.  ,0.  ,0.  ,0.  ,0.  ,0.  ,0.  ,0.  ,0.  ,0.  ,0.  ,
 0.  ,0.  ,0.  ,0.  ,0.  ,0.  ,0.  ,0.  ,0.  ,0.  ,0.  ,0.  ,0.  ,0.  ,
 0.  ,0.2 ,0.62,0.99,0.62,0.2 ,0.  ,0.  ,0.  ,0.  ,0.  ,0.  ,0.  ,0.  ,
 0.  ,0.  ,0.  ,0.  ,0.  ,0.  ,0.  ,0.  ,0.  ,0.  ,0.  ,0.  ,0.  ,0.  ,
 0.19,0.93,0.99,0.99,0.99,0.93,0.  ,0.  ,0.  ,0.  ,0.  ,0.  ,0.  ,0.  ,
 0.  ,0.  ,0.  ,0.  ,0.  ,0.  ,0.  ,0.  ,0.  ,0.  ,0.  ,0.  ,0.  ,0.21,
 0.89,0.99,0.99,0.94,0.91,0.99,0.22,0.02,0.  ,0.  ,0.  ,0.  ,0.  ,0.  ,
 0.  ,0.  ,0.  ,0.  ,0.  ,0.  ,0.  ,0.  ,0.  ,0.  ,0.  ,0.04,0.24,0.88,
 0.99,0.99,0.99,0.79,0.33,0.99,0.99,0.48,0.  ,0.  ,0.  ,0.  ,0.  ,0.  ,
 0.  ,0.  ,0.  ,0.  ,0.  ,0.  ,0.  ,0.  ,0.  ,0.  ,0.  ,0.64,0.99,0.99,
 0.99,0.99,0.99,0.99,0.38,0.74,0.99,0.65,0.  ,0.  ,0.  ,0.  ,0.  ,0.  ,
 0.  ,0.  ,0.  ,0.  ,0.  ,0.  ,0.  ,0.  ,0.  ,0.  ,0.2 ,0.93,0.99,0.99,
 0.75,0.45,0.99,0.89,0.18,0.31,1.  ,0.66,0.  ,0.  ,0.  ,0.  ,0.  ,0.  ,
 0.  ,0.  ,0.  ,0.  ,0.  ,0.  ,0.  ,0.  ,0.  ,0.19,0.93,0.99,0.99,0.7 ,
 0.05,0.29,0.47,0.08,0.  ,0.  ,0.99,0.95,0.2 ,0.  ,0.  ,0.  ,0.  ,0.  ,
 0.  ,0.  ,0.  ,0.  ,0.  ,0.  ,0.  ,0.  ,0.15,0.65,0.99,0.91,0.82,0.33,
 0.  ,0.  ,0.  ,0.  ,0.  ,0.  ,0.99,0.99,0.65,0.  ,0.  ,0.  ,0.  ,0.  ,
 0.  ,0.  ,0.  ,0.  ,0.  ,0.  ,0.  ,0.03,0.7 ,0.99,0.94,0.28,0.07,0.11,
 0.  ,0.  ,0.  ,0.  ,0.  ,0.  ,0.99,0.99,0.76,0.  ,0.  ,0.  ,0.  ,0.  ,
 0.  ,0.  ,0.  ,0.  ,0.  ,0.  ,0.  ,0.22,0.99,0.99,0.25,0.  ,0.  ,0.  ,
 0.  ,0.  ,0.  ,0.  ,0.  ,0.  ,0.99,0.99,0.76,0.  ,0.  ,0.  ,0.  ,0.  ,
 0.  ,0.  ,0.  ,0.  ,0.  ,0.  ,0.  ,0.78,0.99,0.75,0.  ,0.  ,0.  ,0.  ,
 0.  ,0.  ,0.  ,0.  ,0.  ,0.  ,1.  ,0.99,0.77,0.  ,0.  ,0.  ,0.  ,0.  ,
 0.  ,0.  ,0.  ,0.  ,0.  ,0.  ,0.3 ,0.96,0.99,0.44,0.  ,0.  ,0.  ,0.  ,
 0.  ,0.  ,0.  ,0.  ,0.  ,0.  ,0.99,0.99,0.58,0.  ,0.  ,0.  ,0.  ,0.  ,
 0.  ,0.  ,0.  ,0.  ,0.  ,0.  ,0.33,0.99,0.9 ,0.1 ,0.  ,0.  ,0.  ,0.  ,
 0.  ,0.  ,0.  ,0.  ,0.03,0.53,0.99,0.73,0.05,0.  ,0.  ,0.  ,0.  ,0.  ,
 0.  ,0.  ,0.  ,0.  ,0.  ,0.  ,0.33,0.99,0.87,0.  ,0.  ,0.  ,0.  ,0.  ,
 0.  ,0.  ,0.  ,0.03,0.51,0.99,0.88,0.28,0.  ,0.  ,0.  ,0.  ,0.  ,0.  ,
 0.  ,0.  ,0.  ,0.  ,0.  ,0.  ,0.33,0.99,0.57,0.  ,0.  ,0.  ,0.  ,0.  ,
 0.  ,0.  ,0.19,0.65,0.99,0.68,0.  ,0.  ,0.  ,0.  ,0.  ,0.  ,0.  ,0.  ,
 0.  ,0.  ,0.  ,0.  ,0.  ,0.  ,0.34,0.99,0.88,0.  ,0.  ,0.  ,0.  ,0.  ,
 0.  ,0.45,0.93,0.99,0.64,0.  ,0.  ,0.  ,0.  ,0.  ,0.  ,0.  ,0.  ,0.  ,
 0.  ,0.  ,0.  ,0.  ,0.  ,0.  ,0.33,0.99,0.98,0.57,0.19,0.11,0.33,0.7 ,
 0.88,0.99,0.87,0.65,0.22,0.  ,0.  ,0.  ,0.  ,0.  ,0.  ,0.  ,0.  ,0.  ,
 0.  ,0.  ,0.  ,0.  ,0.  ,0.  ,0.33,0.99,0.99,0.99,0.9 ,0.84,0.99,0.99,
 0.99,0.77,0.51,0.  ,0.  ,0.  ,0.  ,0.  ,0.  ,0.  ,0.  ,0.  ,0.  ,0.  ,
 0.  ,0.  ,0.  ,0.  ,0.  ,0.  ,0.11,0.78,0.99,0.99,0.99,0.99,0.99,0.91,
 0.57,0.  ,0.  ,0.  ,0.  ,0.  ,0.  ,0.  ,0.  ,0.  ,0.  ,0.  ,0.  ,0.  ,
 0.  ,0.  ,0.  ,0.  ,0.  ,0.  ,0.  ,0.1 ,0.5 ,0.99,0.99,0.99,0.55,0.15,
 0.  ,0.  ,0.  ,0.  ,0.  ,0.  ,0.  ,0.  ,0.  ,0.  ,0.  ,0.  ,0.  ,0.  ,
 0.  ,0.  ,0.  ,0.  ,0.  ,0.  ,0.  ,0.  ,0.  ,0.  ,0.  ,0.  ,0.  ,0.  ,
 0.  ,0.  ,0.  ,0.  ,0.  ,0.  ,0.  ,0.  ,0.  ,0.  ,0.  ,0.  ,0.  ,0.  ,
 0.  ,0.  ,0.  ,0.  ,0.  ,0.  ,0.  ,0.  ,0.  ,0.  ,0.  ,0.  ,0.  ,0.  ,
 0.  ,0.  ,0.  ,0.  ,0.  ,0.  ,0.  ,0.  ,0.  ,0.  ,0.  ,0.  ,0.  ,0.  ,
 0.  ,0.  ,0.  ,0.  ,0.  ,0.  ,0.  ,0.  ,0.  ,0.  ,0.  ,0.  ,0.  ,0.  ,
 0.  ,0.  ,0.  ,0.  ,0.  ,0.  ,0.  ,0.  ,0.  ,0.  ,0.  ,0.  ,0.  ,0.  ,
 0.  ,0.  ,0.  ,0.  ,0.  ,0.  ,0.  ,0.  ,0.  ,0.  ,0.  ,0.  ,0.  ,0.  ,
 0.  ,0.  ,0.  ,0.  ,0.  ,0.  ,0.  ,0.  ,0.  ,0.  ,0.  ,0.  ,0.  ,0.  ]",0,"[[-1.3498e-02,-4.8979e-03, 3.8246e-04,...,-1.1013e-02, 1.8778e-05,
   6.3096e-03],
 [-3.5537e-03,-2.9871e-03,-1.3974e-02,...,-5.6679e-03,-8.3602e-04,
   3.3509e-03],
 [-9.8223e-03,-9.9293e-03, 7.9568e-03,...,-2.7545e-03,-1.1057e-03,
   2.5672e-03],
 ...,
 [-7.8604e-03, 8.0771e-03, 1.3596e-02,...,-1.0829e-03,-1.1537e-03,
   3.9063e-03],
 [-5.7794e-03, 6.6186e-03, 1.2320e-03,..., 2.1307e-03,-6.7002e-03,
   5.2298e-03],
 [-2.5870e-03, 1.2748e-02,-2.7763e-03,...,-8.5902e-03, 7.8897e-03,
  -3.5166e-03]]","[[-4.5431e-02, 6.5481e-02,-1.5985e-02,-4.4316e-02, 3.4002e-02, 1.5095e-02,
   3.9553e-03,-5.7872e-04,-1.2252e-02, 3.0563e-05]]","[ 4.0321,-1.852 ,-0.832 ,-0.0101,-1.8072, 1.0835, 0.3554,-0.4258,-0.0578,
 -0.3672]","[0.8701,0.0024,0.0067,0.0153,0.0025,0.0456,0.022 ,0.0101,0.0146,0.0107]","[[0.,0.,0.,...,0.,0.,0.],
 [0.,0.,0.,...,0.,0.,0.],
 [0.,0.,0.,...,0.,0.,0.],
 ...,
 [0.,0.,0.,...,0.,0.,0.],
 [0.,0.,0.,...,0.,0.,0.],
 [0.,0.,0.,...,0.,0.,0.]]","[-0.1299, 0.0024, 0.0067, 0.0153, 0.0025, 0.0456, 0.022 , 0.0101, 0.0146,
  0.0107]","[[ 0.007 ,-0.0123, 0.0022, 0.0089,-0.0068,-0.0039,-0.0009, 0.0008, 0.0035,
   0.0014]]"
34,"[0.  ,0.  ,0.  ,0.  ,0.  ,0.  ,0.  ,0.  ,0.  ,0.  ,0.  ,0.  ,0.  ,0.  ,
 0.  ,0.  ,0.  ,0.  ,0.  ,0.  ,0.  ,0.  ,0.  ,0.  ,0.  ,0.  ,0.  ,0.  ,
 0.  ,0.  ,0.  ,0.  ,0.  ,0.  ,0.  ,0.  ,0.  ,0.  ,0.  ,0.  ,0.  ,0.  ,
 0.  ,0.  ,0.  ,0.  ,0.  ,0.  ,0.  ,0.  ,0.  ,0.  ,0.  ,0.  ,0.  ,0.  ,
 0.  ,0.  ,0.  ,0.  ,0.  ,0.  ,0.  ,0.  ,0.  ,0.  ,0.  ,0.  ,0.  ,0.  ,
 0.  ,0.  ,0.  ,0.  ,0.  ,0.  ,0.  ,0.  ,0.  ,0.  ,0.  ,0.  ,0.  ,0.  ,
 0.  ,0.  ,0.  ,0.  ,0.  ,0.  ,0.  ,0.  ,0.  ,0.  ,0.  ,0.  ,0.  ,0.  ,
 0.  ,0.  ,0.  ,0.  ,0.  ,0.  ,0.  ,0.  ,0.  ,0.  ,0.  ,0.  ,0.  ,0.  ,
 0.  ,0.  ,0.  ,0.  ,0.  ,0.  ,0.  ,0.  ,0.  ,0.  ,0.  ,0.  ,0.  ,0.  ,
 0.  ,0.2 ,0.62,0.99,0.62,0.2 ,0.  ,0.  ,0.  ,0.  ,0.  ,0.  ,0.  ,0.  ,
 0.  ,0.  ,0.  ,0.  ,0.  ,0.  ,0.  ,0.  ,0.  ,0.  ,0.  ,0.  ,0.  ,0.  ,
 0.19,0.93,0.99,0.99,0.99,0.93,0.  ,0.  ,0.  ,0.  ,0.  ,0.  ,0.  ,0.  ,
 0.  ,0.  ,0.  ,0.  ,0.  ,0.  ,0.  ,0.  ,0.  ,0.  ,0.  ,0.  ,0.  ,0.21,
 0.89,0.99,0.99,0.94,0.91,0.99,0.22,0.02,0.  ,0.  ,0.  ,0.  ,0.  ,0.  ,
 0.  ,0.  ,0.  ,0.  ,0.  ,0.  ,0.  ,0.  ,0.  ,0.  ,0.  ,0.04,0.24,0.88,
 0.99,0.99,0.99,0.79,0.33,0.99,0.99,0.48,0.  ,0.  ,0.  ,0.  ,0.  ,0.  ,
 0.  ,0.  ,0.  ,0.  ,0.  ,0.  ,0.  ,0.  ,0.  ,0.  ,0.  ,0.64,0.99,0.99,
 0.99,0.99,0.99,0.99,0.38,0.74,0.99,0.65,0.  ,0.  ,0.  ,0.  ,0.  ,0.  ,
 0.  ,0.  ,0.  ,0.  ,0.  ,0.  ,0.  ,0.  ,0.  ,0.  ,0.2 ,0.93,0.99,0.99,
 0.75,0.45,0.99,0.89,0.18,0.31,1.  ,0.66,0.  ,0.  ,0.  ,0.  ,0.  ,0.  ,
 0.  ,0.  ,0.  ,0.  ,0.  ,0.  ,0.  ,0.  ,0.  ,0.19,0.93,0.99,0.99,0.7 ,
 0.05,0.29,0.47,0.08,0.  ,0.  ,0.99,0.95,0.2 ,0.  ,0.  ,0.  ,0.  ,0.  ,
 0.  ,0.  ,0.  ,0.  ,0.  ,0.  ,0.  ,0.  ,0.15,0.65,0.99,0.91,0.82,0.33,
 0.  ,0.  ,0.  ,0.  ,0.  ,0.  ,0.99,0.99,0.65,0.  ,0.  ,0.  ,0.  ,0.  ,
 0.  ,0.  ,0.  ,0.  ,0.  ,0.  ,0.  ,0.03,0.7 ,0.99,0.94,0.28,0.07,0.11,
 0.  ,0.  ,0.  ,0.  ,0.  ,0.  ,0.99,0.99,0.76,0.  ,0.  ,0.  ,0.  ,0.  ,
 0.  ,0.  ,0.  ,0.  ,0.  ,0.  ,0.  ,0.22,0.99,0.99,0.25,0.  ,0.  ,0.  ,
 0.  ,0.  ,0.  ,0.  ,0.  ,0.  ,0.99,0.99,0.76,0.  ,0.  ,0.  ,0.  ,0.  ,
 0.  ,0.  ,0.  ,0.  ,0.  ,0.  ,0.  ,0.78,0.99,0.75,0.  ,0.  ,0.  ,0.  ,
 0.  ,0.  ,0.  ,0.  ,0.  ,0.  ,1.  ,0.99,0.77,0.  ,0.  ,0.  ,0.  ,0.  ,
 0.  ,0.  ,0.  ,0.  ,0.  ,0.  ,0.3 ,0.96,0.99,0.44,0.  ,0.  ,0.  ,0.  ,
 0.  ,0.  ,0.  ,0.  ,0.  ,0.  ,0.99,0.99,0.58,0.  ,0.  ,0.  ,0.  ,0.  ,
 0.  ,0.  ,0.  ,0.  ,0.  ,0.  ,0.33,0.99,0.9 ,0.1 ,0.  ,0.  ,0.  ,0.  ,
 0.  ,0.  ,0.  ,0.  ,0.03,0.53,0.99,0.73,0.05,0.  ,0.  ,0.  ,0.  ,0.  ,
 0.  ,0.  ,0.  ,0.  ,0.  ,0.  ,0.33,0.99,0.87,0.  ,0.  ,0.  ,0.  ,0.  ,
 0.  ,0.  ,0.  ,0.03,0.51,0.99,0.88,0.28,0.  ,0.  ,0.  ,0.  ,0.  ,0.  ,
 0.  ,0.  ,0.  ,0.  ,0.  ,0.  ,0.33,0.99,0.57,0.  ,0.  ,0.  ,0.  ,0.  ,
 0.  ,0.  ,0.19,0.65,0.99,0.68,0.  ,0.  ,0.  ,0.  ,0.  ,0.  ,0.  ,0.  ,
 0.  ,0.  ,0.  ,0.  ,0.  ,0.  ,0.34,0.99,0.88,0.  ,0.  ,0.  ,0.  ,0.  ,
 0.  ,0.45,0.93,0.99,0.64,0.  ,0.  ,0.  ,0.  ,0.  ,0.  ,0.  ,0.  ,0.  ,
 0.  ,0.  ,0.  ,0.  ,0.  ,0.  ,0.33,0.99,0.98,0.57,0.19,0.11,0.33,0.7 ,
 0.88,0.99,0.87,0.65,0.22,0.  ,0.  ,0.  ,0.  ,0.  ,0.  ,0.  ,0.  ,0.  ,
 0.  ,0.  ,0.  ,0.  ,0.  ,0.  ,0.33,0.99,0.99,0.99,0.9 ,0.84,0.99,0.99,
 0.99,0.77,0.51,0.  ,0.  ,0.  ,0.  ,0.  ,0.  ,0.  ,0.  ,0.  ,0.  ,0.  ,
 0.  ,0.  ,0.  ,0.  ,0.  ,0.  ,0.11,0.78,0.99,0.99,0.99,0.99,0.99,0.91,
 0.57,0.  ,0.  ,0.  ,0.  ,0.  ,0.  ,0.  ,0.  ,0.  ,0.  ,0.  ,0.  ,0.  ,
 0.  ,0.  ,0.  ,0.  ,0.  ,0.  ,0.  ,0.1 ,0.5 ,0.99,0.99,0.99,0.55,0.15,
 0.  ,0.  ,0.  ,0.  ,0.  ,0.  ,0.  ,0.  ,0.  ,0.  ,0.  ,0.  ,0.  ,0.  ,
 0.  ,0.  ,0.  ,0.  ,0.  ,0.  ,0.  ,0.  ,0.  ,0.  ,0.  ,0.  ,0.  ,0.  ,
 0.  ,0.  ,0.  ,0.  ,0.  ,0.  ,0.  ,0.  ,0.  ,0.  ,0.  ,0.  ,0.  ,0.  ,
 0.  ,0.  ,0.  ,0.  ,0.  ,0.  ,0.  ,0.  ,0.  ,0.  ,0.  ,0.  ,0.  ,0.  ,
 0.  ,0.  ,0.  ,0.  ,0.  ,0.  ,0.  ,0.  ,0.  ,0.  ,0.  ,0.  ,0.  ,0.  ,
 0.  ,0.  ,0.  ,0.  ,0.  ,0.  ,0.  ,0.  ,0.  ,0.  ,0.  ,0.  ,0.  ,0.  ,
 0.  ,0.  ,0.  ,0.  ,0.  ,0.  ,0.  ,0.  ,0.  ,0.  ,0.  ,0.  ,0.  ,0.  ,
 0.  ,0.  ,0.  ,0.  ,0.  ,0.  ,0.  ,0.  ,0.  ,0.  ,0.  ,0.  ,0.  ,0.  ,
 0.  ,0.  ,0.  ,0.  ,0.  ,0.  ,0.  ,0.  ,0.  ,0.  ,0.  ,0.  ,0.  ,0.  ]",0,"[[-1.3498e-02,-4.8979e-03, 3.8246e-04,...,-1.1013e-02, 1.8778e-05,
   6.3096e-03],
 [-3.5537e-03,-2.9871e-03,-1.3974e-02,...,-5.6679e-03,-8.3602e-04,
   3.3509e-03],
 [-9.8223e-03,-9.9293e-03, 7.9568e-03,...,-2.7545e-03,-1.1057e-03,
   2.5672e-03],
 ...,
 [-7.8604e-03, 8.0771e-03, 1.3596e-02,...,-1.0829e-03,-1.1537e-03,
   3.9063e-03],
 [-5.7794e-03, 6.6186e-03, 1.2320e-03,..., 2.1307e-03,-6.7002e-03,
   5.2298e-03],
 [-2.5870e-03, 1.2748e-02,-2.7763e-03,...,-8.5902e-03, 7.8897e-03,
  -3.5166e-03]]","[[-0.0461, 0.0667,-0.0162,-0.0452, 0.0347, 0.0155, 0.004 ,-0.0007,-0.0126,
  -0.0001]]","[ 4.0814,-1.882 ,-0.8464,-0.0074,-1.8348, 1.1019, 0.3636,-0.4314,-0.0547,
 -0.3714]","[0.8749,0.0022,0.0063,0.0147,0.0024,0.0445,0.0212,0.0096,0.014 ,0.0102]","[[0.,0.,0.,...,0.,0.,0.],
 [0.,0.,0.,...,0.,0.,0.],
 [0.,0.,0.,...,0.,0.,0.],
 ...,
 [0.,0.,0.,...,0.,0.,0.],
 [0.,0.,0.,...,0.,0.,0.],
 [0.,0.,0.,...,0.,0.,0.]]","[-0.1251, 0.0022, 0.0063, 0.0147, 0.0024, 0.0445, 0.0212, 0.0096, 0.014 ,
  0.0102]","[[ 0.0068,-0.012 , 0.002 , 0.0087,-0.0067,-0.0038,-0.0009, 0.0008, 0.0035,
   0.0014]]"
35,"[0.  ,0.  ,0.  ,0.  ,0.  ,0.  ,0.  ,0.  ,0.  ,0.  ,0.  ,0.  ,0.  ,0.  ,
 0.  ,0.  ,0.  ,0.  ,0.  ,0.  ,0.  ,0.  ,0.  ,0.  ,0.  ,0.  ,0.  ,0.  ,
 0.  ,0.  ,0.  ,0.  ,0.  ,0.  ,0.  ,0.  ,0.  ,0.  ,0.  ,0.  ,0.  ,0.  ,
 0.  ,0.  ,0.  ,0.  ,0.  ,0.  ,0.  ,0.  ,0.  ,0.  ,0.  ,0.  ,0.  ,0.  ,
 0.  ,0.  ,0.  ,0.  ,0.  ,0.  ,0.  ,0.  ,0.  ,0.  ,0.  ,0.  ,0.  ,0.  ,
 0.  ,0.  ,0.  ,0.  ,0.  ,0.  ,0.  ,0.  ,0.  ,0.  ,0.  ,0.  ,0.  ,0.  ,
 0.  ,0.  ,0.  ,0.  ,0.  ,0.  ,0.  ,0.  ,0.  ,0.  ,0.  ,0.  ,0.  ,0.  ,
 0.  ,0.  ,0.  ,0.  ,0.  ,0.  ,0.  ,0.  ,0.  ,0.  ,0.  ,0.  ,0.  ,0.  ,
 0.  ,0.  ,0.  ,0.  ,0.  ,0.  ,0.  ,0.  ,0.  ,0.  ,0.  ,0.  ,0.  ,0.  ,
 0.  ,0.2 ,0.62,0.99,0.62,0.2 ,0.  ,0.  ,0.  ,0.  ,0.  ,0.  ,0.  ,0.  ,
 0.  ,0.  ,0.  ,0.  ,0.  ,0.  ,0.  ,0.  ,0.  ,0.  ,0.  ,0.  ,0.  ,0.  ,
 0.19,0.93,0.99,0.99,0.99,0.93,0.  ,0.  ,0.  ,0.  ,0.  ,0.  ,0.  ,0.  ,
 0.  ,0.  ,0.  ,0.  ,0.  ,0.  ,0.  ,0.  ,0.  ,0.  ,0.  ,0.  ,0.  ,0.21,
 0.89,0.99,0.99,0.94,0.91,0.99,0.22,0.02,0.  ,0.  ,0.  ,0.  ,0.  ,0.  ,
 0.  ,0.  ,0.  ,0.  ,0.  ,0.  ,0.  ,0.  ,0.  ,0.  ,0.  ,0.04,0.24,0.88,
 0.99,0.99,0.99,0.79,0.33,0.99,0.99,0.48,0.  ,0.  ,0.  ,0.  ,0.  ,0.  ,
 0.  ,0.  ,0.  ,0.  ,0.  ,0.  ,0.  ,0.  ,0.  ,0.  ,0.  ,0.64,0.99,0.99,
 0.99,0.99,0.99,0.99,0.38,0.74,0.99,0.65,0.  ,0.  ,0.  ,0.  ,0.  ,0.  ,
 0.  ,0.  ,0.  ,0.  ,0.  ,0.  ,0.  ,0.  ,0.  ,0.  ,0.2 ,0.93,0.99,0.99,
 0.75,0.45,0.99,0.89,0.18,0.31,1.  ,0.66,0.  ,0.  ,0.  ,0.  ,0.  ,0.  ,
 0.  ,0.  ,0.  ,0.  ,0.  ,0.  ,0.  ,0.  ,0.  ,0.19,0.93,0.99,0.99,0.7 ,
 0.05,0.29,0.47,0.08,0.  ,0.  ,0.99,0.95,0.2 ,0.  ,0.  ,0.  ,0.  ,0.  ,
 0.  ,0.  ,0.  ,0.  ,0.  ,0.  ,0.  ,0.  ,0.15,0.65,0.99,0.91,0.82,0.33,
 0.  ,0.  ,0.  ,0.  ,0.  ,0.  ,0.99,0.99,0.65,0.  ,0.  ,0.  ,0.  ,0.  ,
 0.  ,0.  ,0.  ,0.  ,0.  ,0.  ,0.  ,0.03,0.7 ,0.99,0.94,0.28,0.07,0.11,
 0.  ,0.  ,0.  ,0.  ,0.  ,0.  ,0.99,0.99,0.76,0.  ,0.  ,0.  ,0.  ,0.  ,
 0.  ,0.  ,0.  ,0.  ,0.  ,0.  ,0.  ,0.22,0.99,0.99,0.25,0.  ,0.  ,0.  ,
 0.  ,0.  ,0.  ,0.  ,0.  ,0.  ,0.99,0.99,0.76,0.  ,0.  ,0.  ,0.  ,0.  ,
 0.  ,0.  ,0.  ,0.  ,0.  ,0.  ,0.  ,0.78,0.99,0.75,0.  ,0.  ,0.  ,0.  ,
 0.  ,0.  ,0.  ,0.  ,0.  ,0.  ,1.  ,0.99,0.77,0.  ,0.  ,0.  ,0.  ,0.  ,
 0.  ,0.  ,0.  ,0.  ,0.  ,0.  ,0.3 ,0.96,0.99,0.44,0.  ,0.  ,0.  ,0.  ,
 0.  ,0.  ,0.  ,0.  ,0.  ,0.  ,0.99,0.99,0.58,0.  ,0.  ,0.  ,0.  ,0.  ,
 0.  ,0.  ,0.  ,0.  ,0.  ,0.  ,0.33,0.99,0.9 ,0.1 ,0.  ,0.  ,0.  ,0.  ,
 0.  ,0.  ,0.  ,0.  ,0.03,0.53,0.99,0.73,0.05,0.  ,0.  ,0.  ,0.  ,0.  ,
 0.  ,0.  ,0.  ,0.  ,0.  ,0.  ,0.33,0.99,0.87,0.  ,0.  ,0.  ,0.  ,0.  ,
 0.  ,0.  ,0.  ,0.03,0.51,0.99,0.88,0.28,0.  ,0.  ,0.  ,0.  ,0.  ,0.  ,
 0.  ,0.  ,0.  ,0.  ,0.  ,0.  ,0.33,0.99,0.57,0.  ,0.  ,0.  ,0.  ,0.  ,
 0.  ,0.  ,0.19,0.65,0.99,0.68,0.  ,0.  ,0.  ,0.  ,0.  ,0.  ,0.  ,0.  ,
 0.  ,0.  ,0.  ,0.  ,0.  ,0.  ,0.34,0.99,0.88,0.  ,0.  ,0.  ,0.  ,0.  ,
 0.  ,0.45,0.93,0.99,0.64,0.  ,0.  ,0.  ,0.  ,0.  ,0.  ,0.  ,0.  ,0.  ,
 0.  ,0.  ,0.  ,0.  ,0.  ,0.  ,0.33,0.99,0.98,0.57,0.19,0.11,0.33,0.7 ,
 0.88,0.99,0.87,0.65,0.22,0.  ,0.  ,0.  ,0.  ,0.  ,0.  ,0.  ,0.  ,0.  ,
 0.  ,0.  ,0.  ,0.  ,0.  ,0.  ,0.33,0.99,0.99,0.99,0.9 ,0.84,0.99,0.99,
 0.99,0.77,0.51,0.  ,0.  ,0.  ,0.  ,0.  ,0.  ,0.  ,0.  ,0.  ,0.  ,0.  ,
 0.  ,0.  ,0.  ,0.  ,0.  ,0.  ,0.11,0.78,0.99,0.99,0.99,0.99,0.99,0.91,
 0.57,0.  ,0.  ,0.  ,0.  ,0.  ,0.  ,0.  ,0.  ,0.  ,0.  ,0.  ,0.  ,0.  ,
 0.  ,0.  ,0.  ,0.  ,0.  ,0.  ,0.  ,0.1 ,0.5 ,0.99,0.99,0.99,0.55,0.15,
 0.  ,0.  ,0.  ,0.  ,0.  ,0.  ,0.  ,0.  ,0.  ,0.  ,0.  ,0.  ,0.  ,0.  ,
 0.  ,0.  ,0.  ,0.  ,0.  ,0.  ,0.  ,0.  ,0.  ,0.  ,0.  ,0.  ,0.  ,0.  ,
 0.  ,0.  ,0.  ,0.  ,0.  ,0.  ,0.  ,0.  ,0.  ,0.  ,0.  ,0.  ,0.  ,0.  ,
 0.  ,0.  ,0.  ,0.  ,0.  ,0.  ,0.  ,0.  ,0.  ,0.  ,0.  ,0.  ,0.  ,0.  ,
 0.  ,0.  ,0.  ,0.  ,0.  ,0.  ,0.  ,0.  ,0.  ,0.  ,0.  ,0.  ,0.  ,0.  ,
 0.  ,0.  ,0.  ,0.  ,0.  ,0.  ,0.  ,0.  ,0.  ,0.  ,0.  ,0.  ,0.  ,0.  ,
 0.  ,0.  ,0.  ,0.  ,0.  ,0.  ,0.  ,0.  ,0.  ,0.  ,0.  ,0.  ,0.  ,0.  ,
 0.  ,0.  ,0.  ,0.  ,0.  ,0.  ,0.  ,0.  ,0.  ,0.  ,0.  ,0.  ,0.  ,0.  ,
 0.  ,0.  ,0.  ,0.  ,0.  ,0.  ,0.  ,0.  ,0.  ,0.  ,0.  ,0.  ,0.  ,0.  ]",0,"[[-1.3498e-02,-4.8979e-03, 3.8246e-04,...,-1.1013e-02, 1.8778e-05,
   6.3096e-03],
 [-3.5537e-03,-2.9871e-03,-1.3974e-02,...,-5.6679e-03,-8.3602e-04,
   3.3509e-03],
 [-9.8223e-03,-9.9293e-03, 7.9568e-03,...,-2.7545e-03,-1.1057e-03,
   2.5672e-03],
 ...,
 [-7.8604e-03, 8.0771e-03, 1.3596e-02,...,-1.0829e-03,-1.1537e-03,
   3.9063e-03],
 [-5.7794e-03, 6.6186e-03, 1.2320e-03,..., 2.1307e-03,-6.7002e-03,
   5.2298e-03],
 [-2.5870e-03, 1.2748e-02,-2.7763e-03,...,-8.5902e-03, 7.8897e-03,
  -3.5166e-03]]","[[-0.0468, 0.0678,-0.0164,-0.046 , 0.0353, 0.0159, 0.0041,-0.0007,-0.013 ,
  -0.0003]]","[ 4.1294,-1.9114,-0.8605,-0.0046,-1.8618, 1.1198, 0.3719,-0.4367,-0.0517,
 -0.3756]","[0.8794,0.0021,0.006 ,0.0141,0.0022,0.0434,0.0205,0.0091,0.0134,0.0097]","[[0.,0.,0.,...,0.,0.,0.],
 [0.,0.,0.,...,0.,0.,0.],
 [0.,0.,0.,...,0.,0.,0.],
 ...,
 [0.,0.,0.,...,0.,0.,0.],
 [0.,0.,0.,...,0.,0.,0.],
 [0.,0.,0.,...,0.,0.,0.]]","[-0.1206, 0.0021, 0.006 , 0.0141, 0.0022, 0.0434, 0.0205, 0.0091, 0.0134,
  0.0097]","[[ 0.0066,-0.0116, 0.0019, 0.0085,-0.0066,-0.0037,-0.0008, 0.0008, 0.0035,
   0.0015]]"
36,"[0.  ,0.  ,0.  ,0.  ,0.  ,0.  ,0.  ,0.  ,0.  ,0.  ,0.  ,0.  ,0.  ,0.  ,
 0.  ,0.  ,0.  ,0.  ,0.  ,0.  ,0.  ,0.  ,0.  ,0.  ,0.  ,0.  ,0.  ,0.  ,
 0.  ,0.  ,0.  ,0.  ,0.  ,0.  ,0.  ,0.  ,0.  ,0.  ,0.  ,0.  ,0.  ,0.  ,
 0.  ,0.  ,0.  ,0.  ,0.  ,0.  ,0.  ,0.  ,0.  ,0.  ,0.  ,0.  ,0.  ,0.  ,
 0.  ,0.  ,0.  ,0.  ,0.  ,0.  ,0.  ,0.  ,0.  ,0.  ,0.  ,0.  ,0.  ,0.  ,
 0.  ,0.  ,0.  ,0.  ,0.  ,0.  ,0.  ,0.  ,0.  ,0.  ,0.  ,0.  ,0.  ,0.  ,
 0.  ,0.  ,0.  ,0.  ,0.  ,0.  ,0.  ,0.  ,0.  ,0.  ,0.  ,0.  ,0.  ,0.  ,
 0.  ,0.  ,0.  ,0.  ,0.  ,0.  ,0.  ,0.  ,0.  ,0.  ,0.  ,0.  ,0.  ,0.  ,
 0.  ,0.  ,0.  ,0.  ,0.  ,0.  ,0.  ,0.  ,0.  ,0.  ,0.  ,0.  ,0.  ,0.  ,
 0.  ,0.2 ,0.62,0.99,0.62,0.2 ,0.  ,0.  ,0.  ,0.  ,0.  ,0.  ,0.  ,0.  ,
 0.  ,0.  ,0.  ,0.  ,0.  ,0.  ,0.  ,0.  ,0.  ,0.  ,0.  ,0.  ,0.  ,0.  ,
 0.19,0.93,0.99,0.99,0.99,0.93,0.  ,0.  ,0.  ,0.  ,0.  ,0.  ,0.  ,0.  ,
 0.  ,0.  ,0.  ,0.  ,0.  ,0.  ,0.  ,0.  ,0.  ,0.  ,0.  ,0.  ,0.  ,0.21,
 0.89,0.99,0.99,0.94,0.91,0.99,0.22,0.02,0.  ,0.  ,0.  ,0.  ,0.  ,0.  ,
 0.  ,0.  ,0.  ,0.  ,0.  ,0.  ,0.  ,0.  ,0.  ,0.  ,0.  ,0.04,0.24,0.88,
 0.99,0.99,0.99,0.79,0.33,0.99,0.99,0.48,0.  ,0.  ,0.  ,0.  ,0.  ,0.  ,
 0.  ,0.  ,0.  ,0.  ,0.  ,0.  ,0.  ,0.  ,0.  ,0.  ,0.  ,0.64,0.99,0.99,
 0.99,0.99,0.99,0.99,0.38,0.74,0.99,0.65,0.  ,0.  ,0.  ,0.  ,0.  ,0.  ,
 0.  ,0.  ,0.  ,0.  ,0.  ,0.  ,0.  ,0.  ,0.  ,0.  ,0.2 ,0.93,0.99,0.99,
 0.75,0.45,0.99,0.89,0.18,0.31,1.  ,0.66,0.  ,0.  ,0.  ,0.  ,0.  ,0.  ,
 0.  ,0.  ,0.  ,0.  ,0.  ,0.  ,0.  ,0.  ,0.  ,0.19,0.93,0.99,0.99,0.7 ,
 0.05,0.29,0.47,0.08,0.  ,0.  ,0.99,0.95,0.2 ,0.  ,0.  ,0.  ,0.  ,0.  ,
 0.  ,0.  ,0.  ,0.  ,0.  ,0.  ,0.  ,0.  ,0.15,0.65,0.99,0.91,0.82,0.33,
 0.  ,0.  ,0.  ,0.  ,0.  ,0.  ,0.99,0.99,0.65,0.  ,0.  ,0.  ,0.  ,0.  ,
 0.  ,0.  ,0.  ,0.  ,0.  ,0.  ,0.  ,0.03,0.7 ,0.99,0.94,0.28,0.07,0.11,
 0.  ,0.  ,0.  ,0.  ,0.  ,0.  ,0.99,0.99,0.76,0.  ,0.  ,0.  ,0.  ,0.  ,
 0.  ,0.  ,0.  ,0.  ,0.  ,0.  ,0.  ,0.22,0.99,0.99,0.25,0.  ,0.  ,0.  ,
 0.  ,0.  ,0.  ,0.  ,0.  ,0.  ,0.99,0.99,0.76,0.  ,0.  ,0.  ,0.  ,0.  ,
 0.  ,0.  ,0.  ,0.  ,0.  ,0.  ,0.  ,0.78,0.99,0.75,0.  ,0.  ,0.  ,0.  ,
 0.  ,0.  ,0.  ,0.  ,0.  ,0.  ,1.  ,0.99,0.77,0.  ,0.  ,0.  ,0.  ,0.  ,
 0.  ,0.  ,0.  ,0.  ,0.  ,0.  ,0.3 ,0.96,0.99,0.44,0.  ,0.  ,0.  ,0.  ,
 0.  ,0.  ,0.  ,0.  ,0.  ,0.  ,0.99,0.99,0.58,0.  ,0.  ,0.  ,0.  ,0.  ,
 0.  ,0.  ,0.  ,0.  ,0.  ,0.  ,0.33,0.99,0.9 ,0.1 ,0.  ,0.  ,0.  ,0.  ,
 0.  ,0.  ,0.  ,0.  ,0.03,0.53,0.99,0.73,0.05,0.  ,0.  ,0.  ,0.  ,0.  ,
 0.  ,0.  ,0.  ,0.  ,0.  ,0.  ,0.33,0.99,0.87,0.  ,0.  ,0.  ,0.  ,0.  ,
 0.  ,0.  ,0.  ,0.03,0.51,0.99,0.88,0.28,0.  ,0.  ,0.  ,0.  ,0.  ,0.  ,
 0.  ,0.  ,0.  ,0.  ,0.  ,0.  ,0.33,0.99,0.57,0.  ,0.  ,0.  ,0.  ,0.  ,
 0.  ,0.  ,0.19,0.65,0.99,0.68,0.  ,0.  ,0.  ,0.  ,0.  ,0.  ,0.  ,0.  ,
 0.  ,0.  ,0.  ,0.  ,0.  ,0.  ,0.34,0.99,0.88,0.  ,0.  ,0.  ,0.  ,0.  ,
 0.  ,0.45,0.93,0.99,0.64,0.  ,0.  ,0.  ,0.  ,0.  ,0.  ,0.  ,0.  ,0.  ,
 0.  ,0.  ,0.  ,0.  ,0.  ,0.  ,0.33,0.99,0.98,0.57,0.19,0.11,0.33,0.7 ,
 0.88,0.99,0.87,0.65,0.22,0.  ,0.  ,0.  ,0.  ,0.  ,0.  ,0.  ,0.  ,0.  ,
 0.  ,0.  ,0.  ,0.  ,0.  ,0.  ,0.33,0.99,0.99,0.99,0.9 ,0.84,0.99,0.99,
 0.99,0.77,0.51,0.  ,0.  ,0.  ,0.  ,0.  ,0.  ,0.  ,0.  ,0.  ,0.  ,0.  ,
 0.  ,0.  ,0.  ,0.  ,0.  ,0.  ,0.11,0.78,0.99,0.99,0.99,0.99,0.99,0.91,
 0.57,0.  ,0.  ,0.  ,0.  ,0.  ,0.  ,0.  ,0.  ,0.  ,0.  ,0.  ,0.  ,0.  ,
 0.  ,0.  ,0.  ,0.  ,0.  ,0.  ,0.  ,0.1 ,0.5 ,0.99,0.99,0.99,0.55,0.15,
 0.  ,0.  ,0.  ,0.  ,0.  ,0.  ,0.  ,0.  ,0.  ,0.  ,0.  ,0.  ,0.  ,0.  ,
 0.  ,0.  ,0.  ,0.  ,0.  ,0.  ,0.  ,0.  ,0.  ,0.  ,0.  ,0.  ,0.  ,0.  ,
 0.  ,0.  ,0.  ,0.  ,0.  ,0.  ,0.  ,0.  ,0.  ,0.  ,0.  ,0.  ,0.  ,0.  ,
 0.  ,0.  ,0.  ,0.  ,0.  ,0.  ,0.  ,0.  ,0.  ,0.  ,0.  ,0.  ,0.  ,0.  ,
 0.  ,0.  ,0.  ,0.  ,0.  ,0.  ,0.  ,0.  ,0.  ,0.  ,0.  ,0.  ,0.  ,0.  ,
 0.  ,0.  ,0.  ,0.  ,0.  ,0.  ,0.  ,0.  ,0.  ,0.  ,0.  ,0.  ,0.  ,0.  ,
 0.  ,0.  ,0.  ,0.  ,0.  ,0.  ,0.  ,0.  ,0.  ,0.  ,0.  ,0.  ,0.  ,0.  ,
 0.  ,0.  ,0.  ,0.  ,0.  ,0.  ,0.  ,0.  ,0.  ,0.  ,0.  ,0.  ,0.  ,0.  ,
 0.  ,0.  ,0.  ,0.  ,0.  ,0.  ,0.  ,0.  ,0.  ,0.  ,0.  ,0.  ,0.  ,0.  ]",0,"[[-1.3498e-02,-4.8979e-03, 3.8246e-04,...,-1.1013e-02, 1.8778e-05,
   6.3096e-03],
 [-3.5537e-03,-2.9871e-03,-1.3974e-02,...,-5.6679e-03,-8.3602e-04,
   3.3509e-03],
 [-9.8223e-03,-9.9293e-03, 7.9568e-03,...,-2.7545e-03,-1.1057e-03,
   2.5672e-03],
 ...,
 [-7.8604e-03, 8.0771e-03, 1.3596e-02,...,-1.0829e-03,-1.1537e-03,
   3.9063e-03],
 [-5.7794e-03, 6.6186e-03, 1.2320e-03,..., 2.1307e-03,-6.7002e-03,
   5.2298e-03],
 [-2.5870e-03, 1.2748e-02,-2.7763e-03,...,-8.5902e-03, 7.8897e-03,
  -3.5166e-03]]","[[-0.0474, 0.069 ,-0.0166,-0.0469, 0.036 , 0.0162, 0.0042,-0.0008,-0.0133,
  -0.0004]]","[ 4.1761e+00,-1.9401e+00,-8.7415e-01,-1.7086e-03,-1.8881e+00, 1.1372e+00,
  3.8006e-01,-4.4183e-01,-4.8873e-02,-3.7972e-01]","[0.8837,0.002 ,0.0057,0.0135,0.0021,0.0423,0.0198,0.0087,0.0129,0.0093]","[[0.,0.,0.,...,0.,0.,0.],
 [0.,0.,0.,...,0.,0.,0.],
 [0.,0.,0.,...,0.,0.,0.],
 ...,
 [0.,0.,0.,...,0.,0.,0.],
 [0.,0.,0.,...,0.,0.,0.],
 [0.,0.,0.,...,0.,0.,0.]]","[-0.1163, 0.002 , 0.0057, 0.0135, 0.0021, 0.0423, 0.0198, 0.0087, 0.0129,
  0.0093]","[[ 0.0064,-0.0113, 0.0018, 0.0083,-0.0065,-0.0037,-0.0008, 0.0008, 0.0034,
   0.0015]]"
37,"[0.  ,0.  ,0.  ,0.  ,0.  ,0.  ,0.  ,0.  ,0.  ,0.  ,0.  ,0.  ,0.  ,0.  ,
 0.  ,0.  ,0.  ,0.  ,0.  ,0.  ,0.  ,0.  ,0.  ,0.  ,0.  ,0.  ,0.  ,0.  ,
 0.  ,0.  ,0.  ,0.  ,0.  ,0.  ,0.  ,0.  ,0.  ,0.  ,0.  ,0.  ,0.  ,0.  ,
 0.  ,0.  ,0.  ,0.  ,0.  ,0.  ,0.  ,0.  ,0.  ,0.  ,0.  ,0.  ,0.  ,0.  ,
 0.  ,0.  ,0.  ,0.  ,0.  ,0.  ,0.  ,0.  ,0.  ,0.  ,0.  ,0.  ,0.  ,0.  ,
 0.  ,0.  ,0.  ,0.  ,0.  ,0.  ,0.  ,0.  ,0.  ,0.  ,0.  ,0.  ,0.  ,0.  ,
 0.  ,0.  ,0.  ,0.  ,0.  ,0.  ,0.  ,0.  ,0.  ,0.  ,0.  ,0.  ,0.  ,0.  ,
 0.  ,0.  ,0.  ,0.  ,0.  ,0.  ,0.  ,0.  ,0.  ,0.  ,0.  ,0.  ,0.  ,0.  ,
 0.  ,0.  ,0.  ,0.  ,0.  ,0.  ,0.  ,0.  ,0.  ,0.  ,0.  ,0.  ,0.  ,0.  ,
 0.  ,0.2 ,0.62,0.99,0.62,0.2 ,0.  ,0.  ,0.  ,0.  ,0.  ,0.  ,0.  ,0.  ,
 0.  ,0.  ,0.  ,0.  ,0.  ,0.  ,0.  ,0.  ,0.  ,0.  ,0.  ,0.  ,0.  ,0.  ,
 0.19,0.93,0.99,0.99,0.99,0.93,0.  ,0.  ,0.  ,0.  ,0.  ,0.  ,0.  ,0.  ,
 0.  ,0.  ,0.  ,0.  ,0.  ,0.  ,0.  ,0.  ,0.  ,0.  ,0.  ,0.  ,0.  ,0.21,
 0.89,0.99,0.99,0.94,0.91,0.99,0.22,0.02,0.  ,0.  ,0.  ,0.  ,0.  ,0.  ,
 0.  ,0.  ,0.  ,0.  ,0.  ,0.  ,0.  ,0.  ,0.  ,0.  ,0.  ,0.04,0.24,0.88,
 0.99,0.99,0.99,0.79,0.33,0.99,0.99,0.48,0.  ,0.  ,0.  ,0.  ,0.  ,0.  ,
 0.  ,0.  ,0.  ,0.  ,0.  ,0.  ,0.  ,0.  ,0.  ,0.  ,0.  ,0.64,0.99,0.99,
 0.99,0.99,0.99,0.99,0.38,0.74,0.99,0.65,0.  ,0.  ,0.  ,0.  ,0.  ,0.  ,
 0.  ,0.  ,0.  ,0.  ,0.  ,0.  ,0.  ,0.  ,0.  ,0.  ,0.2 ,0.93,0.99,0.99,
 0.75,0.45,0.99,0.89,0.18,0.31,1.  ,0.66,0.  ,0.  ,0.  ,0.  ,0.  ,0.  ,
 0.  ,0.  ,0.  ,0.  ,0.  ,0.  ,0.  ,0.  ,0.  ,0.19,0.93,0.99,0.99,0.7 ,
 0.05,0.29,0.47,0.08,0.  ,0.  ,0.99,0.95,0.2 ,0.  ,0.  ,0.  ,0.  ,0.  ,
 0.  ,0.  ,0.  ,0.  ,0.  ,0.  ,0.  ,0.  ,0.15,0.65,0.99,0.91,0.82,0.33,
 0.  ,0.  ,0.  ,0.  ,0.  ,0.  ,0.99,0.99,0.65,0.  ,0.  ,0.  ,0.  ,0.  ,
 0.  ,0.  ,0.  ,0.  ,0.  ,0.  ,0.  ,0.03,0.7 ,0.99,0.94,0.28,0.07,0.11,
 0.  ,0.  ,0.  ,0.  ,0.  ,0.  ,0.99,0.99,0.76,0.  ,0.  ,0.  ,0.  ,0.  ,
 0.  ,0.  ,0.  ,0.  ,0.  ,0.  ,0.  ,0.22,0.99,0.99,0.25,0.  ,0.  ,0.  ,
 0.  ,0.  ,0.  ,0.  ,0.  ,0.  ,0.99,0.99,0.76,0.  ,0.  ,0.  ,0.  ,0.  ,
 0.  ,0.  ,0.  ,0.  ,0.  ,0.  ,0.  ,0.78,0.99,0.75,0.  ,0.  ,0.  ,0.  ,
 0.  ,0.  ,0.  ,0.  ,0.  ,0.  ,1.  ,0.99,0.77,0.  ,0.  ,0.  ,0.  ,0.  ,
 0.  ,0.  ,0.  ,0.  ,0.  ,0.  ,0.3 ,0.96,0.99,0.44,0.  ,0.  ,0.  ,0.  ,
 0.  ,0.  ,0.  ,0.  ,0.  ,0.  ,0.99,0.99,0.58,0.  ,0.  ,0.  ,0.  ,0.  ,
 0.  ,0.  ,0.  ,0.  ,0.  ,0.  ,0.33,0.99,0.9 ,0.1 ,0.  ,0.  ,0.  ,0.  ,
 0.  ,0.  ,0.  ,0.  ,0.03,0.53,0.99,0.73,0.05,0.  ,0.  ,0.  ,0.  ,0.  ,
 0.  ,0.  ,0.  ,0.  ,0.  ,0.  ,0.33,0.99,0.87,0.  ,0.  ,0.  ,0.  ,0.  ,
 0.  ,0.  ,0.  ,0.03,0.51,0.99,0.88,0.28,0.  ,0.  ,0.  ,0.  ,0.  ,0.  ,
 0.  ,0.  ,0.  ,0.  ,0.  ,0.  ,0.33,0.99,0.57,0.  ,0.  ,0.  ,0.  ,0.  ,
 0.  ,0.  ,0.19,0.65,0.99,0.68,0.  ,0.  ,0.  ,0.  ,0.  ,0.  ,0.  ,0.  ,
 0.  ,0.  ,0.  ,0.  ,0.  ,0.  ,0.34,0.99,0.88,0.  ,0.  ,0.  ,0.  ,0.  ,
 0.  ,0.45,0.93,0.99,0.64,0.  ,0.  ,0.  ,0.  ,0.  ,0.  ,0.  ,0.  ,0.  ,
 0.  ,0.  ,0.  ,0.  ,0.  ,0.  ,0.33,0.99,0.98,0.57,0.19,0.11,0.33,0.7 ,
 0.88,0.99,0.87,0.65,0.22,0.  ,0.  ,0.  ,0.  ,0.  ,0.  ,0.  ,0.  ,0.  ,
 0.  ,0.  ,0.  ,0.  ,0.  ,0.  ,0.33,0.99,0.99,0.99,0.9 ,0.84,0.99,0.99,
 0.99,0.77,0.51,0.  ,0.  ,0.  ,0.  ,0.  ,0.  ,0.  ,0.  ,0.  ,0.  ,0.  ,
 0.  ,0.  ,0.  ,0.  ,0.  ,0.  ,0.11,0.78,0.99,0.99,0.99,0.99,0.99,0.91,
 0.57,0.  ,0.  ,0.  ,0.  ,0.  ,0.  ,0.  ,0.  ,0.  ,0.  ,0.  ,0.  ,0.  ,
 0.  ,0.  ,0.  ,0.  ,0.  ,0.  ,0.  ,0.1 ,0.5 ,0.99,0.99,0.99,0.55,0.15,
 0.  ,0.  ,0.  ,0.  ,0.  ,0.  ,0.  ,0.  ,0.  ,0.  ,0.  ,0.  ,0.  ,0.  ,
 0.  ,0.  ,0.  ,0.  ,0.  ,0.  ,0.  ,0.  ,0.  ,0.  ,0.  ,0.  ,0.  ,0.  ,
 0.  ,0.  ,0.  ,0.  ,0.  ,0.  ,0.  ,0.  ,0.  ,0.  ,0.  ,0.  ,0.  ,0.  ,
 0.  ,0.  ,0.  ,0.  ,0.  ,0.  ,0.  ,0.  ,0.  ,0.  ,0.  ,0.  ,0.  ,0.  ,
 0.  ,0.  ,0.  ,0.  ,0.  ,0.  ,0.  ,0.  ,0.  ,0.  ,0.  ,0.  ,0.  ,0.  ,
 0.  ,0.  ,0.  ,0.  ,0.  ,0.  ,0.  ,0.  ,0.  ,0.  ,0.  ,0.  ,0.  ,0.  ,
 0.  ,0.  ,0.  ,0.  ,0.  ,0.  ,0.  ,0.  ,0.  ,0.  ,0.  ,0.  ,0.  ,0.  ,
 0.  ,0.  ,0.  ,0.  ,0.  ,0.  ,0.  ,0.  ,0.  ,0.  ,0.  ,0.  ,0.  ,0.  ,
 0.  ,0.  ,0.  ,0.  ,0.  ,0.  ,0.  ,0.  ,0.  ,0.  ,0.  ,0.  ,0.  ,0.  ]",0,"[[-1.3498e-02,-4.8979e-03, 3.8246e-04,...,-1.1013e-02, 1.8778e-05,
   6.3096e-03],
 [-3.5537e-03,-2.9871e-03,-1.3974e-02,...,-5.6679e-03,-8.3602e-04,
   3.3509e-03],
 [-9.8223e-03,-9.9293e-03, 7.9568e-03,...,-2.7545e-03,-1.1057e-03,
   2.5672e-03],
 ...,
 [-7.8604e-03, 8.0771e-03, 1.3596e-02,...,-1.0829e-03,-1.1537e-03,
   3.9063e-03],
 [-5.7794e-03, 6.6186e-03, 1.2320e-03,..., 2.1307e-03,-6.7002e-03,
   5.2298e-03],
 [-2.5870e-03, 1.2748e-02,-2.7763e-03,...,-8.5902e-03, 7.8897e-03,
  -3.5166e-03]]","[[-0.048 , 0.0701,-0.0167,-0.0477, 0.0366, 0.0166, 0.0043,-0.0009,-0.0136,
  -0.0006]]","[ 4.2215e+00,-1.9681e+00,-8.8748e-01, 1.3176e-03,-1.9138e+00, 1.1540e+00,
  3.8820e-01,-4.4681e-01,-4.6151e-02,-3.8379e-01]","[0.8877,0.0018,0.0054,0.013 ,0.0019,0.0413,0.0192,0.0083,0.0124,0.0089]","[[0.,0.,0.,...,0.,0.,0.],
 [0.,0.,0.,...,0.,0.,0.],
 [0.,0.,0.,...,0.,0.,0.],
 ...,
 [0.,0.,0.,...,0.,0.,0.],
 [0.,0.,0.,...,0.,0.,0.],
 [0.,0.,0.,...,0.,0.,0.]]","[-0.1123, 0.0018, 0.0054, 0.013 , 0.0019, 0.0413, 0.0192, 0.0083, 0.0124,
  0.0089]","[[ 0.0063,-0.011 , 0.0017, 0.0081,-0.0064,-0.0036,-0.0008, 0.0008, 0.0034,
   0.0015]]"
38,"[0.  ,0.  ,0.  ,0.  ,0.  ,0.  ,0.  ,0.  ,0.  ,0.  ,0.  ,0.  ,0.  ,0.  ,
 0.  ,0.  ,0.  ,0.  ,0.  ,0.  ,0.  ,0.  ,0.  ,0.  ,0.  ,0.  ,0.  ,0.  ,
 0.  ,0.  ,0.  ,0.  ,0.  ,0.  ,0.  ,0.  ,0.  ,0.  ,0.  ,0.  ,0.  ,0.  ,
 0.  ,0.  ,0.  ,0.  ,0.  ,0.  ,0.  ,0.  ,0.  ,0.  ,0.  ,0.  ,0.  ,0.  ,
 0.  ,0.  ,0.  ,0.  ,0.  ,0.  ,0.  ,0.  ,0.  ,0.  ,0.  ,0.  ,0.  ,0.  ,
 0.  ,0.  ,0.  ,0.  ,0.  ,0.  ,0.  ,0.  ,0.  ,0.  ,0.  ,0.  ,0.  ,0.  ,
 0.  ,0.  ,0.  ,0.  ,0.  ,0.  ,0.  ,0.  ,0.  ,0.  ,0.  ,0.  ,0.  ,0.  ,
 0.  ,0.  ,0.  ,0.  ,0.  ,0.  ,0.  ,0.  ,0.  ,0.  ,0.  ,0.  ,0.  ,0.  ,
 0.  ,0.  ,0.  ,0.  ,0.  ,0.  ,0.  ,0.  ,0.  ,0.  ,0.  ,0.  ,0.  ,0.  ,
 0.  ,0.2 ,0.62,0.99,0.62,0.2 ,0.  ,0.  ,0.  ,0.  ,0.  ,0.  ,0.  ,0.  ,
 0.  ,0.  ,0.  ,0.  ,0.  ,0.  ,0.  ,0.  ,0.  ,0.  ,0.  ,0.  ,0.  ,0.  ,
 0.19,0.93,0.99,0.99,0.99,0.93,0.  ,0.  ,0.  ,0.  ,0.  ,0.  ,0.  ,0.  ,
 0.  ,0.  ,0.  ,0.  ,0.  ,0.  ,0.  ,0.  ,0.  ,0.  ,0.  ,0.  ,0.  ,0.21,
 0.89,0.99,0.99,0.94,0.91,0.99,0.22,0.02,0.  ,0.  ,0.  ,0.  ,0.  ,0.  ,
 0.  ,0.  ,0.  ,0.  ,0.  ,0.  ,0.  ,0.  ,0.  ,0.  ,0.  ,0.04,0.24,0.88,
 0.99,0.99,0.99,0.79,0.33,0.99,0.99,0.48,0.  ,0.  ,0.  ,0.  ,0.  ,0.  ,
 0.  ,0.  ,0.  ,0.  ,0.  ,0.  ,0.  ,0.  ,0.  ,0.  ,0.  ,0.64,0.99,0.99,
 0.99,0.99,0.99,0.99,0.38,0.74,0.99,0.65,0.  ,0.  ,0.  ,0.  ,0.  ,0.  ,
 0.  ,0.  ,0.  ,0.  ,0.  ,0.  ,0.  ,0.  ,0.  ,0.  ,0.2 ,0.93,0.99,0.99,
 0.75,0.45,0.99,0.89,0.18,0.31,1.  ,0.66,0.  ,0.  ,0.  ,0.  ,0.  ,0.  ,
 0.  ,0.  ,0.  ,0.  ,0.  ,0.  ,0.  ,0.  ,0.  ,0.19,0.93,0.99,0.99,0.7 ,
 0.05,0.29,0.47,0.08,0.  ,0.  ,0.99,0.95,0.2 ,0.  ,0.  ,0.  ,0.  ,0.  ,
 0.  ,0.  ,0.  ,0.  ,0.  ,0.  ,0.  ,0.  ,0.15,0.65,0.99,0.91,0.82,0.33,
 0.  ,0.  ,0.  ,0.  ,0.  ,0.  ,0.99,0.99,0.65,0.  ,0.  ,0.  ,0.  ,0.  ,
 0.  ,0.  ,0.  ,0.  ,0.  ,0.  ,0.  ,0.03,0.7 ,0.99,0.94,0.28,0.07,0.11,
 0.  ,0.  ,0.  ,0.  ,0.  ,0.  ,0.99,0.99,0.76,0.  ,0.  ,0.  ,0.  ,0.  ,
 0.  ,0.  ,0.  ,0.  ,0.  ,0.  ,0.  ,0.22,0.99,0.99,0.25,0.  ,0.  ,0.  ,
 0.  ,0.  ,0.  ,0.  ,0.  ,0.  ,0.99,0.99,0.76,0.  ,0.  ,0.  ,0.  ,0.  ,
 0.  ,0.  ,0.  ,0.  ,0.  ,0.  ,0.  ,0.78,0.99,0.75,0.  ,0.  ,0.  ,0.  ,
 0.  ,0.  ,0.  ,0.  ,0.  ,0.  ,1.  ,0.99,0.77,0.  ,0.  ,0.  ,0.  ,0.  ,
 0.  ,0.  ,0.  ,0.  ,0.  ,0.  ,0.3 ,0.96,0.99,0.44,0.  ,0.  ,0.  ,0.  ,
 0.  ,0.  ,0.  ,0.  ,0.  ,0.  ,0.99,0.99,0.58,0.  ,0.  ,0.  ,0.  ,0.  ,
 0.  ,0.  ,0.  ,0.  ,0.  ,0.  ,0.33,0.99,0.9 ,0.1 ,0.  ,0.  ,0.  ,0.  ,
 0.  ,0.  ,0.  ,0.  ,0.03,0.53,0.99,0.73,0.05,0.  ,0.  ,0.  ,0.  ,0.  ,
 0.  ,0.  ,0.  ,0.  ,0.  ,0.  ,0.33,0.99,0.87,0.  ,0.  ,0.  ,0.  ,0.  ,
 0.  ,0.  ,0.  ,0.03,0.51,0.99,0.88,0.28,0.  ,0.  ,0.  ,0.  ,0.  ,0.  ,
 0.  ,0.  ,0.  ,0.  ,0.  ,0.  ,0.33,0.99,0.57,0.  ,0.  ,0.  ,0.  ,0.  ,
 0.  ,0.  ,0.19,0.65,0.99,0.68,0.  ,0.  ,0.  ,0.  ,0.  ,0.  ,0.  ,0.  ,
 0.  ,0.  ,0.  ,0.  ,0.  ,0.  ,0.34,0.99,0.88,0.  ,0.  ,0.  ,0.  ,0.  ,
 0.  ,0.45,0.93,0.99,0.64,0.  ,0.  ,0.  ,0.  ,0.  ,0.  ,0.  ,0.  ,0.  ,
 0.  ,0.  ,0.  ,0.  ,0.  ,0.  ,0.33,0.99,0.98,0.57,0.19,0.11,0.33,0.7 ,
 0.88,0.99,0.87,0.65,0.22,0.  ,0.  ,0.  ,0.  ,0.  ,0.  ,0.  ,0.  ,0.  ,
 0.  ,0.  ,0.  ,0.  ,0.  ,0.  ,0.33,0.99,0.99,0.99,0.9 ,0.84,0.99,0.99,
 0.99,0.77,0.51,0.  ,0.  ,0.  ,0.  ,0.  ,0.  ,0.  ,0.  ,0.  ,0.  ,0.  ,
 0.  ,0.  ,0.  ,0.  ,0.  ,0.  ,0.11,0.78,0.99,0.99,0.99,0.99,0.99,0.91,
 0.57,0.  ,0.  ,0.  ,0.  ,0.  ,0.  ,0.  ,0.  ,0.  ,0.  ,0.  ,0.  ,0.  ,
 0.  ,0.  ,0.  ,0.  ,0.  ,0.  ,0.  ,0.1 ,0.5 ,0.99,0.99,0.99,0.55,0.15,
 0.  ,0.  ,0.  ,0.  ,0.  ,0.  ,0.  ,0.  ,0.  ,0.  ,0.  ,0.  ,0.  ,0.  ,
 0.  ,0.  ,0.  ,0.  ,0.  ,0.  ,0.  ,0.  ,0.  ,0.  ,0.  ,0.  ,0.  ,0.  ,
 0.  ,0.  ,0.  ,0.  ,0.  ,0.  ,0.  ,0.  ,0.  ,0.  ,0.  ,0.  ,0.  ,0.  ,
 0.  ,0.  ,0.  ,0.  ,0.  ,0.  ,0.  ,0.  ,0.  ,0.  ,0.  ,0.  ,0.  ,0.  ,
 0.  ,0.  ,0.  ,0.  ,0.  ,0.  ,0.  ,0.  ,0.  ,0.  ,0.  ,0.  ,0.  ,0.  ,
 0.  ,0.  ,0.  ,0.  ,0.  ,0.  ,0.  ,0.  ,0.  ,0.  ,0.  ,0.  ,0.  ,0.  ,
 0.  ,0.  ,0.  ,0.  ,0.  ,0.  ,0.  ,0.  ,0.  ,0.  ,0.  ,0.  ,0.  ,0.  ,
 0.  ,0.  ,0.  ,0.  ,0.  ,0.  ,0.  ,0.  ,0.  ,0.  ,0.  ,0.  ,0.  ,0.  ,
 0.  ,0.  ,0.  ,0.  ,0.  ,0.  ,0.  ,0.  ,0.  ,0.  ,0.  ,0.  ,0.  ,0.  ]",0,"[[-1.3498e-02,-4.8979e-03, 3.8246e-04,...,-1.1013e-02, 1.8778e-05,
   6.3096e-03],
 [-3.5537e-03,-2.9871e-03,-1.3974e-02,...,-5.6679e-03,-8.3602e-04,
   3.3509e-03],
 [-9.8223e-03,-9.9293e-03, 7.9568e-03,...,-2.7545e-03,-1.1057e-03,
   2.5672e-03],
 ...,
 [-7.8604e-03, 8.0771e-03, 1.3596e-02,...,-1.0829e-03,-1.1537e-03,
   3.9063e-03],
 [-5.7794e-03, 6.6186e-03, 1.2320e-03,..., 2.1307e-03,-6.7002e-03,
   5.2298e-03],
 [-2.5870e-03, 1.2748e-02,-2.7763e-03,...,-8.5902e-03, 7.8897e-03,
  -3.5166e-03]]","[[-0.0487, 0.0712,-0.0169,-0.0485, 0.0372, 0.0169, 0.0044,-0.001 ,-0.014 ,
  -0.0007]]","[ 4.2658,-1.9956,-0.9005, 0.0044,-1.9389, 1.1703, 0.3963,-0.4516,-0.0436,
 -0.3878]","[0.8915,0.0017,0.0051,0.0126,0.0018,0.0403,0.0186,0.008 ,0.012 ,0.0085]","[[0.,0.,0.,...,0.,0.,0.],
 [0.,0.,0.,...,0.,0.,0.],
 [0.,0.,0.,...,0.,0.,0.],
 ...,
 [0.,0.,0.,...,0.,0.,0.],
 [0.,0.,0.,...,0.,0.,0.],
 [0.,0.,0.,...,0.,0.,0.]]","[-0.1085, 0.0017, 0.0051, 0.0126, 0.0018, 0.0403, 0.0186, 0.008 , 0.012 ,
  0.0085]","[[ 0.0061,-0.0108, 0.0017, 0.008 ,-0.0063,-0.0036,-0.0008, 0.0007, 0.0034,
   0.0016]]"
39,"[0.  ,0.  ,0.  ,0.  ,0.  ,0.  ,0.  ,0.  ,0.  ,0.  ,0.  ,0.  ,0.  ,0.  ,
 0.  ,0.  ,0.  ,0.  ,0.  ,0.  ,0.  ,0.  ,0.  ,0.  ,0.  ,0.  ,0.  ,0.  ,
 0.  ,0.  ,0.  ,0.  ,0.  ,0.  ,0.  ,0.  ,0.  ,0.  ,0.  ,0.  ,0.  ,0.  ,
 0.  ,0.  ,0.  ,0.  ,0.  ,0.  ,0.  ,0.  ,0.  ,0.  ,0.  ,0.  ,0.  ,0.  ,
 0.  ,0.  ,0.  ,0.  ,0.  ,0.  ,0.  ,0.  ,0.  ,0.  ,0.  ,0.  ,0.  ,0.  ,
 0.  ,0.  ,0.  ,0.  ,0.  ,0.  ,0.  ,0.  ,0.  ,0.  ,0.  ,0.  ,0.  ,0.  ,
 0.  ,0.  ,0.  ,0.  ,0.  ,0.  ,0.  ,0.  ,0.  ,0.  ,0.  ,0.  ,0.  ,0.  ,
 0.  ,0.  ,0.  ,0.  ,0.  ,0.  ,0.  ,0.  ,0.  ,0.  ,0.  ,0.  ,0.  ,0.  ,
 0.  ,0.  ,0.  ,0.  ,0.  ,0.  ,0.  ,0.  ,0.  ,0.  ,0.  ,0.  ,0.  ,0.  ,
 0.  ,0.2 ,0.62,0.99,0.62,0.2 ,0.  ,0.  ,0.  ,0.  ,0.  ,0.  ,0.  ,0.  ,
 0.  ,0.  ,0.  ,0.  ,0.  ,0.  ,0.  ,0.  ,0.  ,0.  ,0.  ,0.  ,0.  ,0.  ,
 0.19,0.93,0.99,0.99,0.99,0.93,0.  ,0.  ,0.  ,0.  ,0.  ,0.  ,0.  ,0.  ,
 0.  ,0.  ,0.  ,0.  ,0.  ,0.  ,0.  ,0.  ,0.  ,0.  ,0.  ,0.  ,0.  ,0.21,
 0.89,0.99,0.99,0.94,0.91,0.99,0.22,0.02,0.  ,0.  ,0.  ,0.  ,0.  ,0.  ,
 0.  ,0.  ,0.  ,0.  ,0.  ,0.  ,0.  ,0.  ,0.  ,0.  ,0.  ,0.04,0.24,0.88,
 0.99,0.99,0.99,0.79,0.33,0.99,0.99,0.48,0.  ,0.  ,0.  ,0.  ,0.  ,0.  ,
 0.  ,0.  ,0.  ,0.  ,0.  ,0.  ,0.  ,0.  ,0.  ,0.  ,0.  ,0.64,0.99,0.99,
 0.99,0.99,0.99,0.99,0.38,0.74,0.99,0.65,0.  ,0.  ,0.  ,0.  ,0.  ,0.  ,
 0.  ,0.  ,0.  ,0.  ,0.  ,0.  ,0.  ,0.  ,0.  ,0.  ,0.2 ,0.93,0.99,0.99,
 0.75,0.45,0.99,0.89,0.18,0.31,1.  ,0.66,0.  ,0.  ,0.  ,0.  ,0.  ,0.  ,
 0.  ,0.  ,0.  ,0.  ,0.  ,0.  ,0.  ,0.  ,0.  ,0.19,0.93,0.99,0.99,0.7 ,
 0.05,0.29,0.47,0.08,0.  ,0.  ,0.99,0.95,0.2 ,0.  ,0.  ,0.  ,0.  ,0.  ,
 0.  ,0.  ,0.  ,0.  ,0.  ,0.  ,0.  ,0.  ,0.15,0.65,0.99,0.91,0.82,0.33,
 0.  ,0.  ,0.  ,0.  ,0.  ,0.  ,0.99,0.99,0.65,0.  ,0.  ,0.  ,0.  ,0.  ,
 0.  ,0.  ,0.  ,0.  ,0.  ,0.  ,0.  ,0.03,0.7 ,0.99,0.94,0.28,0.07,0.11,
 0.  ,0.  ,0.  ,0.  ,0.  ,0.  ,0.99,0.99,0.76,0.  ,0.  ,0.  ,0.  ,0.  ,
 0.  ,0.  ,0.  ,0.  ,0.  ,0.  ,0.  ,0.22,0.99,0.99,0.25,0.  ,0.  ,0.  ,
 0.  ,0.  ,0.  ,0.  ,0.  ,0.  ,0.99,0.99,0.76,0.  ,0.  ,0.  ,0.  ,0.  ,
 0.  ,0.  ,0.  ,0.  ,0.  ,0.  ,0.  ,0.78,0.99,0.75,0.  ,0.  ,0.  ,0.  ,
 0.  ,0.  ,0.  ,0.  ,0.  ,0.  ,1.  ,0.99,0.77,0.  ,0.  ,0.  ,0.  ,0.  ,
 0.  ,0.  ,0.  ,0.  ,0.  ,0.  ,0.3 ,0.96,0.99,0.44,0.  ,0.  ,0.  ,0.  ,
 0.  ,0.  ,0.  ,0.  ,0.  ,0.  ,0.99,0.99,0.58,0.  ,0.  ,0.  ,0.  ,0.  ,
 0.  ,0.  ,0.  ,0.  ,0.  ,0.  ,0.33,0.99,0.9 ,0.1 ,0.  ,0.  ,0.  ,0.  ,
 0.  ,0.  ,0.  ,0.  ,0.03,0.53,0.99,0.73,0.05,0.  ,0.  ,0.  ,0.  ,0.  ,
 0.  ,0.  ,0.  ,0.  ,0.  ,0.  ,0.33,0.99,0.87,0.  ,0.  ,0.  ,0.  ,0.  ,
 0.  ,0.  ,0.  ,0.03,0.51,0.99,0.88,0.28,0.  ,0.  ,0.  ,0.  ,0.  ,0.  ,
 0.  ,0.  ,0.  ,0.  ,0.  ,0.  ,0.33,0.99,0.57,0.  ,0.  ,0.  ,0.  ,0.  ,
 0.  ,0.  ,0.19,0.65,0.99,0.68,0.  ,0.  ,0.  ,0.  ,0.  ,0.  ,0.  ,0.  ,
 0.  ,0.  ,0.  ,0.  ,0.  ,0.  ,0.34,0.99,0.88,0.  ,0.  ,0.  ,0.  ,0.  ,
 0.  ,0.45,0.93,0.99,0.64,0.  ,0.  ,0.  ,0.  ,0.  ,0.  ,0.  ,0.  ,0.  ,
 0.  ,0.  ,0.  ,0.  ,0.  ,0.  ,0.33,0.99,0.98,0.57,0.19,0.11,0.33,0.7 ,
 0.88,0.99,0.87,0.65,0.22,0.  ,0.  ,0.  ,0.  ,0.  ,0.  ,0.  ,0.  ,0.  ,
 0.  ,0.  ,0.  ,0.  ,0.  ,0.  ,0.33,0.99,0.99,0.99,0.9 ,0.84,0.99,0.99,
 0.99,0.77,0.51,0.  ,0.  ,0.  ,0.  ,0.  ,0.  ,0.  ,0.  ,0.  ,0.  ,0.  ,
 0.  ,0.  ,0.  ,0.  ,0.  ,0.  ,0.11,0.78,0.99,0.99,0.99,0.99,0.99,0.91,
 0.57,0.  ,0.  ,0.  ,0.  ,0.  ,0.  ,0.  ,0.  ,0.  ,0.  ,0.  ,0.  ,0.  ,
 0.  ,0.  ,0.  ,0.  ,0.  ,0.  ,0.  ,0.1 ,0.5 ,0.99,0.99,0.99,0.55,0.15,
 0.  ,0.  ,0.  ,0.  ,0.  ,0.  ,0.  ,0.  ,0.  ,0.  ,0.  ,0.  ,0.  ,0.  ,
 0.  ,0.  ,0.  ,0.  ,0.  ,0.  ,0.  ,0.  ,0.  ,0.  ,0.  ,0.  ,0.  ,0.  ,
 0.  ,0.  ,0.  ,0.  ,0.  ,0.  ,0.  ,0.  ,0.  ,0.  ,0.  ,0.  ,0.  ,0.  ,
 0.  ,0.  ,0.  ,0.  ,0.  ,0.  ,0.  ,0.  ,0.  ,0.  ,0.  ,0.  ,0.  ,0.  ,
 0.  ,0.  ,0.  ,0.  ,0.  ,0.  ,0.  ,0.  ,0.  ,0.  ,0.  ,0.  ,0.  ,0.  ,
 0.  ,0.  ,0.  ,0.  ,0.  ,0.  ,0.  ,0.  ,0.  ,0.  ,0.  ,0.  ,0.  ,0.  ,
 0.  ,0.  ,0.  ,0.  ,0.  ,0.  ,0.  ,0.  ,0.  ,0.  ,0.  ,0.  ,0.  ,0.  ,
 0.  ,0.  ,0.  ,0.  ,0.  ,0.  ,0.  ,0.  ,0.  ,0.  ,0.  ,0.  ,0.  ,0.  ,
 0.  ,0.  ,0.  ,0.  ,0.  ,0.  ,0.  ,0.  ,0.  ,0.  ,0.  ,0.  ,0.  ,0.  ]",0,"[[-1.3498e-02,-4.8979e-03, 3.8246e-04,...,-1.1013e-02, 1.8778e-05,
   6.3096e-03],
 [-3.5537e-03,-2.9871e-03,-1.3974e-02,...,-5.6679e-03,-8.3602e-04,
   3.3509e-03],
 [-9.8223e-03,-9.9293e-03, 7.9568e-03,...,-2.7545e-03,-1.1057e-03,
   2.5672e-03],
 ...,
 [-7.8604e-03, 8.0771e-03, 1.3596e-02,...,-1.0829e-03,-1.1537e-03,
   3.9063e-03],
 [-5.7794e-03, 6.6186e-03, 1.2320e-03,..., 2.1307e-03,-6.7002e-03,
   5.2298e-03],
 [-2.5870e-03, 1.2748e-02,-2.7763e-03,...,-8.5902e-03, 7.8897e-03,
  -3.5166e-03]]","[[-0.0492, 0.0722,-0.0171,-0.0493, 0.0379, 0.0173, 0.0045,-0.001 ,-0.0143,
  -0.0009]]","[ 4.309 ,-2.0225,-0.9132, 0.0076,-1.9634, 1.1861, 0.4043,-0.4563,-0.0411,
 -0.3918]","[0.895 ,0.0016,0.0048,0.0121,0.0017,0.0394,0.018 ,0.0076,0.0116,0.0081]","[[0.,0.,0.,...,0.,0.,0.],
 [0.,0.,0.,...,0.,0.,0.],
 [0.,0.,0.,...,0.,0.,0.],
 ...,
 [0.,0.,0.,...,0.,0.,0.],
 [0.,0.,0.,...,0.,0.,0.],
 [0.,0.,0.,...,0.,0.,0.]]","[-0.105 , 0.0016, 0.0048, 0.0121, 0.0017, 0.0394, 0.018 , 0.0076, 0.0116,
  0.0081]","[[ 0.0059,-0.0105, 0.0016, 0.0078,-0.0062,-0.0035,-0.0008, 0.0007, 0.0033,
   0.0016]]"
40,"[0.  ,0.  ,0.  ,0.  ,0.  ,0.  ,0.  ,0.  ,0.  ,0.  ,0.  ,0.  ,0.  ,0.  ,
 0.  ,0.  ,0.  ,0.  ,0.  ,0.  ,0.  ,0.  ,0.  ,0.  ,0.  ,0.  ,0.  ,0.  ,
 0.  ,0.  ,0.  ,0.  ,0.  ,0.  ,0.  ,0.  ,0.  ,0.  ,0.  ,0.  ,0.  ,0.  ,
 0.  ,0.  ,0.  ,0.  ,0.  ,0.  ,0.  ,0.  ,0.  ,0.  ,0.  ,0.  ,0.  ,0.  ,
 0.  ,0.  ,0.  ,0.  ,0.  ,0.  ,0.  ,0.  ,0.  ,0.  ,0.  ,0.  ,0.  ,0.  ,
 0.  ,0.  ,0.  ,0.  ,0.  ,0.  ,0.  ,0.  ,0.  ,0.  ,0.  ,0.  ,0.  ,0.  ,
 0.  ,0.  ,0.  ,0.  ,0.  ,0.  ,0.  ,0.  ,0.  ,0.  ,0.  ,0.  ,0.  ,0.  ,
 0.  ,0.  ,0.  ,0.  ,0.  ,0.  ,0.  ,0.  ,0.  ,0.  ,0.  ,0.  ,0.  ,0.  ,
 0.  ,0.  ,0.  ,0.  ,0.  ,0.  ,0.  ,0.  ,0.  ,0.  ,0.  ,0.  ,0.  ,0.  ,
 0.  ,0.2 ,0.62,0.99,0.62,0.2 ,0.  ,0.  ,0.  ,0.  ,0.  ,0.  ,0.  ,0.  ,
 0.  ,0.  ,0.  ,0.  ,0.  ,0.  ,0.  ,0.  ,0.  ,0.  ,0.  ,0.  ,0.  ,0.  ,
 0.19,0.93,0.99,0.99,0.99,0.93,0.  ,0.  ,0.  ,0.  ,0.  ,0.  ,0.  ,0.  ,
 0.  ,0.  ,0.  ,0.  ,0.  ,0.  ,0.  ,0.  ,0.  ,0.  ,0.  ,0.  ,0.  ,0.21,
 0.89,0.99,0.99,0.94,0.91,0.99,0.22,0.02,0.  ,0.  ,0.  ,0.  ,0.  ,0.  ,
 0.  ,0.  ,0.  ,0.  ,0.  ,0.  ,0.  ,0.  ,0.  ,0.  ,0.  ,0.04,0.24,0.88,
 0.99,0.99,0.99,0.79,0.33,0.99,0.99,0.48,0.  ,0.  ,0.  ,0.  ,0.  ,0.  ,
 0.  ,0.  ,0.  ,0.  ,0.  ,0.  ,0.  ,0.  ,0.  ,0.  ,0.  ,0.64,0.99,0.99,
 0.99,0.99,0.99,0.99,0.38,0.74,0.99,0.65,0.  ,0.  ,0.  ,0.  ,0.  ,0.  ,
 0.  ,0.  ,0.  ,0.  ,0.  ,0.  ,0.  ,0.  ,0.  ,0.  ,0.2 ,0.93,0.99,0.99,
 0.75,0.45,0.99,0.89,0.18,0.31,1.  ,0.66,0.  ,0.  ,0.  ,0.  ,0.  ,0.  ,
 0.  ,0.  ,0.  ,0.  ,0.  ,0.  ,0.  ,0.  ,0.  ,0.19,0.93,0.99,0.99,0.7 ,
 0.05,0.29,0.47,0.08,0.  ,0.  ,0.99,0.95,0.2 ,0.  ,0.  ,0.  ,0.  ,0.  ,
 0.  ,0.  ,0.  ,0.  ,0.  ,0.  ,0.  ,0.  ,0.15,0.65,0.99,0.91,0.82,0.33,
 0.  ,0.  ,0.  ,0.  ,0.  ,0.  ,0.99,0.99,0.65,0.  ,0.  ,0.  ,0.  ,0.  ,
 0.  ,0.  ,0.  ,0.  ,0.  ,0.  ,0.  ,0.03,0.7 ,0.99,0.94,0.28,0.07,0.11,
 0.  ,0.  ,0.  ,0.  ,0.  ,0.  ,0.99,0.99,0.76,0.  ,0.  ,0.  ,0.  ,0.  ,
 0.  ,0.  ,0.  ,0.  ,0.  ,0.  ,0.  ,0.22,0.99,0.99,0.25,0.  ,0.  ,0.  ,
 0.  ,0.  ,0.  ,0.  ,0.  ,0.  ,0.99,0.99,0.76,0.  ,0.  ,0.  ,0.  ,0.  ,
 0.  ,0.  ,0.  ,0.  ,0.  ,0.  ,0.  ,0.78,0.99,0.75,0.  ,0.  ,0.  ,0.  ,
 0.  ,0.  ,0.  ,0.  ,0.  ,0.  ,1.  ,0.99,0.77,0.  ,0.  ,0.  ,0.  ,0.  ,
 0.  ,0.  ,0.  ,0.  ,0.  ,0.  ,0.3 ,0.96,0.99,0.44,0.  ,0.  ,0.  ,0.  ,
 0.  ,0.  ,0.  ,0.  ,0.  ,0.  ,0.99,0.99,0.58,0.  ,0.  ,0.  ,0.  ,0.  ,
 0.  ,0.  ,0.  ,0.  ,0.  ,0.  ,0.33,0.99,0.9 ,0.1 ,0.  ,0.  ,0.  ,0.  ,
 0.  ,0.  ,0.  ,0.  ,0.03,0.53,0.99,0.73,0.05,0.  ,0.  ,0.  ,0.  ,0.  ,
 0.  ,0.  ,0.  ,0.  ,0.  ,0.  ,0.33,0.99,0.87,0.  ,0.  ,0.  ,0.  ,0.  ,
 0.  ,0.  ,0.  ,0.03,0.51,0.99,0.88,0.28,0.  ,0.  ,0.  ,0.  ,0.  ,0.  ,
 0.  ,0.  ,0.  ,0.  ,0.  ,0.  ,0.33,0.99,0.57,0.  ,0.  ,0.  ,0.  ,0.  ,
 0.  ,0.  ,0.19,0.65,0.99,0.68,0.  ,0.  ,0.  ,0.  ,0.  ,0.  ,0.  ,0.  ,
 0.  ,0.  ,0.  ,0.  ,0.  ,0.  ,0.34,0.99,0.88,0.  ,0.  ,0.  ,0.  ,0.  ,
 0.  ,0.45,0.93,0.99,0.64,0.  ,0.  ,0.  ,0.  ,0.  ,0.  ,0.  ,0.  ,0.  ,
 0.  ,0.  ,0.  ,0.  ,0.  ,0.  ,0.33,0.99,0.98,0.57,0.19,0.11,0.33,0.7 ,
 0.88,0.99,0.87,0.65,0.22,0.  ,0.  ,0.  ,0.  ,0.  ,0.  ,0.  ,0.  ,0.  ,
 0.  ,0.  ,0.  ,0.  ,0.  ,0.  ,0.33,0.99,0.99,0.99,0.9 ,0.84,0.99,0.99,
 0.99,0.77,0.51,0.  ,0.  ,0.  ,0.  ,0.  ,0.  ,0.  ,0.  ,0.  ,0.  ,0.  ,
 0.  ,0.  ,0.  ,0.  ,0.  ,0.  ,0.11,0.78,0.99,0.99,0.99,0.99,0.99,0.91,
 0.57,0.  ,0.  ,0.  ,0.  ,0.  ,0.  ,0.  ,0.  ,0.  ,0.  ,0.  ,0.  ,0.  ,
 0.  ,0.  ,0.  ,0.  ,0.  ,0.  ,0.  ,0.1 ,0.5 ,0.99,0.99,0.99,0.55,0.15,
 0.  ,0.  ,0.  ,0.  ,0.  ,0.  ,0.  ,0.  ,0.  ,0.  ,0.  ,0.  ,0.  ,0.  ,
 0.  ,0.  ,0.  ,0.  ,0.  ,0.  ,0.  ,0.  ,0.  ,0.  ,0.  ,0.  ,0.  ,0.  ,
 0.  ,0.  ,0.  ,0.  ,0.  ,0.  ,0.  ,0.  ,0.  ,0.  ,0.  ,0.  ,0.  ,0.  ,
 0.  ,0.  ,0.  ,0.  ,0.  ,0.  ,0.  ,0.  ,0.  ,0.  ,0.  ,0.  ,0.  ,0.  ,
 0.  ,0.  ,0.  ,0.  ,0.  ,0.  ,0.  ,0.  ,0.  ,0.  ,0.  ,0.  ,0.  ,0.  ,
 0.  ,0.  ,0.  ,0.  ,0.  ,0.  ,0.  ,0.  ,0.  ,0.  ,0.  ,0.  ,0.  ,0.  ,
 0.  ,0.  ,0.  ,0.  ,0.  ,0.  ,0.  ,0.  ,0.  ,0.  ,0.  ,0.  ,0.  ,0.  ,
 0.  ,0.  ,0.  ,0.  ,0.  ,0.  ,0.  ,0.  ,0.  ,0.  ,0.  ,0.  ,0.  ,0.  ,
 0.  ,0.  ,0.  ,0.  ,0.  ,0.  ,0.  ,0.  ,0.  ,0.  ,0.  ,0.  ,0.  ,0.  ]",0,"[[-1.3498e-02,-4.8979e-03, 3.8246e-04,...,-1.1013e-02, 1.8778e-05,
   6.3096e-03],
 [-3.5537e-03,-2.9871e-03,-1.3974e-02,...,-5.6679e-03,-8.3602e-04,
   3.3509e-03],
 [-9.8223e-03,-9.9293e-03, 7.9568e-03,...,-2.7545e-03,-1.1057e-03,
   2.5672e-03],
 ...,
 [-7.8604e-03, 8.0771e-03, 1.3596e-02,...,-1.0829e-03,-1.1537e-03,
   3.9063e-03],
 [-5.7794e-03, 6.6186e-03, 1.2320e-03,..., 2.1307e-03,-6.7002e-03,
   5.2298e-03],
 [-2.5870e-03, 1.2748e-02,-2.7763e-03,...,-8.5902e-03, 7.8897e-03,
  -3.5166e-03]]","[[-0.0498, 0.0732,-0.0172,-0.05  , 0.0385, 0.0176, 0.0045,-0.0011,-0.0146,
  -0.001 ]]","[ 4.3511,-2.0488,-0.9256, 0.0109,-1.9873, 1.2015, 0.4123,-0.4608,-0.0387,
 -0.3957]","[0.8984,0.0015,0.0046,0.0117,0.0016,0.0385,0.0175,0.0073,0.0111,0.0078]","[[0.,0.,0.,...,0.,0.,0.],
 [0.,0.,0.,...,0.,0.,0.],
 [0.,0.,0.,...,0.,0.,0.],
 ...,
 [0.,0.,0.,...,0.,0.,0.],
 [0.,0.,0.,...,0.,0.,0.],
 [0.,0.,0.,...,0.,0.,0.]]","[-0.1016, 0.0015, 0.0046, 0.0117, 0.0016, 0.0385, 0.0175, 0.0073, 0.0111,
  0.0078]","[[ 0.0058,-0.0102, 0.0015, 0.0076,-0.0061,-0.0035,-0.0008, 0.0007, 0.0033,
   0.0016]]"
41,"[0.  ,0.  ,0.  ,0.  ,0.  ,0.  ,0.  ,0.  ,0.  ,0.  ,0.  ,0.  ,0.  ,0.  ,
 0.  ,0.  ,0.  ,0.  ,0.  ,0.  ,0.  ,0.  ,0.  ,0.  ,0.  ,0.  ,0.  ,0.  ,
 0.  ,0.  ,0.  ,0.  ,0.  ,0.  ,0.  ,0.  ,0.  ,0.  ,0.  ,0.  ,0.  ,0.  ,
 0.  ,0.  ,0.  ,0.  ,0.  ,0.  ,0.  ,0.  ,0.  ,0.  ,0.  ,0.  ,0.  ,0.  ,
 0.  ,0.  ,0.  ,0.  ,0.  ,0.  ,0.  ,0.  ,0.  ,0.  ,0.  ,0.  ,0.  ,0.  ,
 0.  ,0.  ,0.  ,0.  ,0.  ,0.  ,0.  ,0.  ,0.  ,0.  ,0.  ,0.  ,0.  ,0.  ,
 0.  ,0.  ,0.  ,0.  ,0.  ,0.  ,0.  ,0.  ,0.  ,0.  ,0.  ,0.  ,0.  ,0.  ,
 0.  ,0.  ,0.  ,0.  ,0.  ,0.  ,0.  ,0.  ,0.  ,0.  ,0.  ,0.  ,0.  ,0.  ,
 0.  ,0.  ,0.  ,0.  ,0.  ,0.  ,0.  ,0.  ,0.  ,0.  ,0.  ,0.  ,0.  ,0.  ,
 0.  ,0.2 ,0.62,0.99,0.62,0.2 ,0.  ,0.  ,0.  ,0.  ,0.  ,0.  ,0.  ,0.  ,
 0.  ,0.  ,0.  ,0.  ,0.  ,0.  ,0.  ,0.  ,0.  ,0.  ,0.  ,0.  ,0.  ,0.  ,
 0.19,0.93,0.99,0.99,0.99,0.93,0.  ,0.  ,0.  ,0.  ,0.  ,0.  ,0.  ,0.  ,
 0.  ,0.  ,0.  ,0.  ,0.  ,0.  ,0.  ,0.  ,0.  ,0.  ,0.  ,0.  ,0.  ,0.21,
 0.89,0.99,0.99,0.94,0.91,0.99,0.22,0.02,0.  ,0.  ,0.  ,0.  ,0.  ,0.  ,
 0.  ,0.  ,0.  ,0.  ,0.  ,0.  ,0.  ,0.  ,0.  ,0.  ,0.  ,0.04,0.24,0.88,
 0.99,0.99,0.99,0.79,0.33,0.99,0.99,0.48,0.  ,0.  ,0.  ,0.  ,0.  ,0.  ,
 0.  ,0.  ,0.  ,0.  ,0.  ,0.  ,0.  ,0.  ,0.  ,0.  ,0.  ,0.64,0.99,0.99,
 0.99,0.99,0.99,0.99,0.38,0.74,0.99,0.65,0.  ,0.  ,0.  ,0.  ,0.  ,0.  ,
 0.  ,0.  ,0.  ,0.  ,0.  ,0.  ,0.  ,0.  ,0.  ,0.  ,0.2 ,0.93,0.99,0.99,
 0.75,0.45,0.99,0.89,0.18,0.31,1.  ,0.66,0.  ,0.  ,0.  ,0.  ,0.  ,0.  ,
 0.  ,0.  ,0.  ,0.  ,0.  ,0.  ,0.  ,0.  ,0.  ,0.19,0.93,0.99,0.99,0.7 ,
 0.05,0.29,0.47,0.08,0.  ,0.  ,0.99,0.95,0.2 ,0.  ,0.  ,0.  ,0.  ,0.  ,
 0.  ,0.  ,0.  ,0.  ,0.  ,0.  ,0.  ,0.  ,0.15,0.65,0.99,0.91,0.82,0.33,
 0.  ,0.  ,0.  ,0.  ,0.  ,0.  ,0.99,0.99,0.65,0.  ,0.  ,0.  ,0.  ,0.  ,
 0.  ,0.  ,0.  ,0.  ,0.  ,0.  ,0.  ,0.03,0.7 ,0.99,0.94,0.28,0.07,0.11,
 0.  ,0.  ,0.  ,0.  ,0.  ,0.  ,0.99,0.99,0.76,0.  ,0.  ,0.  ,0.  ,0.  ,
 0.  ,0.  ,0.  ,0.  ,0.  ,0.  ,0.  ,0.22,0.99,0.99,0.25,0.  ,0.  ,0.  ,
 0.  ,0.  ,0.  ,0.  ,0.  ,0.  ,0.99,0.99,0.76,0.  ,0.  ,0.  ,0.  ,0.  ,
 0.  ,0.  ,0.  ,0.  ,0.  ,0.  ,0.  ,0.78,0.99,0.75,0.  ,0.  ,0.  ,0.  ,
 0.  ,0.  ,0.  ,0.  ,0.  ,0.  ,1.  ,0.99,0.77,0.  ,0.  ,0.  ,0.  ,0.  ,
 0.  ,0.  ,0.  ,0.  ,0.  ,0.  ,0.3 ,0.96,0.99,0.44,0.  ,0.  ,0.  ,0.  ,
 0.  ,0.  ,0.  ,0.  ,0.  ,0.  ,0.99,0.99,0.58,0.  ,0.  ,0.  ,0.  ,0.  ,
 0.  ,0.  ,0.  ,0.  ,0.  ,0.  ,0.33,0.99,0.9 ,0.1 ,0.  ,0.  ,0.  ,0.  ,
 0.  ,0.  ,0.  ,0.  ,0.03,0.53,0.99,0.73,0.05,0.  ,0.  ,0.  ,0.  ,0.  ,
 0.  ,0.  ,0.  ,0.  ,0.  ,0.  ,0.33,0.99,0.87,0.  ,0.  ,0.  ,0.  ,0.  ,
 0.  ,0.  ,0.  ,0.03,0.51,0.99,0.88,0.28,0.  ,0.  ,0.  ,0.  ,0.  ,0.  ,
 0.  ,0.  ,0.  ,0.  ,0.  ,0.  ,0.33,0.99,0.57,0.  ,0.  ,0.  ,0.  ,0.  ,
 0.  ,0.  ,0.19,0.65,0.99,0.68,0.  ,0.  ,0.  ,0.  ,0.  ,0.  ,0.  ,0.  ,
 0.  ,0.  ,0.  ,0.  ,0.  ,0.  ,0.34,0.99,0.88,0.  ,0.  ,0.  ,0.  ,0.  ,
 0.  ,0.45,0.93,0.99,0.64,0.  ,0.  ,0.  ,0.  ,0.  ,0.  ,0.  ,0.  ,0.  ,
 0.  ,0.  ,0.  ,0.  ,0.  ,0.  ,0.33,0.99,0.98,0.57,0.19,0.11,0.33,0.7 ,
 0.88,0.99,0.87,0.65,0.22,0.  ,0.  ,0.  ,0.  ,0.  ,0.  ,0.  ,0.  ,0.  ,
 0.  ,0.  ,0.  ,0.  ,0.  ,0.  ,0.33,0.99,0.99,0.99,0.9 ,0.84,0.99,0.99,
 0.99,0.77,0.51,0.  ,0.  ,0.  ,0.  ,0.  ,0.  ,0.  ,0.  ,0.  ,0.  ,0.  ,
 0.  ,0.  ,0.  ,0.  ,0.  ,0.  ,0.11,0.78,0.99,0.99,0.99,0.99,0.99,0.91,
 0.57,0.  ,0.  ,0.  ,0.  ,0.  ,0.  ,0.  ,0.  ,0.  ,0.  ,0.  ,0.  ,0.  ,
 0.  ,0.  ,0.  ,0.  ,0.  ,0.  ,0.  ,0.1 ,0.5 ,0.99,0.99,0.99,0.55,0.15,
 0.  ,0.  ,0.  ,0.  ,0.  ,0.  ,0.  ,0.  ,0.  ,0.  ,0.  ,0.  ,0.  ,0.  ,
 0.  ,0.  ,0.  ,0.  ,0.  ,0.  ,0.  ,0.  ,0.  ,0.  ,0.  ,0.  ,0.  ,0.  ,
 0.  ,0.  ,0.  ,0.  ,0.  ,0.  ,0.  ,0.  ,0.  ,0.  ,0.  ,0.  ,0.  ,0.  ,
 0.  ,0.  ,0.  ,0.  ,0.  ,0.  ,0.  ,0.  ,0.  ,0.  ,0.  ,0.  ,0.  ,0.  ,
 0.  ,0.  ,0.  ,0.  ,0.  ,0.  ,0.  ,0.  ,0.  ,0.  ,0.  ,0.  ,0.  ,0.  ,
 0.  ,0.  ,0.  ,0.  ,0.  ,0.  ,0.  ,0.  ,0.  ,0.  ,0.  ,0.  ,0.  ,0.  ,
 0.  ,0.  ,0.  ,0.  ,0.  ,0.  ,0.  ,0.  ,0.  ,0.  ,0.  ,0.  ,0.  ,0.  ,
 0.  ,0.  ,0.  ,0.  ,0.  ,0.  ,0.  ,0.  ,0.  ,0.  ,0.  ,0.  ,0.  ,0.  ,
 0.  ,0.  ,0.  ,0.  ,0.  ,0.  ,0.  ,0.  ,0.  ,0.  ,0.  ,0.  ,0.  ,0.  ]",0,"[[-1.3498e-02,-4.8979e-03, 3.8246e-04,...,-1.1013e-02, 1.8778e-05,
   6.3096e-03],
 [-3.5537e-03,-2.9871e-03,-1.3974e-02,...,-5.6679e-03,-8.3602e-04,
   3.3509e-03],
 [-9.8223e-03,-9.9293e-03, 7.9568e-03,...,-2.7545e-03,-1.1057e-03,
   2.5672e-03],
 ...,
 [-7.8604e-03, 8.0771e-03, 1.3596e-02,...,-1.0829e-03,-1.1537e-03,
   3.9063e-03],
 [-5.7794e-03, 6.6186e-03, 1.2320e-03,..., 2.1307e-03,-6.7002e-03,
   5.2298e-03],
 [-2.5870e-03, 1.2748e-02,-2.7763e-03,...,-8.5902e-03, 7.8897e-03,
  -3.5166e-03]]","[[-0.0504, 0.0742,-0.0174,-0.0508, 0.0391, 0.018 , 0.0046,-0.0012,-0.015 ,
  -0.0012]]","[ 4.3922,-2.0745,-0.9378, 0.0142,-2.0108, 1.2164, 0.4203,-0.4652,-0.0364,
 -0.3996]","[0.9015,0.0014,0.0044,0.0113,0.0015,0.0377,0.017 ,0.007 ,0.0108,0.0075]","[[0.,0.,0.,...,0.,0.,0.],
 [0.,0.,0.,...,0.,0.,0.],
 [0.,0.,0.,...,0.,0.,0.],
 ...,
 [0.,0.,0.,...,0.,0.,0.],
 [0.,0.,0.,...,0.,0.,0.],
 [0.,0.,0.,...,0.,0.,0.]]","[-0.0985, 0.0014, 0.0044, 0.0113, 0.0015, 0.0377, 0.017 , 0.007 , 0.0108,
  0.0075]","[[ 0.0057,-0.01  , 0.0014, 0.0075,-0.006 ,-0.0034,-0.0008, 0.0007, 0.0033,
   0.0017]]"
42,"[0.  ,0.  ,0.  ,0.  ,0.  ,0.  ,0.  ,0.  ,0.  ,0.  ,0.  ,0.  ,0.  ,0.  ,
 0.  ,0.  ,0.  ,0.  ,0.  ,0.  ,0.  ,0.  ,0.  ,0.  ,0.  ,0.  ,0.  ,0.  ,
 0.  ,0.  ,0.  ,0.  ,0.  ,0.  ,0.  ,0.  ,0.  ,0.  ,0.  ,0.  ,0.  ,0.  ,
 0.  ,0.  ,0.  ,0.  ,0.  ,0.  ,0.  ,0.  ,0.  ,0.  ,0.  ,0.  ,0.  ,0.  ,
 0.  ,0.  ,0.  ,0.  ,0.  ,0.  ,0.  ,0.  ,0.  ,0.  ,0.  ,0.  ,0.  ,0.  ,
 0.  ,0.  ,0.  ,0.  ,0.  ,0.  ,0.  ,0.  ,0.  ,0.  ,0.  ,0.  ,0.  ,0.  ,
 0.  ,0.  ,0.  ,0.  ,0.  ,0.  ,0.  ,0.  ,0.  ,0.  ,0.  ,0.  ,0.  ,0.  ,
 0.  ,0.  ,0.  ,0.  ,0.  ,0.  ,0.  ,0.  ,0.  ,0.  ,0.  ,0.  ,0.  ,0.  ,
 0.  ,0.  ,0.  ,0.  ,0.  ,0.  ,0.  ,0.  ,0.  ,0.  ,0.  ,0.  ,0.  ,0.  ,
 0.  ,0.2 ,0.62,0.99,0.62,0.2 ,0.  ,0.  ,0.  ,0.  ,0.  ,0.  ,0.  ,0.  ,
 0.  ,0.  ,0.  ,0.  ,0.  ,0.  ,0.  ,0.  ,0.  ,0.  ,0.  ,0.  ,0.  ,0.  ,
 0.19,0.93,0.99,0.99,0.99,0.93,0.  ,0.  ,0.  ,0.  ,0.  ,0.  ,0.  ,0.  ,
 0.  ,0.  ,0.  ,0.  ,0.  ,0.  ,0.  ,0.  ,0.  ,0.  ,0.  ,0.  ,0.  ,0.21,
 0.89,0.99,0.99,0.94,0.91,0.99,0.22,0.02,0.  ,0.  ,0.  ,0.  ,0.  ,0.  ,
 0.  ,0.  ,0.  ,0.  ,0.  ,0.  ,0.  ,0.  ,0.  ,0.  ,0.  ,0.04,0.24,0.88,
 0.99,0.99,0.99,0.79,0.33,0.99,0.99,0.48,0.  ,0.  ,0.  ,0.  ,0.  ,0.  ,
 0.  ,0.  ,0.  ,0.  ,0.  ,0.  ,0.  ,0.  ,0.  ,0.  ,0.  ,0.64,0.99,0.99,
 0.99,0.99,0.99,0.99,0.38,0.74,0.99,0.65,0.  ,0.  ,0.  ,0.  ,0.  ,0.  ,
 0.  ,0.  ,0.  ,0.  ,0.  ,0.  ,0.  ,0.  ,0.  ,0.  ,0.2 ,0.93,0.99,0.99,
 0.75,0.45,0.99,0.89,0.18,0.31,1.  ,0.66,0.  ,0.  ,0.  ,0.  ,0.  ,0.  ,
 0.  ,0.  ,0.  ,0.  ,0.  ,0.  ,0.  ,0.  ,0.  ,0.19,0.93,0.99,0.99,0.7 ,
 0.05,0.29,0.47,0.08,0.  ,0.  ,0.99,0.95,0.2 ,0.  ,0.  ,0.  ,0.  ,0.  ,
 0.  ,0.  ,0.  ,0.  ,0.  ,0.  ,0.  ,0.  ,0.15,0.65,0.99,0.91,0.82,0.33,
 0.  ,0.  ,0.  ,0.  ,0.  ,0.  ,0.99,0.99,0.65,0.  ,0.  ,0.  ,0.  ,0.  ,
 0.  ,0.  ,0.  ,0.  ,0.  ,0.  ,0.  ,0.03,0.7 ,0.99,0.94,0.28,0.07,0.11,
 0.  ,0.  ,0.  ,0.  ,0.  ,0.  ,0.99,0.99,0.76,0.  ,0.  ,0.  ,0.  ,0.  ,
 0.  ,0.  ,0.  ,0.  ,0.  ,0.  ,0.  ,0.22,0.99,0.99,0.25,0.  ,0.  ,0.  ,
 0.  ,0.  ,0.  ,0.  ,0.  ,0.  ,0.99,0.99,0.76,0.  ,0.  ,0.  ,0.  ,0.  ,
 0.  ,0.  ,0.  ,0.  ,0.  ,0.  ,0.  ,0.78,0.99,0.75,0.  ,0.  ,0.  ,0.  ,
 0.  ,0.  ,0.  ,0.  ,0.  ,0.  ,1.  ,0.99,0.77,0.  ,0.  ,0.  ,0.  ,0.  ,
 0.  ,0.  ,0.  ,0.  ,0.  ,0.  ,0.3 ,0.96,0.99,0.44,0.  ,0.  ,0.  ,0.  ,
 0.  ,0.  ,0.  ,0.  ,0.  ,0.  ,0.99,0.99,0.58,0.  ,0.  ,0.  ,0.  ,0.  ,
 0.  ,0.  ,0.  ,0.  ,0.  ,0.  ,0.33,0.99,0.9 ,0.1 ,0.  ,0.  ,0.  ,0.  ,
 0.  ,0.  ,0.  ,0.  ,0.03,0.53,0.99,0.73,0.05,0.  ,0.  ,0.  ,0.  ,0.  ,
 0.  ,0.  ,0.  ,0.  ,0.  ,0.  ,0.33,0.99,0.87,0.  ,0.  ,0.  ,0.  ,0.  ,
 0.  ,0.  ,0.  ,0.03,0.51,0.99,0.88,0.28,0.  ,0.  ,0.  ,0.  ,0.  ,0.  ,
 0.  ,0.  ,0.  ,0.  ,0.  ,0.  ,0.33,0.99,0.57,0.  ,0.  ,0.  ,0.  ,0.  ,
 0.  ,0.  ,0.19,0.65,0.99,0.68,0.  ,0.  ,0.  ,0.  ,0.  ,0.  ,0.  ,0.  ,
 0.  ,0.  ,0.  ,0.  ,0.  ,0.  ,0.34,0.99,0.88,0.  ,0.  ,0.  ,0.  ,0.  ,
 0.  ,0.45,0.93,0.99,0.64,0.  ,0.  ,0.  ,0.  ,0.  ,0.  ,0.  ,0.  ,0.  ,
 0.  ,0.  ,0.  ,0.  ,0.  ,0.  ,0.33,0.99,0.98,0.57,0.19,0.11,0.33,0.7 ,
 0.88,0.99,0.87,0.65,0.22,0.  ,0.  ,0.  ,0.  ,0.  ,0.  ,0.  ,0.  ,0.  ,
 0.  ,0.  ,0.  ,0.  ,0.  ,0.  ,0.33,0.99,0.99,0.99,0.9 ,0.84,0.99,0.99,
 0.99,0.77,0.51,0.  ,0.  ,0.  ,0.  ,0.  ,0.  ,0.  ,0.  ,0.  ,0.  ,0.  ,
 0.  ,0.  ,0.  ,0.  ,0.  ,0.  ,0.11,0.78,0.99,0.99,0.99,0.99,0.99,0.91,
 0.57,0.  ,0.  ,0.  ,0.  ,0.  ,0.  ,0.  ,0.  ,0.  ,0.  ,0.  ,0.  ,0.  ,
 0.  ,0.  ,0.  ,0.  ,0.  ,0.  ,0.  ,0.1 ,0.5 ,0.99,0.99,0.99,0.55,0.15,
 0.  ,0.  ,0.  ,0.  ,0.  ,0.  ,0.  ,0.  ,0.  ,0.  ,0.  ,0.  ,0.  ,0.  ,
 0.  ,0.  ,0.  ,0.  ,0.  ,0.  ,0.  ,0.  ,0.  ,0.  ,0.  ,0.  ,0.  ,0.  ,
 0.  ,0.  ,0.  ,0.  ,0.  ,0.  ,0.  ,0.  ,0.  ,0.  ,0.  ,0.  ,0.  ,0.  ,
 0.  ,0.  ,0.  ,0.  ,0.  ,0.  ,0.  ,0.  ,0.  ,0.  ,0.  ,0.  ,0.  ,0.  ,
 0.  ,0.  ,0.  ,0.  ,0.  ,0.  ,0.  ,0.  ,0.  ,0.  ,0.  ,0.  ,0.  ,0.  ,
 0.  ,0.  ,0.  ,0.  ,0.  ,0.  ,0.  ,0.  ,0.  ,0.  ,0.  ,0.  ,0.  ,0.  ,
 0.  ,0.  ,0.  ,0.  ,0.  ,0.  ,0.  ,0.  ,0.  ,0.  ,0.  ,0.  ,0.  ,0.  ,
 0.  ,0.  ,0.  ,0.  ,0.  ,0.  ,0.  ,0.  ,0.  ,0.  ,0.  ,0.  ,0.  ,0.  ,
 0.  ,0.  ,0.  ,0.  ,0.  ,0.  ,0.  ,0.  ,0.  ,0.  ,0.  ,0.  ,0.  ,0.  ]",0,"[[-1.3498e-02,-4.8979e-03, 3.8246e-04,...,-1.1013e-02, 1.8778e-05,
   6.3096e-03],
 [-3.5537e-03,-2.9871e-03,-1.3974e-02,...,-5.6679e-03,-8.3602e-04,
   3.3509e-03],
 [-9.8223e-03,-9.9293e-03, 7.9568e-03,...,-2.7545e-03,-1.1057e-03,
   2.5672e-03],
 ...,
 [-7.8604e-03, 8.0771e-03, 1.3596e-02,...,-1.0829e-03,-1.1537e-03,
   3.9063e-03],
 [-5.7794e-03, 6.6186e-03, 1.2320e-03,..., 2.1307e-03,-6.7002e-03,
   5.2298e-03],
 [-2.5870e-03, 1.2748e-02,-2.7763e-03,...,-8.5902e-03, 7.8897e-03,
  -3.5166e-03]]","[[-0.0509, 0.0752,-0.0175,-0.0515, 0.0397, 0.0183, 0.0047,-0.0012,-0.0153,
  -0.0014]]","[ 4.4323,-2.0997,-0.9496, 0.0176,-2.0337, 1.231 , 0.4282,-0.4695,-0.0343,
 -0.4034]","[0.9045,0.0013,0.0042,0.0109,0.0014,0.0368,0.0165,0.0067,0.0104,0.0072]","[[0.,0.,0.,...,0.,0.,0.],
 [0.,0.,0.,...,0.,0.,0.],
 [0.,0.,0.,...,0.,0.,0.],
 ...,
 [0.,0.,0.,...,0.,0.,0.],
 [0.,0.,0.,...,0.,0.,0.],
 [0.,0.,0.,...,0.,0.,0.]]","[-0.0955, 0.0013, 0.0042, 0.0109, 0.0014, 0.0368, 0.0165, 0.0067, 0.0104,
  0.0072]","[[ 0.0055,-0.0098, 0.0013, 0.0073,-0.0059,-0.0034,-0.0007, 0.0007, 0.0032,
   0.0017]]"
43,"[0.  ,0.  ,0.  ,0.  ,0.  ,0.  ,0.  ,0.  ,0.  ,0.  ,0.  ,0.  ,0.  ,0.  ,
 0.  ,0.  ,0.  ,0.  ,0.  ,0.  ,0.  ,0.  ,0.  ,0.  ,0.  ,0.  ,0.  ,0.  ,
 0.  ,0.  ,0.  ,0.  ,0.  ,0.  ,0.  ,0.  ,0.  ,0.  ,0.  ,0.  ,0.  ,0.  ,
 0.  ,0.  ,0.  ,0.  ,0.  ,0.  ,0.  ,0.  ,0.  ,0.  ,0.  ,0.  ,0.  ,0.  ,
 0.  ,0.  ,0.  ,0.  ,0.  ,0.  ,0.  ,0.  ,0.  ,0.  ,0.  ,0.  ,0.  ,0.  ,
 0.  ,0.  ,0.  ,0.  ,0.  ,0.  ,0.  ,0.  ,0.  ,0.  ,0.  ,0.  ,0.  ,0.  ,
 0.  ,0.  ,0.  ,0.  ,0.  ,0.  ,0.  ,0.  ,0.  ,0.  ,0.  ,0.  ,0.  ,0.  ,
 0.  ,0.  ,0.  ,0.  ,0.  ,0.  ,0.  ,0.  ,0.  ,0.  ,0.  ,0.  ,0.  ,0.  ,
 0.  ,0.  ,0.  ,0.  ,0.  ,0.  ,0.  ,0.  ,0.  ,0.  ,0.  ,0.  ,0.  ,0.  ,
 0.  ,0.2 ,0.62,0.99,0.62,0.2 ,0.  ,0.  ,0.  ,0.  ,0.  ,0.  ,0.  ,0.  ,
 0.  ,0.  ,0.  ,0.  ,0.  ,0.  ,0.  ,0.  ,0.  ,0.  ,0.  ,0.  ,0.  ,0.  ,
 0.19,0.93,0.99,0.99,0.99,0.93,0.  ,0.  ,0.  ,0.  ,0.  ,0.  ,0.  ,0.  ,
 0.  ,0.  ,0.  ,0.  ,0.  ,0.  ,0.  ,0.  ,0.  ,0.  ,0.  ,0.  ,0.  ,0.21,
 0.89,0.99,0.99,0.94,0.91,0.99,0.22,0.02,0.  ,0.  ,0.  ,0.  ,0.  ,0.  ,
 0.  ,0.  ,0.  ,0.  ,0.  ,0.  ,0.  ,0.  ,0.  ,0.  ,0.  ,0.04,0.24,0.88,
 0.99,0.99,0.99,0.79,0.33,0.99,0.99,0.48,0.  ,0.  ,0.  ,0.  ,0.  ,0.  ,
 0.  ,0.  ,0.  ,0.  ,0.  ,0.  ,0.  ,0.  ,0.  ,0.  ,0.  ,0.64,0.99,0.99,
 0.99,0.99,0.99,0.99,0.38,0.74,0.99,0.65,0.  ,0.  ,0.  ,0.  ,0.  ,0.  ,
 0.  ,0.  ,0.  ,0.  ,0.  ,0.  ,0.  ,0.  ,0.  ,0.  ,0.2 ,0.93,0.99,0.99,
 0.75,0.45,0.99,0.89,0.18,0.31,1.  ,0.66,0.  ,0.  ,0.  ,0.  ,0.  ,0.  ,
 0.  ,0.  ,0.  ,0.  ,0.  ,0.  ,0.  ,0.  ,0.  ,0.19,0.93,0.99,0.99,0.7 ,
 0.05,0.29,0.47,0.08,0.  ,0.  ,0.99,0.95,0.2 ,0.  ,0.  ,0.  ,0.  ,0.  ,
 0.  ,0.  ,0.  ,0.  ,0.  ,0.  ,0.  ,0.  ,0.15,0.65,0.99,0.91,0.82,0.33,
 0.  ,0.  ,0.  ,0.  ,0.  ,0.  ,0.99,0.99,0.65,0.  ,0.  ,0.  ,0.  ,0.  ,
 0.  ,0.  ,0.  ,0.  ,0.  ,0.  ,0.  ,0.03,0.7 ,0.99,0.94,0.28,0.07,0.11,
 0.  ,0.  ,0.  ,0.  ,0.  ,0.  ,0.99,0.99,0.76,0.  ,0.  ,0.  ,0.  ,0.  ,
 0.  ,0.  ,0.  ,0.  ,0.  ,0.  ,0.  ,0.22,0.99,0.99,0.25,0.  ,0.  ,0.  ,
 0.  ,0.  ,0.  ,0.  ,0.  ,0.  ,0.99,0.99,0.76,0.  ,0.  ,0.  ,0.  ,0.  ,
 0.  ,0.  ,0.  ,0.  ,0.  ,0.  ,0.  ,0.78,0.99,0.75,0.  ,0.  ,0.  ,0.  ,
 0.  ,0.  ,0.  ,0.  ,0.  ,0.  ,1.  ,0.99,0.77,0.  ,0.  ,0.  ,0.  ,0.  ,
 0.  ,0.  ,0.  ,0.  ,0.  ,0.  ,0.3 ,0.96,0.99,0.44,0.  ,0.  ,0.  ,0.  ,
 0.  ,0.  ,0.  ,0.  ,0.  ,0.  ,0.99,0.99,0.58,0.  ,0.  ,0.  ,0.  ,0.  ,
 0.  ,0.  ,0.  ,0.  ,0.  ,0.  ,0.33,0.99,0.9 ,0.1 ,0.  ,0.  ,0.  ,0.  ,
 0.  ,0.  ,0.  ,0.  ,0.03,0.53,0.99,0.73,0.05,0.  ,0.  ,0.  ,0.  ,0.  ,
 0.  ,0.  ,0.  ,0.  ,0.  ,0.  ,0.33,0.99,0.87,0.  ,0.  ,0.  ,0.  ,0.  ,
 0.  ,0.  ,0.  ,0.03,0.51,0.99,0.88,0.28,0.  ,0.  ,0.  ,0.  ,0.  ,0.  ,
 0.  ,0.  ,0.  ,0.  ,0.  ,0.  ,0.33,0.99,0.57,0.  ,0.  ,0.  ,0.  ,0.  ,
 0.  ,0.  ,0.19,0.65,0.99,0.68,0.  ,0.  ,0.  ,0.  ,0.  ,0.  ,0.  ,0.  ,
 0.  ,0.  ,0.  ,0.  ,0.  ,0.  ,0.34,0.99,0.88,0.  ,0.  ,0.  ,0.  ,0.  ,
 0.  ,0.45,0.93,0.99,0.64,0.  ,0.  ,0.  ,0.  ,0.  ,0.  ,0.  ,0.  ,0.  ,
 0.  ,0.  ,0.  ,0.  ,0.  ,0.  ,0.33,0.99,0.98,0.57,0.19,0.11,0.33,0.7 ,
 0.88,0.99,0.87,0.65,0.22,0.  ,0.  ,0.  ,0.  ,0.  ,0.  ,0.  ,0.  ,0.  ,
 0.  ,0.  ,0.  ,0.  ,0.  ,0.  ,0.33,0.99,0.99,0.99,0.9 ,0.84,0.99,0.99,
 0.99,0.77,0.51,0.  ,0.  ,0.  ,0.  ,0.  ,0.  ,0.  ,0.  ,0.  ,0.  ,0.  ,
 0.  ,0.  ,0.  ,0.  ,0.  ,0.  ,0.11,0.78,0.99,0.99,0.99,0.99,0.99,0.91,
 0.57,0.  ,0.  ,0.  ,0.  ,0.  ,0.  ,0.  ,0.  ,0.  ,0.  ,0.  ,0.  ,0.  ,
 0.  ,0.  ,0.  ,0.  ,0.  ,0.  ,0.  ,0.1 ,0.5 ,0.99,0.99,0.99,0.55,0.15,
 0.  ,0.  ,0.  ,0.  ,0.  ,0.  ,0.  ,0.  ,0.  ,0.  ,0.  ,0.  ,0.  ,0.  ,
 0.  ,0.  ,0.  ,0.  ,0.  ,0.  ,0.  ,0.  ,0.  ,0.  ,0.  ,0.  ,0.  ,0.  ,
 0.  ,0.  ,0.  ,0.  ,0.  ,0.  ,0.  ,0.  ,0.  ,0.  ,0.  ,0.  ,0.  ,0.  ,
 0.  ,0.  ,0.  ,0.  ,0.  ,0.  ,0.  ,0.  ,0.  ,0.  ,0.  ,0.  ,0.  ,0.  ,
 0.  ,0.  ,0.  ,0.  ,0.  ,0.  ,0.  ,0.  ,0.  ,0.  ,0.  ,0.  ,0.  ,0.  ,
 0.  ,0.  ,0.  ,0.  ,0.  ,0.  ,0.  ,0.  ,0.  ,0.  ,0.  ,0.  ,0.  ,0.  ,
 0.  ,0.  ,0.  ,0.  ,0.  ,0.  ,0.  ,0.  ,0.  ,0.  ,0.  ,0.  ,0.  ,0.  ,
 0.  ,0.  ,0.  ,0.  ,0.  ,0.  ,0.  ,0.  ,0.  ,0.  ,0.  ,0.  ,0.  ,0.  ,
 0.  ,0.  ,0.  ,0.  ,0.  ,0.  ,0.  ,0.  ,0.  ,0.  ,0.  ,0.  ,0.  ,0.  ]",0,"[[-1.3498e-02,-4.8979e-03, 3.8246e-04,...,-1.1013e-02, 1.8778e-05,
   6.3096e-03],
 [-3.5537e-03,-2.9871e-03,-1.3974e-02,...,-5.6679e-03,-8.3602e-04,
   3.3509e-03],
 [-9.8223e-03,-9.9293e-03, 7.9568e-03,...,-2.7545e-03,-1.1057e-03,
   2.5672e-03],
 ...,
 [-7.8604e-03, 8.0771e-03, 1.3596e-02,...,-1.0829e-03,-1.1537e-03,
   3.9063e-03],
 [-5.7794e-03, 6.6186e-03, 1.2320e-03,..., 2.1307e-03,-6.7002e-03,
   5.2298e-03],
 [-2.5870e-03, 1.2748e-02,-2.7763e-03,...,-8.5902e-03, 7.8897e-03,
  -3.5166e-03]]","[[-0.0515, 0.0762,-0.0176,-0.0522, 0.0402, 0.0186, 0.0047,-0.0013,-0.0156,
  -0.0016]]","[ 4.4715,-2.1244,-0.9613, 0.021 ,-2.0561, 1.2452, 0.436 ,-0.4736,-0.0322,
 -0.4072]","[0.9074,0.0012,0.004 ,0.0106,0.0013,0.036 ,0.016 ,0.0065,0.01  ,0.0069]","[[0.,0.,0.,...,0.,0.,0.],
 [0.,0.,0.,...,0.,0.,0.],
 [0.,0.,0.,...,0.,0.,0.],
 ...,
 [0.,0.,0.,...,0.,0.,0.],
 [0.,0.,0.,...,0.,0.,0.],
 [0.,0.,0.,...,0.,0.,0.]]","[-0.0926, 0.0012, 0.004 , 0.0106, 0.0013, 0.036 , 0.016 , 0.0065, 0.01  ,
  0.0069]","[[ 0.0054,-0.0096, 0.0013, 0.0072,-0.0058,-0.0033,-0.0007, 0.0007, 0.0032,
   0.0017]]"
44,"[0.  ,0.  ,0.  ,0.  ,0.  ,0.  ,0.  ,0.  ,0.  ,0.  ,0.  ,0.  ,0.  ,0.  ,
 0.  ,0.  ,0.  ,0.  ,0.  ,0.  ,0.  ,0.  ,0.  ,0.  ,0.  ,0.  ,0.  ,0.  ,
 0.  ,0.  ,0.  ,0.  ,0.  ,0.  ,0.  ,0.  ,0.  ,0.  ,0.  ,0.  ,0.  ,0.  ,
 0.  ,0.  ,0.  ,0.  ,0.  ,0.  ,0.  ,0.  ,0.  ,0.  ,0.  ,0.  ,0.  ,0.  ,
 0.  ,0.  ,0.  ,0.  ,0.  ,0.  ,0.  ,0.  ,0.  ,0.  ,0.  ,0.  ,0.  ,0.  ,
 0.  ,0.  ,0.  ,0.  ,0.  ,0.  ,0.  ,0.  ,0.  ,0.  ,0.  ,0.  ,0.  ,0.  ,
 0.  ,0.  ,0.  ,0.  ,0.  ,0.  ,0.  ,0.  ,0.  ,0.  ,0.  ,0.  ,0.  ,0.  ,
 0.  ,0.  ,0.  ,0.  ,0.  ,0.  ,0.  ,0.  ,0.  ,0.  ,0.  ,0.  ,0.  ,0.  ,
 0.  ,0.  ,0.  ,0.  ,0.  ,0.  ,0.  ,0.  ,0.  ,0.  ,0.  ,0.  ,0.  ,0.  ,
 0.  ,0.2 ,0.62,0.99,0.62,0.2 ,0.  ,0.  ,0.  ,0.  ,0.  ,0.  ,0.  ,0.  ,
 0.  ,0.  ,0.  ,0.  ,0.  ,0.  ,0.  ,0.  ,0.  ,0.  ,0.  ,0.  ,0.  ,0.  ,
 0.19,0.93,0.99,0.99,0.99,0.93,0.  ,0.  ,0.  ,0.  ,0.  ,0.  ,0.  ,0.  ,
 0.  ,0.  ,0.  ,0.  ,0.  ,0.  ,0.  ,0.  ,0.  ,0.  ,0.  ,0.  ,0.  ,0.21,
 0.89,0.99,0.99,0.94,0.91,0.99,0.22,0.02,0.  ,0.  ,0.  ,0.  ,0.  ,0.  ,
 0.  ,0.  ,0.  ,0.  ,0.  ,0.  ,0.  ,0.  ,0.  ,0.  ,0.  ,0.04,0.24,0.88,
 0.99,0.99,0.99,0.79,0.33,0.99,0.99,0.48,0.  ,0.  ,0.  ,0.  ,0.  ,0.  ,
 0.  ,0.  ,0.  ,0.  ,0.  ,0.  ,0.  ,0.  ,0.  ,0.  ,0.  ,0.64,0.99,0.99,
 0.99,0.99,0.99,0.99,0.38,0.74,0.99,0.65,0.  ,0.  ,0.  ,0.  ,0.  ,0.  ,
 0.  ,0.  ,0.  ,0.  ,0.  ,0.  ,0.  ,0.  ,0.  ,0.  ,0.2 ,0.93,0.99,0.99,
 0.75,0.45,0.99,0.89,0.18,0.31,1.  ,0.66,0.  ,0.  ,0.  ,0.  ,0.  ,0.  ,
 0.  ,0.  ,0.  ,0.  ,0.  ,0.  ,0.  ,0.  ,0.  ,0.19,0.93,0.99,0.99,0.7 ,
 0.05,0.29,0.47,0.08,0.  ,0.  ,0.99,0.95,0.2 ,0.  ,0.  ,0.  ,0.  ,0.  ,
 0.  ,0.  ,0.  ,0.  ,0.  ,0.  ,0.  ,0.  ,0.15,0.65,0.99,0.91,0.82,0.33,
 0.  ,0.  ,0.  ,0.  ,0.  ,0.  ,0.99,0.99,0.65,0.  ,0.  ,0.  ,0.  ,0.  ,
 0.  ,0.  ,0.  ,0.  ,0.  ,0.  ,0.  ,0.03,0.7 ,0.99,0.94,0.28,0.07,0.11,
 0.  ,0.  ,0.  ,0.  ,0.  ,0.  ,0.99,0.99,0.76,0.  ,0.  ,0.  ,0.  ,0.  ,
 0.  ,0.  ,0.  ,0.  ,0.  ,0.  ,0.  ,0.22,0.99,0.99,0.25,0.  ,0.  ,0.  ,
 0.  ,0.  ,0.  ,0.  ,0.  ,0.  ,0.99,0.99,0.76,0.  ,0.  ,0.  ,0.  ,0.  ,
 0.  ,0.  ,0.  ,0.  ,0.  ,0.  ,0.  ,0.78,0.99,0.75,0.  ,0.  ,0.  ,0.  ,
 0.  ,0.  ,0.  ,0.  ,0.  ,0.  ,1.  ,0.99,0.77,0.  ,0.  ,0.  ,0.  ,0.  ,
 0.  ,0.  ,0.  ,0.  ,0.  ,0.  ,0.3 ,0.96,0.99,0.44,0.  ,0.  ,0.  ,0.  ,
 0.  ,0.  ,0.  ,0.  ,0.  ,0.  ,0.99,0.99,0.58,0.  ,0.  ,0.  ,0.  ,0.  ,
 0.  ,0.  ,0.  ,0.  ,0.  ,0.  ,0.33,0.99,0.9 ,0.1 ,0.  ,0.  ,0.  ,0.  ,
 0.  ,0.  ,0.  ,0.  ,0.03,0.53,0.99,0.73,0.05,0.  ,0.  ,0.  ,0.  ,0.  ,
 0.  ,0.  ,0.  ,0.  ,0.  ,0.  ,0.33,0.99,0.87,0.  ,0.  ,0.  ,0.  ,0.  ,
 0.  ,0.  ,0.  ,0.03,0.51,0.99,0.88,0.28,0.  ,0.  ,0.  ,0.  ,0.  ,0.  ,
 0.  ,0.  ,0.  ,0.  ,0.  ,0.  ,0.33,0.99,0.57,0.  ,0.  ,0.  ,0.  ,0.  ,
 0.  ,0.  ,0.19,0.65,0.99,0.68,0.  ,0.  ,0.  ,0.  ,0.  ,0.  ,0.  ,0.  ,
 0.  ,0.  ,0.  ,0.  ,0.  ,0.  ,0.34,0.99,0.88,0.  ,0.  ,0.  ,0.  ,0.  ,
 0.  ,0.45,0.93,0.99,0.64,0.  ,0.  ,0.  ,0.  ,0.  ,0.  ,0.  ,0.  ,0.  ,
 0.  ,0.  ,0.  ,0.  ,0.  ,0.  ,0.33,0.99,0.98,0.57,0.19,0.11,0.33,0.7 ,
 0.88,0.99,0.87,0.65,0.22,0.  ,0.  ,0.  ,0.  ,0.  ,0.  ,0.  ,0.  ,0.  ,
 0.  ,0.  ,0.  ,0.  ,0.  ,0.  ,0.33,0.99,0.99,0.99,0.9 ,0.84,0.99,0.99,
 0.99,0.77,0.51,0.  ,0.  ,0.  ,0.  ,0.  ,0.  ,0.  ,0.  ,0.  ,0.  ,0.  ,
 0.  ,0.  ,0.  ,0.  ,0.  ,0.  ,0.11,0.78,0.99,0.99,0.99,0.99,0.99,0.91,
 0.57,0.  ,0.  ,0.  ,0.  ,0.  ,0.  ,0.  ,0.  ,0.  ,0.  ,0.  ,0.  ,0.  ,
 0.  ,0.  ,0.  ,0.  ,0.  ,0.  ,0.  ,0.1 ,0.5 ,0.99,0.99,0.99,0.55,0.15,
 0.  ,0.  ,0.  ,0.  ,0.  ,0.  ,0.  ,0.  ,0.  ,0.  ,0.  ,0.  ,0.  ,0.  ,
 0.  ,0.  ,0.  ,0.  ,0.  ,0.  ,0.  ,0.  ,0.  ,0.  ,0.  ,0.  ,0.  ,0.  ,
 0.  ,0.  ,0.  ,0.  ,0.  ,0.  ,0.  ,0.  ,0.  ,0.  ,0.  ,0.  ,0.  ,0.  ,
 0.  ,0.  ,0.  ,0.  ,0.  ,0.  ,0.  ,0.  ,0.  ,0.  ,0.  ,0.  ,0.  ,0.  ,
 0.  ,0.  ,0.  ,0.  ,0.  ,0.  ,0.  ,0.  ,0.  ,0.  ,0.  ,0.  ,0.  ,0.  ,
 0.  ,0.  ,0.  ,0.  ,0.  ,0.  ,0.  ,0.  ,0.  ,0.  ,0.  ,0.  ,0.  ,0.  ,
 0.  ,0.  ,0.  ,0.  ,0.  ,0.  ,0.  ,0.  ,0.  ,0.  ,0.  ,0.  ,0.  ,0.  ,
 0.  ,0.  ,0.  ,0.  ,0.  ,0.  ,0.  ,0.  ,0.  ,0.  ,0.  ,0.  ,0.  ,0.  ,
 0.  ,0.  ,0.  ,0.  ,0.  ,0.  ,0.  ,0.  ,0.  ,0.  ,0.  ,0.  ,0.  ,0.  ]",0,"[[-1.3498e-02,-4.8979e-03, 3.8246e-04,...,-1.1013e-02, 1.8778e-05,
   6.3096e-03],
 [-3.5537e-03,-2.9871e-03,-1.3974e-02,...,-5.6679e-03,-8.3602e-04,
   3.3509e-03],
 [-9.8223e-03,-9.9293e-03, 7.9568e-03,...,-2.7545e-03,-1.1057e-03,
   2.5672e-03],
 ...,
 [-7.8604e-03, 8.0771e-03, 1.3596e-02,...,-1.0829e-03,-1.1537e-03,
   3.9063e-03],
 [-5.7794e-03, 6.6186e-03, 1.2320e-03,..., 2.1307e-03,-6.7002e-03,
   5.2298e-03],
 [-2.5870e-03, 1.2748e-02,-2.7763e-03,...,-8.5902e-03, 7.8897e-03,
  -3.5166e-03]]","[[-0.052 , 0.0771,-0.0177,-0.0529, 0.0408, 0.019 , 0.0048,-0.0014,-0.0159,
  -0.0017]]","[ 4.5098,-2.1486,-0.9727, 0.0245,-2.0781, 1.2589, 0.4438,-0.4776,-0.0303,
 -0.4109]","[0.9101,0.0012,0.0038,0.0103,0.0013,0.0353,0.0156,0.0062,0.0097,0.0066]","[[0.,0.,0.,...,0.,0.,0.],
 [0.,0.,0.,...,0.,0.,0.],
 [0.,0.,0.,...,0.,0.,0.],
 ...,
 [0.,0.,0.,...,0.,0.,0.],
 [0.,0.,0.,...,0.,0.,0.],
 [0.,0.,0.,...,0.,0.,0.]]","[-0.0899, 0.0012, 0.0038, 0.0103, 0.0013, 0.0353, 0.0156, 0.0062, 0.0097,
  0.0066]","[[ 0.0053,-0.0094, 0.0012, 0.007 ,-0.0058,-0.0033,-0.0007, 0.0006, 0.0032,
   0.0017]]"
45,"[0.  ,0.  ,0.  ,0.  ,0.  ,0.  ,0.  ,0.  ,0.  ,0.  ,0.  ,0.  ,0.  ,0.  ,
 0.  ,0.  ,0.  ,0.  ,0.  ,0.  ,0.  ,0.  ,0.  ,0.  ,0.  ,0.  ,0.  ,0.  ,
 0.  ,0.  ,0.  ,0.  ,0.  ,0.  ,0.  ,0.  ,0.  ,0.  ,0.  ,0.  ,0.  ,0.  ,
 0.  ,0.  ,0.  ,0.  ,0.  ,0.  ,0.  ,0.  ,0.  ,0.  ,0.  ,0.  ,0.  ,0.  ,
 0.  ,0.  ,0.  ,0.  ,0.  ,0.  ,0.  ,0.  ,0.  ,0.  ,0.  ,0.  ,0.  ,0.  ,
 0.  ,0.  ,0.  ,0.  ,0.  ,0.  ,0.  ,0.  ,0.  ,0.  ,0.  ,0.  ,0.  ,0.  ,
 0.  ,0.  ,0.  ,0.  ,0.  ,0.  ,0.  ,0.  ,0.  ,0.  ,0.  ,0.  ,0.  ,0.  ,
 0.  ,0.  ,0.  ,0.  ,0.  ,0.  ,0.  ,0.  ,0.  ,0.  ,0.  ,0.  ,0.  ,0.  ,
 0.  ,0.  ,0.  ,0.  ,0.  ,0.  ,0.  ,0.  ,0.  ,0.  ,0.  ,0.  ,0.  ,0.  ,
 0.  ,0.2 ,0.62,0.99,0.62,0.2 ,0.  ,0.  ,0.  ,0.  ,0.  ,0.  ,0.  ,0.  ,
 0.  ,0.  ,0.  ,0.  ,0.  ,0.  ,0.  ,0.  ,0.  ,0.  ,0.  ,0.  ,0.  ,0.  ,
 0.19,0.93,0.99,0.99,0.99,0.93,0.  ,0.  ,0.  ,0.  ,0.  ,0.  ,0.  ,0.  ,
 0.  ,0.  ,0.  ,0.  ,0.  ,0.  ,0.  ,0.  ,0.  ,0.  ,0.  ,0.  ,0.  ,0.21,
 0.89,0.99,0.99,0.94,0.91,0.99,0.22,0.02,0.  ,0.  ,0.  ,0.  ,0.  ,0.  ,
 0.  ,0.  ,0.  ,0.  ,0.  ,0.  ,0.  ,0.  ,0.  ,0.  ,0.  ,0.04,0.24,0.88,
 0.99,0.99,0.99,0.79,0.33,0.99,0.99,0.48,0.  ,0.  ,0.  ,0.  ,0.  ,0.  ,
 0.  ,0.  ,0.  ,0.  ,0.  ,0.  ,0.  ,0.  ,0.  ,0.  ,0.  ,0.64,0.99,0.99,
 0.99,0.99,0.99,0.99,0.38,0.74,0.99,0.65,0.  ,0.  ,0.  ,0.  ,0.  ,0.  ,
 0.  ,0.  ,0.  ,0.  ,0.  ,0.  ,0.  ,0.  ,0.  ,0.  ,0.2 ,0.93,0.99,0.99,
 0.75,0.45,0.99,0.89,0.18,0.31,1.  ,0.66,0.  ,0.  ,0.  ,0.  ,0.  ,0.  ,
 0.  ,0.  ,0.  ,0.  ,0.  ,0.  ,0.  ,0.  ,0.  ,0.19,0.93,0.99,0.99,0.7 ,
 0.05,0.29,0.47,0.08,0.  ,0.  ,0.99,0.95,0.2 ,0.  ,0.  ,0.  ,0.  ,0.  ,
 0.  ,0.  ,0.  ,0.  ,0.  ,0.  ,0.  ,0.  ,0.15,0.65,0.99,0.91,0.82,0.33,
 0.  ,0.  ,0.  ,0.  ,0.  ,0.  ,0.99,0.99,0.65,0.  ,0.  ,0.  ,0.  ,0.  ,
 0.  ,0.  ,0.  ,0.  ,0.  ,0.  ,0.  ,0.03,0.7 ,0.99,0.94,0.28,0.07,0.11,
 0.  ,0.  ,0.  ,0.  ,0.  ,0.  ,0.99,0.99,0.76,0.  ,0.  ,0.  ,0.  ,0.  ,
 0.  ,0.  ,0.  ,0.  ,0.  ,0.  ,0.  ,0.22,0.99,0.99,0.25,0.  ,0.  ,0.  ,
 0.  ,0.  ,0.  ,0.  ,0.  ,0.  ,0.99,0.99,0.76,0.  ,0.  ,0.  ,0.  ,0.  ,
 0.  ,0.  ,0.  ,0.  ,0.  ,0.  ,0.  ,0.78,0.99,0.75,0.  ,0.  ,0.  ,0.  ,
 0.  ,0.  ,0.  ,0.  ,0.  ,0.  ,1.  ,0.99,0.77,0.  ,0.  ,0.  ,0.  ,0.  ,
 0.  ,0.  ,0.  ,0.  ,0.  ,0.  ,0.3 ,0.96,0.99,0.44,0.  ,0.  ,0.  ,0.  ,
 0.  ,0.  ,0.  ,0.  ,0.  ,0.  ,0.99,0.99,0.58,0.  ,0.  ,0.  ,0.  ,0.  ,
 0.  ,0.  ,0.  ,0.  ,0.  ,0.  ,0.33,0.99,0.9 ,0.1 ,0.  ,0.  ,0.  ,0.  ,
 0.  ,0.  ,0.  ,0.  ,0.03,0.53,0.99,0.73,0.05,0.  ,0.  ,0.  ,0.  ,0.  ,
 0.  ,0.  ,0.  ,0.  ,0.  ,0.  ,0.33,0.99,0.87,0.  ,0.  ,0.  ,0.  ,0.  ,
 0.  ,0.  ,0.  ,0.03,0.51,0.99,0.88,0.28,0.  ,0.  ,0.  ,0.  ,0.  ,0.  ,
 0.  ,0.  ,0.  ,0.  ,0.  ,0.  ,0.33,0.99,0.57,0.  ,0.  ,0.  ,0.  ,0.  ,
 0.  ,0.  ,0.19,0.65,0.99,0.68,0.  ,0.  ,0.  ,0.  ,0.  ,0.  ,0.  ,0.  ,
 0.  ,0.  ,0.  ,0.  ,0.  ,0.  ,0.34,0.99,0.88,0.  ,0.  ,0.  ,0.  ,0.  ,
 0.  ,0.45,0.93,0.99,0.64,0.  ,0.  ,0.  ,0.  ,0.  ,0.  ,0.  ,0.  ,0.  ,
 0.  ,0.  ,0.  ,0.  ,0.  ,0.  ,0.33,0.99,0.98,0.57,0.19,0.11,0.33,0.7 ,
 0.88,0.99,0.87,0.65,0.22,0.  ,0.  ,0.  ,0.  ,0.  ,0.  ,0.  ,0.  ,0.  ,
 0.  ,0.  ,0.  ,0.  ,0.  ,0.  ,0.33,0.99,0.99,0.99,0.9 ,0.84,0.99,0.99,
 0.99,0.77,0.51,0.  ,0.  ,0.  ,0.  ,0.  ,0.  ,0.  ,0.  ,0.  ,0.  ,0.  ,
 0.  ,0.  ,0.  ,0.  ,0.  ,0.  ,0.11,0.78,0.99,0.99,0.99,0.99,0.99,0.91,
 0.57,0.  ,0.  ,0.  ,0.  ,0.  ,0.  ,0.  ,0.  ,0.  ,0.  ,0.  ,0.  ,0.  ,
 0.  ,0.  ,0.  ,0.  ,0.  ,0.  ,0.  ,0.1 ,0.5 ,0.99,0.99,0.99,0.55,0.15,
 0.  ,0.  ,0.  ,0.  ,0.  ,0.  ,0.  ,0.  ,0.  ,0.  ,0.  ,0.  ,0.  ,0.  ,
 0.  ,0.  ,0.  ,0.  ,0.  ,0.  ,0.  ,0.  ,0.  ,0.  ,0.  ,0.  ,0.  ,0.  ,
 0.  ,0.  ,0.  ,0.  ,0.  ,0.  ,0.  ,0.  ,0.  ,0.  ,0.  ,0.  ,0.  ,0.  ,
 0.  ,0.  ,0.  ,0.  ,0.  ,0.  ,0.  ,0.  ,0.  ,0.  ,0.  ,0.  ,0.  ,0.  ,
 0.  ,0.  ,0.  ,0.  ,0.  ,0.  ,0.  ,0.  ,0.  ,0.  ,0.  ,0.  ,0.  ,0.  ,
 0.  ,0.  ,0.  ,0.  ,0.  ,0.  ,0.  ,0.  ,0.  ,0.  ,0.  ,0.  ,0.  ,0.  ,
 0.  ,0.  ,0.  ,0.  ,0.  ,0.  ,0.  ,0.  ,0.  ,0.  ,0.  ,0.  ,0.  ,0.  ,
 0.  ,0.  ,0.  ,0.  ,0.  ,0.  ,0.  ,0.  ,0.  ,0.  ,0.  ,0.  ,0.  ,0.  ,
 0.  ,0.  ,0.  ,0.  ,0.  ,0.  ,0.  ,0.  ,0.  ,0.  ,0.  ,0.  ,0.  ,0.  ]",0,"[[-1.3498e-02,-4.8979e-03, 3.8246e-04,...,-1.1013e-02, 1.8778e-05,
   6.3096e-03],
 [-3.5537e-03,-2.9871e-03,-1.3974e-02,...,-5.6679e-03,-8.3602e-04,
   3.3509e-03],
 [-9.8223e-03,-9.9293e-03, 7.9568e-03,...,-2.7545e-03,-1.1057e-03,
   2.5672e-03],
 ...,
 [-7.8604e-03, 8.0771e-03, 1.3596e-02,...,-1.0829e-03,-1.1537e-03,
   3.9063e-03],
 [-5.7794e-03, 6.6186e-03, 1.2320e-03,..., 2.1307e-03,-6.7002e-03,
   5.2298e-03],
 [-2.5870e-03, 1.2748e-02,-2.7763e-03,...,-8.5902e-03, 7.8897e-03,
  -3.5166e-03]]","[[-0.0525, 0.078 ,-0.0178,-0.0536, 0.0414, 0.0193, 0.0049,-0.0014,-0.0162,
  -0.0019]]","[ 4.5472,-2.1723,-0.9838, 0.0279,-2.0996, 1.2724, 0.4515,-0.4815,-0.0284,
 -0.4145]","[0.9127,0.0011,0.0036,0.0099,0.0012,0.0345,0.0152,0.006 ,0.0094,0.0064]","[[0.,0.,0.,...,0.,0.,0.],
 [0.,0.,0.,...,0.,0.,0.],
 [0.,0.,0.,...,0.,0.,0.],
 ...,
 [0.,0.,0.,...,0.,0.,0.],
 [0.,0.,0.,...,0.,0.,0.],
 [0.,0.,0.,...,0.,0.,0.]]","[-0.0873, 0.0011, 0.0036, 0.0099, 0.0012, 0.0345, 0.0152, 0.006 , 0.0094,
  0.0064]","[[ 0.0051,-0.0092, 0.0011, 0.0069,-0.0057,-0.0032,-0.0007, 0.0006, 0.0031,
   0.0017]]"
46,"[0.  ,0.  ,0.  ,0.  ,0.  ,0.  ,0.  ,0.  ,0.  ,0.  ,0.  ,0.  ,0.  ,0.  ,
 0.  ,0.  ,0.  ,0.  ,0.  ,0.  ,0.  ,0.  ,0.  ,0.  ,0.  ,0.  ,0.  ,0.  ,
 0.  ,0.  ,0.  ,0.  ,0.  ,0.  ,0.  ,0.  ,0.  ,0.  ,0.  ,0.  ,0.  ,0.  ,
 0.  ,0.  ,0.  ,0.  ,0.  ,0.  ,0.  ,0.  ,0.  ,0.  ,0.  ,0.  ,0.  ,0.  ,
 0.  ,0.  ,0.  ,0.  ,0.  ,0.  ,0.  ,0.  ,0.  ,0.  ,0.  ,0.  ,0.  ,0.  ,
 0.  ,0.  ,0.  ,0.  ,0.  ,0.  ,0.  ,0.  ,0.  ,0.  ,0.  ,0.  ,0.  ,0.  ,
 0.  ,0.  ,0.  ,0.  ,0.  ,0.  ,0.  ,0.  ,0.  ,0.  ,0.  ,0.  ,0.  ,0.  ,
 0.  ,0.  ,0.  ,0.  ,0.  ,0.  ,0.  ,0.  ,0.  ,0.  ,0.  ,0.  ,0.  ,0.  ,
 0.  ,0.  ,0.  ,0.  ,0.  ,0.  ,0.  ,0.  ,0.  ,0.  ,0.  ,0.  ,0.  ,0.  ,
 0.  ,0.2 ,0.62,0.99,0.62,0.2 ,0.  ,0.  ,0.  ,0.  ,0.  ,0.  ,0.  ,0.  ,
 0.  ,0.  ,0.  ,0.  ,0.  ,0.  ,0.  ,0.  ,0.  ,0.  ,0.  ,0.  ,0.  ,0.  ,
 0.19,0.93,0.99,0.99,0.99,0.93,0.  ,0.  ,0.  ,0.  ,0.  ,0.  ,0.  ,0.  ,
 0.  ,0.  ,0.  ,0.  ,0.  ,0.  ,0.  ,0.  ,0.  ,0.  ,0.  ,0.  ,0.  ,0.21,
 0.89,0.99,0.99,0.94,0.91,0.99,0.22,0.02,0.  ,0.  ,0.  ,0.  ,0.  ,0.  ,
 0.  ,0.  ,0.  ,0.  ,0.  ,0.  ,0.  ,0.  ,0.  ,0.  ,0.  ,0.04,0.24,0.88,
 0.99,0.99,0.99,0.79,0.33,0.99,0.99,0.48,0.  ,0.  ,0.  ,0.  ,0.  ,0.  ,
 0.  ,0.  ,0.  ,0.  ,0.  ,0.  ,0.  ,0.  ,0.  ,0.  ,0.  ,0.64,0.99,0.99,
 0.99,0.99,0.99,0.99,0.38,0.74,0.99,0.65,0.  ,0.  ,0.  ,0.  ,0.  ,0.  ,
 0.  ,0.  ,0.  ,0.  ,0.  ,0.  ,0.  ,0.  ,0.  ,0.  ,0.2 ,0.93,0.99,0.99,
 0.75,0.45,0.99,0.89,0.18,0.31,1.  ,0.66,0.  ,0.  ,0.  ,0.  ,0.  ,0.  ,
 0.  ,0.  ,0.  ,0.  ,0.  ,0.  ,0.  ,0.  ,0.  ,0.19,0.93,0.99,0.99,0.7 ,
 0.05,0.29,0.47,0.08,0.  ,0.  ,0.99,0.95,0.2 ,0.  ,0.  ,0.  ,0.  ,0.  ,
 0.  ,0.  ,0.  ,0.  ,0.  ,0.  ,0.  ,0.  ,0.15,0.65,0.99,0.91,0.82,0.33,
 0.  ,0.  ,0.  ,0.  ,0.  ,0.  ,0.99,0.99,0.65,0.  ,0.  ,0.  ,0.  ,0.  ,
 0.  ,0.  ,0.  ,0.  ,0.  ,0.  ,0.  ,0.03,0.7 ,0.99,0.94,0.28,0.07,0.11,
 0.  ,0.  ,0.  ,0.  ,0.  ,0.  ,0.99,0.99,0.76,0.  ,0.  ,0.  ,0.  ,0.  ,
 0.  ,0.  ,0.  ,0.  ,0.  ,0.  ,0.  ,0.22,0.99,0.99,0.25,0.  ,0.  ,0.  ,
 0.  ,0.  ,0.  ,0.  ,0.  ,0.  ,0.99,0.99,0.76,0.  ,0.  ,0.  ,0.  ,0.  ,
 0.  ,0.  ,0.  ,0.  ,0.  ,0.  ,0.  ,0.78,0.99,0.75,0.  ,0.  ,0.  ,0.  ,
 0.  ,0.  ,0.  ,0.  ,0.  ,0.  ,1.  ,0.99,0.77,0.  ,0.  ,0.  ,0.  ,0.  ,
 0.  ,0.  ,0.  ,0.  ,0.  ,0.  ,0.3 ,0.96,0.99,0.44,0.  ,0.  ,0.  ,0.  ,
 0.  ,0.  ,0.  ,0.  ,0.  ,0.  ,0.99,0.99,0.58,0.  ,0.  ,0.  ,0.  ,0.  ,
 0.  ,0.  ,0.  ,0.  ,0.  ,0.  ,0.33,0.99,0.9 ,0.1 ,0.  ,0.  ,0.  ,0.  ,
 0.  ,0.  ,0.  ,0.  ,0.03,0.53,0.99,0.73,0.05,0.  ,0.  ,0.  ,0.  ,0.  ,
 0.  ,0.  ,0.  ,0.  ,0.  ,0.  ,0.33,0.99,0.87,0.  ,0.  ,0.  ,0.  ,0.  ,
 0.  ,0.  ,0.  ,0.03,0.51,0.99,0.88,0.28,0.  ,0.  ,0.  ,0.  ,0.  ,0.  ,
 0.  ,0.  ,0.  ,0.  ,0.  ,0.  ,0.33,0.99,0.57,0.  ,0.  ,0.  ,0.  ,0.  ,
 0.  ,0.  ,0.19,0.65,0.99,0.68,0.  ,0.  ,0.  ,0.  ,0.  ,0.  ,0.  ,0.  ,
 0.  ,0.  ,0.  ,0.  ,0.  ,0.  ,0.34,0.99,0.88,0.  ,0.  ,0.  ,0.  ,0.  ,
 0.  ,0.45,0.93,0.99,0.64,0.  ,0.  ,0.  ,0.  ,0.  ,0.  ,0.  ,0.  ,0.  ,
 0.  ,0.  ,0.  ,0.  ,0.  ,0.  ,0.33,0.99,0.98,0.57,0.19,0.11,0.33,0.7 ,
 0.88,0.99,0.87,0.65,0.22,0.  ,0.  ,0.  ,0.  ,0.  ,0.  ,0.  ,0.  ,0.  ,
 0.  ,0.  ,0.  ,0.  ,0.  ,0.  ,0.33,0.99,0.99,0.99,0.9 ,0.84,0.99,0.99,
 0.99,0.77,0.51,0.  ,0.  ,0.  ,0.  ,0.  ,0.  ,0.  ,0.  ,0.  ,0.  ,0.  ,
 0.  ,0.  ,0.  ,0.  ,0.  ,0.  ,0.11,0.78,0.99,0.99,0.99,0.99,0.99,0.91,
 0.57,0.  ,0.  ,0.  ,0.  ,0.  ,0.  ,0.  ,0.  ,0.  ,0.  ,0.  ,0.  ,0.  ,
 0.  ,0.  ,0.  ,0.  ,0.  ,0.  ,0.  ,0.1 ,0.5 ,0.99,0.99,0.99,0.55,0.15,
 0.  ,0.  ,0.  ,0.  ,0.  ,0.  ,0.  ,0.  ,0.  ,0.  ,0.  ,0.  ,0.  ,0.  ,
 0.  ,0.  ,0.  ,0.  ,0.  ,0.  ,0.  ,0.  ,0.  ,0.  ,0.  ,0.  ,0.  ,0.  ,
 0.  ,0.  ,0.  ,0.  ,0.  ,0.  ,0.  ,0.  ,0.  ,0.  ,0.  ,0.  ,0.  ,0.  ,
 0.  ,0.  ,0.  ,0.  ,0.  ,0.  ,0.  ,0.  ,0.  ,0.  ,0.  ,0.  ,0.  ,0.  ,
 0.  ,0.  ,0.  ,0.  ,0.  ,0.  ,0.  ,0.  ,0.  ,0.  ,0.  ,0.  ,0.  ,0.  ,
 0.  ,0.  ,0.  ,0.  ,0.  ,0.  ,0.  ,0.  ,0.  ,0.  ,0.  ,0.  ,0.  ,0.  ,
 0.  ,0.  ,0.  ,0.  ,0.  ,0.  ,0.  ,0.  ,0.  ,0.  ,0.  ,0.  ,0.  ,0.  ,
 0.  ,0.  ,0.  ,0.  ,0.  ,0.  ,0.  ,0.  ,0.  ,0.  ,0.  ,0.  ,0.  ,0.  ,
 0.  ,0.  ,0.  ,0.  ,0.  ,0.  ,0.  ,0.  ,0.  ,0.  ,0.  ,0.  ,0.  ,0.  ]",0,"[[-1.3498e-02,-4.8979e-03, 3.8246e-04,...,-1.1013e-02, 1.8778e-05,
   6.3096e-03],
 [-3.5537e-03,-2.9871e-03,-1.3974e-02,...,-5.6679e-03,-8.3602e-04,
   3.3509e-03],
 [-9.8223e-03,-9.9293e-03, 7.9568e-03,...,-2.7545e-03,-1.1057e-03,
   2.5672e-03],
 ...,
 [-7.8604e-03, 8.0771e-03, 1.3596e-02,...,-1.0829e-03,-1.1537e-03,
   3.9063e-03],
 [-5.7794e-03, 6.6186e-03, 1.2320e-03,..., 2.1307e-03,-6.7002e-03,
   5.2298e-03],
 [-2.5870e-03, 1.2748e-02,-2.7763e-03,...,-8.5902e-03, 7.8897e-03,
  -3.5166e-03]]","[[-0.053 , 0.0789,-0.018 ,-0.0543, 0.0419, 0.0196, 0.0049,-0.0015,-0.0166,
  -0.0021]]","[ 4.5838,-2.1955,-0.9948, 0.0314,-2.1207, 1.2855, 0.4592,-0.4853,-0.0266,
 -0.4182]","[0.9151,0.001 ,0.0035,0.0096,0.0011,0.0338,0.0148,0.0058,0.0091,0.0062]","[[0.,0.,0.,...,0.,0.,0.],
 [0.,0.,0.,...,0.,0.,0.],
 [0.,0.,0.,...,0.,0.,0.],
 ...,
 [0.,0.,0.,...,0.,0.,0.],
 [0.,0.,0.,...,0.,0.,0.],
 [0.,0.,0.,...,0.,0.,0.]]","[-0.0849, 0.001 , 0.0035, 0.0096, 0.0011, 0.0338, 0.0148, 0.0058, 0.0091,
  0.0062]","[[ 0.005 ,-0.009 , 0.0011, 0.0068,-0.0056,-0.0032,-0.0006, 0.0006, 0.0031,
   0.0018]]"
47,"[0.  ,0.  ,0.  ,0.  ,0.  ,0.  ,0.  ,0.  ,0.  ,0.  ,0.  ,0.  ,0.  ,0.  ,
 0.  ,0.  ,0.  ,0.  ,0.  ,0.  ,0.  ,0.  ,0.  ,0.  ,0.  ,0.  ,0.  ,0.  ,
 0.  ,0.  ,0.  ,0.  ,0.  ,0.  ,0.  ,0.  ,0.  ,0.  ,0.  ,0.  ,0.  ,0.  ,
 0.  ,0.  ,0.  ,0.  ,0.  ,0.  ,0.  ,0.  ,0.  ,0.  ,0.  ,0.  ,0.  ,0.  ,
 0.  ,0.  ,0.  ,0.  ,0.  ,0.  ,0.  ,0.  ,0.  ,0.  ,0.  ,0.  ,0.  ,0.  ,
 0.  ,0.  ,0.  ,0.  ,0.  ,0.  ,0.  ,0.  ,0.  ,0.  ,0.  ,0.  ,0.  ,0.  ,
 0.  ,0.  ,0.  ,0.  ,0.  ,0.  ,0.  ,0.  ,0.  ,0.  ,0.  ,0.  ,0.  ,0.  ,
 0.  ,0.  ,0.  ,0.  ,0.  ,0.  ,0.  ,0.  ,0.  ,0.  ,0.  ,0.  ,0.  ,0.  ,
 0.  ,0.  ,0.  ,0.  ,0.  ,0.  ,0.  ,0.  ,0.  ,0.  ,0.  ,0.  ,0.  ,0.  ,
 0.  ,0.2 ,0.62,0.99,0.62,0.2 ,0.  ,0.  ,0.  ,0.  ,0.  ,0.  ,0.  ,0.  ,
 0.  ,0.  ,0.  ,0.  ,0.  ,0.  ,0.  ,0.  ,0.  ,0.  ,0.  ,0.  ,0.  ,0.  ,
 0.19,0.93,0.99,0.99,0.99,0.93,0.  ,0.  ,0.  ,0.  ,0.  ,0.  ,0.  ,0.  ,
 0.  ,0.  ,0.  ,0.  ,0.  ,0.  ,0.  ,0.  ,0.  ,0.  ,0.  ,0.  ,0.  ,0.21,
 0.89,0.99,0.99,0.94,0.91,0.99,0.22,0.02,0.  ,0.  ,0.  ,0.  ,0.  ,0.  ,
 0.  ,0.  ,0.  ,0.  ,0.  ,0.  ,0.  ,0.  ,0.  ,0.  ,0.  ,0.04,0.24,0.88,
 0.99,0.99,0.99,0.79,0.33,0.99,0.99,0.48,0.  ,0.  ,0.  ,0.  ,0.  ,0.  ,
 0.  ,0.  ,0.  ,0.  ,0.  ,0.  ,0.  ,0.  ,0.  ,0.  ,0.  ,0.64,0.99,0.99,
 0.99,0.99,0.99,0.99,0.38,0.74,0.99,0.65,0.  ,0.  ,0.  ,0.  ,0.  ,0.  ,
 0.  ,0.  ,0.  ,0.  ,0.  ,0.  ,0.  ,0.  ,0.  ,0.  ,0.2 ,0.93,0.99,0.99,
 0.75,0.45,0.99,0.89,0.18,0.31,1.  ,0.66,0.  ,0.  ,0.  ,0.  ,0.  ,0.  ,
 0.  ,0.  ,0.  ,0.  ,0.  ,0.  ,0.  ,0.  ,0.  ,0.19,0.93,0.99,0.99,0.7 ,
 0.05,0.29,0.47,0.08,0.  ,0.  ,0.99,0.95,0.2 ,0.  ,0.  ,0.  ,0.  ,0.  ,
 0.  ,0.  ,0.  ,0.  ,0.  ,0.  ,0.  ,0.  ,0.15,0.65,0.99,0.91,0.82,0.33,
 0.  ,0.  ,0.  ,0.  ,0.  ,0.  ,0.99,0.99,0.65,0.  ,0.  ,0.  ,0.  ,0.  ,
 0.  ,0.  ,0.  ,0.  ,0.  ,0.  ,0.  ,0.03,0.7 ,0.99,0.94,0.28,0.07,0.11,
 0.  ,0.  ,0.  ,0.  ,0.  ,0.  ,0.99,0.99,0.76,0.  ,0.  ,0.  ,0.  ,0.  ,
 0.  ,0.  ,0.  ,0.  ,0.  ,0.  ,0.  ,0.22,0.99,0.99,0.25,0.  ,0.  ,0.  ,
 0.  ,0.  ,0.  ,0.  ,0.  ,0.  ,0.99,0.99,0.76,0.  ,0.  ,0.  ,0.  ,0.  ,
 0.  ,0.  ,0.  ,0.  ,0.  ,0.  ,0.  ,0.78,0.99,0.75,0.  ,0.  ,0.  ,0.  ,
 0.  ,0.  ,0.  ,0.  ,0.  ,0.  ,1.  ,0.99,0.77,0.  ,0.  ,0.  ,0.  ,0.  ,
 0.  ,0.  ,0.  ,0.  ,0.  ,0.  ,0.3 ,0.96,0.99,0.44,0.  ,0.  ,0.  ,0.  ,
 0.  ,0.  ,0.  ,0.  ,0.  ,0.  ,0.99,0.99,0.58,0.  ,0.  ,0.  ,0.  ,0.  ,
 0.  ,0.  ,0.  ,0.  ,0.  ,0.  ,0.33,0.99,0.9 ,0.1 ,0.  ,0.  ,0.  ,0.  ,
 0.  ,0.  ,0.  ,0.  ,0.03,0.53,0.99,0.73,0.05,0.  ,0.  ,0.  ,0.  ,0.  ,
 0.  ,0.  ,0.  ,0.  ,0.  ,0.  ,0.33,0.99,0.87,0.  ,0.  ,0.  ,0.  ,0.  ,
 0.  ,0.  ,0.  ,0.03,0.51,0.99,0.88,0.28,0.  ,0.  ,0.  ,0.  ,0.  ,0.  ,
 0.  ,0.  ,0.  ,0.  ,0.  ,0.  ,0.33,0.99,0.57,0.  ,0.  ,0.  ,0.  ,0.  ,
 0.  ,0.  ,0.19,0.65,0.99,0.68,0.  ,0.  ,0.  ,0.  ,0.  ,0.  ,0.  ,0.  ,
 0.  ,0.  ,0.  ,0.  ,0.  ,0.  ,0.34,0.99,0.88,0.  ,0.  ,0.  ,0.  ,0.  ,
 0.  ,0.45,0.93,0.99,0.64,0.  ,0.  ,0.  ,0.  ,0.  ,0.  ,0.  ,0.  ,0.  ,
 0.  ,0.  ,0.  ,0.  ,0.  ,0.  ,0.33,0.99,0.98,0.57,0.19,0.11,0.33,0.7 ,
 0.88,0.99,0.87,0.65,0.22,0.  ,0.  ,0.  ,0.  ,0.  ,0.  ,0.  ,0.  ,0.  ,
 0.  ,0.  ,0.  ,0.  ,0.  ,0.  ,0.33,0.99,0.99,0.99,0.9 ,0.84,0.99,0.99,
 0.99,0.77,0.51,0.  ,0.  ,0.  ,0.  ,0.  ,0.  ,0.  ,0.  ,0.  ,0.  ,0.  ,
 0.  ,0.  ,0.  ,0.  ,0.  ,0.  ,0.11,0.78,0.99,0.99,0.99,0.99,0.99,0.91,
 0.57,0.  ,0.  ,0.  ,0.  ,0.  ,0.  ,0.  ,0.  ,0.  ,0.  ,0.  ,0.  ,0.  ,
 0.  ,0.  ,0.  ,0.  ,0.  ,0.  ,0.  ,0.1 ,0.5 ,0.99,0.99,0.99,0.55,0.15,
 0.  ,0.  ,0.  ,0.  ,0.  ,0.  ,0.  ,0.  ,0.  ,0.  ,0.  ,0.  ,0.  ,0.  ,
 0.  ,0.  ,0.  ,0.  ,0.  ,0.  ,0.  ,0.  ,0.  ,0.  ,0.  ,0.  ,0.  ,0.  ,
 0.  ,0.  ,0.  ,0.  ,0.  ,0.  ,0.  ,0.  ,0.  ,0.  ,0.  ,0.  ,0.  ,0.  ,
 0.  ,0.  ,0.  ,0.  ,0.  ,0.  ,0.  ,0.  ,0.  ,0.  ,0.  ,0.  ,0.  ,0.  ,
 0.  ,0.  ,0.  ,0.  ,0.  ,0.  ,0.  ,0.  ,0.  ,0.  ,0.  ,0.  ,0.  ,0.  ,
 0.  ,0.  ,0.  ,0.  ,0.  ,0.  ,0.  ,0.  ,0.  ,0.  ,0.  ,0.  ,0.  ,0.  ,
 0.  ,0.  ,0.  ,0.  ,0.  ,0.  ,0.  ,0.  ,0.  ,0.  ,0.  ,0.  ,0.  ,0.  ,
 0.  ,0.  ,0.  ,0.  ,0.  ,0.  ,0.  ,0.  ,0.  ,0.  ,0.  ,0.  ,0.  ,0.  ,
 0.  ,0.  ,0.  ,0.  ,0.  ,0.  ,0.  ,0.  ,0.  ,0.  ,0.  ,0.  ,0.  ,0.  ]",0,"[[-1.3498e-02,-4.8979e-03, 3.8246e-04,...,-1.1013e-02, 1.8778e-05,
   6.3096e-03],
 [-3.5537e-03,-2.9871e-03,-1.3974e-02,...,-5.6679e-03,-8.3602e-04,
   3.3509e-03],
 [-9.8223e-03,-9.9293e-03, 7.9568e-03,...,-2.7545e-03,-1.1057e-03,
   2.5672e-03],
 ...,
 [-7.8604e-03, 8.0771e-03, 1.3596e-02,...,-1.0829e-03,-1.1537e-03,
   3.9063e-03],
 [-5.7794e-03, 6.6186e-03, 1.2320e-03,..., 2.1307e-03,-6.7002e-03,
   5.2298e-03],
 [-2.5870e-03, 1.2748e-02,-2.7763e-03,...,-8.5902e-03, 7.8897e-03,
  -3.5166e-03]]","[[-0.0535, 0.0798,-0.0181,-0.055 , 0.0425, 0.0199, 0.005 ,-0.0016,-0.0169,
  -0.0023]]","[ 4.6197,-2.2182,-1.0056, 0.035 ,-2.1413, 1.2983, 0.4668,-0.489 ,-0.025 ,
 -0.4217]","[0.9174,0.001 ,0.0033,0.0094,0.0011,0.0331,0.0144,0.0055,0.0088,0.0059]","[[0.,0.,0.,...,0.,0.,0.],
 [0.,0.,0.,...,0.,0.,0.],
 [0.,0.,0.,...,0.,0.,0.],
 ...,
 [0.,0.,0.,...,0.,0.,0.],
 [0.,0.,0.,...,0.,0.,0.],
 [0.,0.,0.,...,0.,0.,0.]]","[-0.0826, 0.001 , 0.0033, 0.0094, 0.0011, 0.0331, 0.0144, 0.0055, 0.0088,
  0.0059]","[[ 0.0049,-0.0088, 0.001 , 0.0067,-0.0055,-0.0031,-0.0006, 0.0006, 0.0031,
   0.0018]]"
48,"[0.  ,0.  ,0.  ,0.  ,0.  ,0.  ,0.  ,0.  ,0.  ,0.  ,0.  ,0.  ,0.  ,0.  ,
 0.  ,0.  ,0.  ,0.  ,0.  ,0.  ,0.  ,0.  ,0.  ,0.  ,0.  ,0.  ,0.  ,0.  ,
 0.  ,0.  ,0.  ,0.  ,0.  ,0.  ,0.  ,0.  ,0.  ,0.  ,0.  ,0.  ,0.  ,0.  ,
 0.  ,0.  ,0.  ,0.  ,0.  ,0.  ,0.  ,0.  ,0.  ,0.  ,0.  ,0.  ,0.  ,0.  ,
 0.  ,0.  ,0.  ,0.  ,0.  ,0.  ,0.  ,0.  ,0.  ,0.  ,0.  ,0.  ,0.  ,0.  ,
 0.  ,0.  ,0.  ,0.  ,0.  ,0.  ,0.  ,0.  ,0.  ,0.  ,0.  ,0.  ,0.  ,0.  ,
 0.  ,0.  ,0.  ,0.  ,0.  ,0.  ,0.  ,0.  ,0.  ,0.  ,0.  ,0.  ,0.  ,0.  ,
 0.  ,0.  ,0.  ,0.  ,0.  ,0.  ,0.  ,0.  ,0.  ,0.  ,0.  ,0.  ,0.  ,0.  ,
 0.  ,0.  ,0.  ,0.  ,0.  ,0.  ,0.  ,0.  ,0.  ,0.  ,0.  ,0.  ,0.  ,0.  ,
 0.  ,0.2 ,0.62,0.99,0.62,0.2 ,0.  ,0.  ,0.  ,0.  ,0.  ,0.  ,0.  ,0.  ,
 0.  ,0.  ,0.  ,0.  ,0.  ,0.  ,0.  ,0.  ,0.  ,0.  ,0.  ,0.  ,0.  ,0.  ,
 0.19,0.93,0.99,0.99,0.99,0.93,0.  ,0.  ,0.  ,0.  ,0.  ,0.  ,0.  ,0.  ,
 0.  ,0.  ,0.  ,0.  ,0.  ,0.  ,0.  ,0.  ,0.  ,0.  ,0.  ,0.  ,0.  ,0.21,
 0.89,0.99,0.99,0.94,0.91,0.99,0.22,0.02,0.  ,0.  ,0.  ,0.  ,0.  ,0.  ,
 0.  ,0.  ,0.  ,0.  ,0.  ,0.  ,0.  ,0.  ,0.  ,0.  ,0.  ,0.04,0.24,0.88,
 0.99,0.99,0.99,0.79,0.33,0.99,0.99,0.48,0.  ,0.  ,0.  ,0.  ,0.  ,0.  ,
 0.  ,0.  ,0.  ,0.  ,0.  ,0.  ,0.  ,0.  ,0.  ,0.  ,0.  ,0.64,0.99,0.99,
 0.99,0.99,0.99,0.99,0.38,0.74,0.99,0.65,0.  ,0.  ,0.  ,0.  ,0.  ,0.  ,
 0.  ,0.  ,0.  ,0.  ,0.  ,0.  ,0.  ,0.  ,0.  ,0.  ,0.2 ,0.93,0.99,0.99,
 0.75,0.45,0.99,0.89,0.18,0.31,1.  ,0.66,0.  ,0.  ,0.  ,0.  ,0.  ,0.  ,
 0.  ,0.  ,0.  ,0.  ,0.  ,0.  ,0.  ,0.  ,0.  ,0.19,0.93,0.99,0.99,0.7 ,
 0.05,0.29,0.47,0.08,0.  ,0.  ,0.99,0.95,0.2 ,0.  ,0.  ,0.  ,0.  ,0.  ,
 0.  ,0.  ,0.  ,0.  ,0.  ,0.  ,0.  ,0.  ,0.15,0.65,0.99,0.91,0.82,0.33,
 0.  ,0.  ,0.  ,0.  ,0.  ,0.  ,0.99,0.99,0.65,0.  ,0.  ,0.  ,0.  ,0.  ,
 0.  ,0.  ,0.  ,0.  ,0.  ,0.  ,0.  ,0.03,0.7 ,0.99,0.94,0.28,0.07,0.11,
 0.  ,0.  ,0.  ,0.  ,0.  ,0.  ,0.99,0.99,0.76,0.  ,0.  ,0.  ,0.  ,0.  ,
 0.  ,0.  ,0.  ,0.  ,0.  ,0.  ,0.  ,0.22,0.99,0.99,0.25,0.  ,0.  ,0.  ,
 0.  ,0.  ,0.  ,0.  ,0.  ,0.  ,0.99,0.99,0.76,0.  ,0.  ,0.  ,0.  ,0.  ,
 0.  ,0.  ,0.  ,0.  ,0.  ,0.  ,0.  ,0.78,0.99,0.75,0.  ,0.  ,0.  ,0.  ,
 0.  ,0.  ,0.  ,0.  ,0.  ,0.  ,1.  ,0.99,0.77,0.  ,0.  ,0.  ,0.  ,0.  ,
 0.  ,0.  ,0.  ,0.  ,0.  ,0.  ,0.3 ,0.96,0.99,0.44,0.  ,0.  ,0.  ,0.  ,
 0.  ,0.  ,0.  ,0.  ,0.  ,0.  ,0.99,0.99,0.58,0.  ,0.  ,0.  ,0.  ,0.  ,
 0.  ,0.  ,0.  ,0.  ,0.  ,0.  ,0.33,0.99,0.9 ,0.1 ,0.  ,0.  ,0.  ,0.  ,
 0.  ,0.  ,0.  ,0.  ,0.03,0.53,0.99,0.73,0.05,0.  ,0.  ,0.  ,0.  ,0.  ,
 0.  ,0.  ,0.  ,0.  ,0.  ,0.  ,0.33,0.99,0.87,0.  ,0.  ,0.  ,0.  ,0.  ,
 0.  ,0.  ,0.  ,0.03,0.51,0.99,0.88,0.28,0.  ,0.  ,0.  ,0.  ,0.  ,0.  ,
 0.  ,0.  ,0.  ,0.  ,0.  ,0.  ,0.33,0.99,0.57,0.  ,0.  ,0.  ,0.  ,0.  ,
 0.  ,0.  ,0.19,0.65,0.99,0.68,0.  ,0.  ,0.  ,0.  ,0.  ,0.  ,0.  ,0.  ,
 0.  ,0.  ,0.  ,0.  ,0.  ,0.  ,0.34,0.99,0.88,0.  ,0.  ,0.  ,0.  ,0.  ,
 0.  ,0.45,0.93,0.99,0.64,0.  ,0.  ,0.  ,0.  ,0.  ,0.  ,0.  ,0.  ,0.  ,
 0.  ,0.  ,0.  ,0.  ,0.  ,0.  ,0.33,0.99,0.98,0.57,0.19,0.11,0.33,0.7 ,
 0.88,0.99,0.87,0.65,0.22,0.  ,0.  ,0.  ,0.  ,0.  ,0.  ,0.  ,0.  ,0.  ,
 0.  ,0.  ,0.  ,0.  ,0.  ,0.  ,0.33,0.99,0.99,0.99,0.9 ,0.84,0.99,0.99,
 0.99,0.77,0.51,0.  ,0.  ,0.  ,0.  ,0.  ,0.  ,0.  ,0.  ,0.  ,0.  ,0.  ,
 0.  ,0.  ,0.  ,0.  ,0.  ,0.  ,0.11,0.78,0.99,0.99,0.99,0.99,0.99,0.91,
 0.57,0.  ,0.  ,0.  ,0.  ,0.  ,0.  ,0.  ,0.  ,0.  ,0.  ,0.  ,0.  ,0.  ,
 0.  ,0.  ,0.  ,0.  ,0.  ,0.  ,0.  ,0.1 ,0.5 ,0.99,0.99,0.99,0.55,0.15,
 0.  ,0.  ,0.  ,0.  ,0.  ,0.  ,0.  ,0.  ,0.  ,0.  ,0.  ,0.  ,0.  ,0.  ,
 0.  ,0.  ,0.  ,0.  ,0.  ,0.  ,0.  ,0.  ,0.  ,0.  ,0.  ,0.  ,0.  ,0.  ,
 0.  ,0.  ,0.  ,0.  ,0.  ,0.  ,0.  ,0.  ,0.  ,0.  ,0.  ,0.  ,0.  ,0.  ,
 0.  ,0.  ,0.  ,0.  ,0.  ,0.  ,0.  ,0.  ,0.  ,0.  ,0.  ,0.  ,0.  ,0.  ,
 0.  ,0.  ,0.  ,0.  ,0.  ,0.  ,0.  ,0.  ,0.  ,0.  ,0.  ,0.  ,0.  ,0.  ,
 0.  ,0.  ,0.  ,0.  ,0.  ,0.  ,0.  ,0.  ,0.  ,0.  ,0.  ,0.  ,0.  ,0.  ,
 0.  ,0.  ,0.  ,0.  ,0.  ,0.  ,0.  ,0.  ,0.  ,0.  ,0.  ,0.  ,0.  ,0.  ,
 0.  ,0.  ,0.  ,0.  ,0.  ,0.  ,0.  ,0.  ,0.  ,0.  ,0.  ,0.  ,0.  ,0.  ,
 0.  ,0.  ,0.  ,0.  ,0.  ,0.  ,0.  ,0.  ,0.  ,0.  ,0.  ,0.  ,0.  ,0.  ]",0,"[[-1.3498e-02,-4.8979e-03, 3.8246e-04,...,-1.1013e-02, 1.8778e-05,
   6.3096e-03],
 [-3.5537e-03,-2.9871e-03,-1.3974e-02,...,-5.6679e-03,-8.3602e-04,
   3.3509e-03],
 [-9.8223e-03,-9.9293e-03, 7.9568e-03,...,-2.7545e-03,-1.1057e-03,
   2.5672e-03],
 ...,
 [-7.8604e-03, 8.0771e-03, 1.3596e-02,...,-1.0829e-03,-1.1537e-03,
   3.9063e-03],
 [-5.7794e-03, 6.6186e-03, 1.2320e-03,..., 2.1307e-03,-6.7002e-03,
   5.2298e-03],
 [-2.5870e-03, 1.2748e-02,-2.7763e-03,...,-8.5902e-03, 7.8897e-03,
  -3.5166e-03]]","[[-0.054 , 0.0807,-0.0182,-0.0556, 0.043 , 0.0202, 0.0051,-0.0016,-0.0172,
  -0.0024]]","[ 4.6548,-2.2406,-1.0161, 0.0385,-2.1616, 1.3107, 0.4743,-0.4926,-0.0234,
 -0.4253]","[0.9197,0.0009,0.0032,0.0091,0.001 ,0.0325,0.0141,0.0053,0.0085,0.0057]","[[0.,0.,0.,...,0.,0.,0.],
 [0.,0.,0.,...,0.,0.,0.],
 [0.,0.,0.,...,0.,0.,0.],
 ...,
 [0.,0.,0.,...,0.,0.,0.],
 [0.,0.,0.,...,0.,0.,0.],
 [0.,0.,0.,...,0.,0.,0.]]","[-0.0803, 0.0009, 0.0032, 0.0091, 0.001 , 0.0325, 0.0141, 0.0053, 0.0085,
  0.0057]","[[ 0.0048,-0.0086, 0.001 , 0.0066,-0.0054,-0.0031,-0.0006, 0.0006, 0.003 ,
   0.0018]]"
49,"[0.  ,0.  ,0.  ,0.  ,0.  ,0.  ,0.  ,0.  ,0.  ,0.  ,0.  ,0.  ,0.  ,0.  ,
 0.  ,0.  ,0.  ,0.  ,0.  ,0.  ,0.  ,0.  ,0.  ,0.  ,0.  ,0.  ,0.  ,0.  ,
 0.  ,0.  ,0.  ,0.  ,0.  ,0.  ,0.  ,0.  ,0.  ,0.  ,0.  ,0.  ,0.  ,0.  ,
 0.  ,0.  ,0.  ,0.  ,0.  ,0.  ,0.  ,0.  ,0.  ,0.  ,0.  ,0.  ,0.  ,0.  ,
 0.  ,0.  ,0.  ,0.  ,0.  ,0.  ,0.  ,0.  ,0.  ,0.  ,0.  ,0.  ,0.  ,0.  ,
 0.  ,0.  ,0.  ,0.  ,0.  ,0.  ,0.  ,0.  ,0.  ,0.  ,0.  ,0.  ,0.  ,0.  ,
 0.  ,0.  ,0.  ,0.  ,0.  ,0.  ,0.  ,0.  ,0.  ,0.  ,0.  ,0.  ,0.  ,0.  ,
 0.  ,0.  ,0.  ,0.  ,0.  ,0.  ,0.  ,0.  ,0.  ,0.  ,0.  ,0.  ,0.  ,0.  ,
 0.  ,0.  ,0.  ,0.  ,0.  ,0.  ,0.  ,0.  ,0.  ,0.  ,0.  ,0.  ,0.  ,0.  ,
 0.  ,0.2 ,0.62,0.99,0.62,0.2 ,0.  ,0.  ,0.  ,0.  ,0.  ,0.  ,0.  ,0.  ,
 0.  ,0.  ,0.  ,0.  ,0.  ,0.  ,0.  ,0.  ,0.  ,0.  ,0.  ,0.  ,0.  ,0.  ,
 0.19,0.93,0.99,0.99,0.99,0.93,0.  ,0.  ,0.  ,0.  ,0.  ,0.  ,0.  ,0.  ,
 0.  ,0.  ,0.  ,0.  ,0.  ,0.  ,0.  ,0.  ,0.  ,0.  ,0.  ,0.  ,0.  ,0.21,
 0.89,0.99,0.99,0.94,0.91,0.99,0.22,0.02,0.  ,0.  ,0.  ,0.  ,0.  ,0.  ,
 0.  ,0.  ,0.  ,0.  ,0.  ,0.  ,0.  ,0.  ,0.  ,0.  ,0.  ,0.04,0.24,0.88,
 0.99,0.99,0.99,0.79,0.33,0.99,0.99,0.48,0.  ,0.  ,0.  ,0.  ,0.  ,0.  ,
 0.  ,0.  ,0.  ,0.  ,0.  ,0.  ,0.  ,0.  ,0.  ,0.  ,0.  ,0.64,0.99,0.99,
 0.99,0.99,0.99,0.99,0.38,0.74,0.99,0.65,0.  ,0.  ,0.  ,0.  ,0.  ,0.  ,
 0.  ,0.  ,0.  ,0.  ,0.  ,0.  ,0.  ,0.  ,0.  ,0.  ,0.2 ,0.93,0.99,0.99,
 0.75,0.45,0.99,0.89,0.18,0.31,1.  ,0.66,0.  ,0.  ,0.  ,0.  ,0.  ,0.  ,
 0.  ,0.  ,0.  ,0.  ,0.  ,0.  ,0.  ,0.  ,0.  ,0.19,0.93,0.99,0.99,0.7 ,
 0.05,0.29,0.47,0.08,0.  ,0.  ,0.99,0.95,0.2 ,0.  ,0.  ,0.  ,0.  ,0.  ,
 0.  ,0.  ,0.  ,0.  ,0.  ,0.  ,0.  ,0.  ,0.15,0.65,0.99,0.91,0.82,0.33,
 0.  ,0.  ,0.  ,0.  ,0.  ,0.  ,0.99,0.99,0.65,0.  ,0.  ,0.  ,0.  ,0.  ,
 0.  ,0.  ,0.  ,0.  ,0.  ,0.  ,0.  ,0.03,0.7 ,0.99,0.94,0.28,0.07,0.11,
 0.  ,0.  ,0.  ,0.  ,0.  ,0.  ,0.99,0.99,0.76,0.  ,0.  ,0.  ,0.  ,0.  ,
 0.  ,0.  ,0.  ,0.  ,0.  ,0.  ,0.  ,0.22,0.99,0.99,0.25,0.  ,0.  ,0.  ,
 0.  ,0.  ,0.  ,0.  ,0.  ,0.  ,0.99,0.99,0.76,0.  ,0.  ,0.  ,0.  ,0.  ,
 0.  ,0.  ,0.  ,0.  ,0.  ,0.  ,0.  ,0.78,0.99,0.75,0.  ,0.  ,0.  ,0.  ,
 0.  ,0.  ,0.  ,0.  ,0.  ,0.  ,1.  ,0.99,0.77,0.  ,0.  ,0.  ,0.  ,0.  ,
 0.  ,0.  ,0.  ,0.  ,0.  ,0.  ,0.3 ,0.96,0.99,0.44,0.  ,0.  ,0.  ,0.  ,
 0.  ,0.  ,0.  ,0.  ,0.  ,0.  ,0.99,0.99,0.58,0.  ,0.  ,0.  ,0.  ,0.  ,
 0.  ,0.  ,0.  ,0.  ,0.  ,0.  ,0.33,0.99,0.9 ,0.1 ,0.  ,0.  ,0.  ,0.  ,
 0.  ,0.  ,0.  ,0.  ,0.03,0.53,0.99,0.73,0.05,0.  ,0.  ,0.  ,0.  ,0.  ,
 0.  ,0.  ,0.  ,0.  ,0.  ,0.  ,0.33,0.99,0.87,0.  ,0.  ,0.  ,0.  ,0.  ,
 0.  ,0.  ,0.  ,0.03,0.51,0.99,0.88,0.28,0.  ,0.  ,0.  ,0.  ,0.  ,0.  ,
 0.  ,0.  ,0.  ,0.  ,0.  ,0.  ,0.33,0.99,0.57,0.  ,0.  ,0.  ,0.  ,0.  ,
 0.  ,0.  ,0.19,0.65,0.99,0.68,0.  ,0.  ,0.  ,0.  ,0.  ,0.  ,0.  ,0.  ,
 0.  ,0.  ,0.  ,0.  ,0.  ,0.  ,0.34,0.99,0.88,0.  ,0.  ,0.  ,0.  ,0.  ,
 0.  ,0.45,0.93,0.99,0.64,0.  ,0.  ,0.  ,0.  ,0.  ,0.  ,0.  ,0.  ,0.  ,
 0.  ,0.  ,0.  ,0.  ,0.  ,0.  ,0.33,0.99,0.98,0.57,0.19,0.11,0.33,0.7 ,
 0.88,0.99,0.87,0.65,0.22,0.  ,0.  ,0.  ,0.  ,0.  ,0.  ,0.  ,0.  ,0.  ,
 0.  ,0.  ,0.  ,0.  ,0.  ,0.  ,0.33,0.99,0.99,0.99,0.9 ,0.84,0.99,0.99,
 0.99,0.77,0.51,0.  ,0.  ,0.  ,0.  ,0.  ,0.  ,0.  ,0.  ,0.  ,0.  ,0.  ,
 0.  ,0.  ,0.  ,0.  ,0.  ,0.  ,0.11,0.78,0.99,0.99,0.99,0.99,0.99,0.91,
 0.57,0.  ,0.  ,0.  ,0.  ,0.  ,0.  ,0.  ,0.  ,0.  ,0.  ,0.  ,0.  ,0.  ,
 0.  ,0.  ,0.  ,0.  ,0.  ,0.  ,0.  ,0.1 ,0.5 ,0.99,0.99,0.99,0.55,0.15,
 0.  ,0.  ,0.  ,0.  ,0.  ,0.  ,0.  ,0.  ,0.  ,0.  ,0.  ,0.  ,0.  ,0.  ,
 0.  ,0.  ,0.  ,0.  ,0.  ,0.  ,0.  ,0.  ,0.  ,0.  ,0.  ,0.  ,0.  ,0.  ,
 0.  ,0.  ,0.  ,0.  ,0.  ,0.  ,0.  ,0.  ,0.  ,0.  ,0.  ,0.  ,0.  ,0.  ,
 0.  ,0.  ,0.  ,0.  ,0.  ,0.  ,0.  ,0.  ,0.  ,0.  ,0.  ,0.  ,0.  ,0.  ,
 0.  ,0.  ,0.  ,0.  ,0.  ,0.  ,0.  ,0.  ,0.  ,0.  ,0.  ,0.  ,0.  ,0.  ,
 0.  ,0.  ,0.  ,0.  ,0.  ,0.  ,0.  ,0.  ,0.  ,0.  ,0.  ,0.  ,0.  ,0.  ,
 0.  ,0.  ,0.  ,0.  ,0.  ,0.  ,0.  ,0.  ,0.  ,0.  ,0.  ,0.  ,0.  ,0.  ,
 0.  ,0.  ,0.  ,0.  ,0.  ,0.  ,0.  ,0.  ,0.  ,0.  ,0.  ,0.  ,0.  ,0.  ,
 0.  ,0.  ,0.  ,0.  ,0.  ,0.  ,0.  ,0.  ,0.  ,0.  ,0.  ,0.  ,0.  ,0.  ]",0,"[[-1.3498e-02,-4.8979e-03, 3.8246e-04,...,-1.1013e-02, 1.8778e-05,
   6.3096e-03],
 [-3.5537e-03,-2.9871e-03,-1.3974e-02,...,-5.6679e-03,-8.3602e-04,
   3.3509e-03],
 [-9.8223e-03,-9.9293e-03, 7.9568e-03,...,-2.7545e-03,-1.1057e-03,
   2.5672e-03],
 ...,
 [-7.8604e-03, 8.0771e-03, 1.3596e-02,...,-1.0829e-03,-1.1537e-03,
   3.9063e-03],
 [-5.7794e-03, 6.6186e-03, 1.2320e-03,..., 2.1307e-03,-6.7002e-03,
   5.2298e-03],
 [-2.5870e-03, 1.2748e-02,-2.7763e-03,...,-8.5902e-03, 7.8897e-03,
  -3.5166e-03]]","[[-0.0545, 0.0815,-0.0182,-0.0563, 0.0436, 0.0205, 0.0051,-0.0017,-0.0175,
  -0.0026]]","[ 4.6892,-2.2624,-1.0265, 0.0421,-2.1815, 1.3229, 0.4818,-0.4961,-0.0218,
 -0.4288]","[9.2177e-01,8.8224e-04,3.0363e-03,8.8392e-03,9.5663e-04,3.1818e-02,
 1.3722e-02,5.1605e-03,8.2921e-03,5.5201e-03]","[[0.,0.,0.,...,0.,0.,0.],
 [0.,0.,0.,...,0.,0.,0.],
 [0.,0.,0.,...,0.,0.,0.],
 ...,
 [0.,0.,0.,...,0.,0.,0.],
 [0.,0.,0.,...,0.,0.,0.],
 [0.,0.,0.,...,0.,0.,0.]]","[-0.0782, 0.0009, 0.003 , 0.0088, 0.001 , 0.0318, 0.0137, 0.0052, 0.0083,
  0.0055]","[[ 0.0047,-0.0084, 0.0009, 0.0064,-0.0054,-0.0031,-0.0006, 0.0006, 0.003 ,
   0.0018]]"
50,"[0.  ,0.  ,0.  ,0.  ,0.  ,0.  ,0.  ,0.  ,0.  ,0.  ,0.  ,0.  ,0.  ,0.  ,
 0.  ,0.  ,0.  ,0.  ,0.  ,0.  ,0.  ,0.  ,0.  ,0.  ,0.  ,0.  ,0.  ,0.  ,
 0.  ,0.  ,0.  ,0.  ,0.  ,0.  ,0.  ,0.  ,0.  ,0.  ,0.  ,0.  ,0.  ,0.  ,
 0.  ,0.  ,0.  ,0.  ,0.  ,0.  ,0.  ,0.  ,0.  ,0.  ,0.  ,0.  ,0.  ,0.  ,
 0.  ,0.  ,0.  ,0.  ,0.  ,0.  ,0.  ,0.  ,0.  ,0.  ,0.  ,0.  ,0.  ,0.  ,
 0.  ,0.  ,0.  ,0.  ,0.  ,0.  ,0.  ,0.  ,0.  ,0.  ,0.  ,0.  ,0.  ,0.  ,
 0.  ,0.  ,0.  ,0.  ,0.  ,0.  ,0.  ,0.  ,0.  ,0.  ,0.  ,0.  ,0.  ,0.  ,
 0.  ,0.  ,0.  ,0.  ,0.  ,0.  ,0.  ,0.  ,0.  ,0.  ,0.  ,0.  ,0.  ,0.  ,
 0.  ,0.  ,0.  ,0.  ,0.  ,0.  ,0.  ,0.  ,0.  ,0.  ,0.  ,0.  ,0.  ,0.  ,
 0.  ,0.2 ,0.62,0.99,0.62,0.2 ,0.  ,0.  ,0.  ,0.  ,0.  ,0.  ,0.  ,0.  ,
 0.  ,0.  ,0.  ,0.  ,0.  ,0.  ,0.  ,0.  ,0.  ,0.  ,0.  ,0.  ,0.  ,0.  ,
 0.19,0.93,0.99,0.99,0.99,0.93,0.  ,0.  ,0.  ,0.  ,0.  ,0.  ,0.  ,0.  ,
 0.  ,0.  ,0.  ,0.  ,0.  ,0.  ,0.  ,0.  ,0.  ,0.  ,0.  ,0.  ,0.  ,0.21,
 0.89,0.99,0.99,0.94,0.91,0.99,0.22,0.02,0.  ,0.  ,0.  ,0.  ,0.  ,0.  ,
 0.  ,0.  ,0.  ,0.  ,0.  ,0.  ,0.  ,0.  ,0.  ,0.  ,0.  ,0.04,0.24,0.88,
 0.99,0.99,0.99,0.79,0.33,0.99,0.99,0.48,0.  ,0.  ,0.  ,0.  ,0.  ,0.  ,
 0.  ,0.  ,0.  ,0.  ,0.  ,0.  ,0.  ,0.  ,0.  ,0.  ,0.  ,0.64,0.99,0.99,
 0.99,0.99,0.99,0.99,0.38,0.74,0.99,0.65,0.  ,0.  ,0.  ,0.  ,0.  ,0.  ,
 0.  ,0.  ,0.  ,0.  ,0.  ,0.  ,0.  ,0.  ,0.  ,0.  ,0.2 ,0.93,0.99,0.99,
 0.75,0.45,0.99,0.89,0.18,0.31,1.  ,0.66,0.  ,0.  ,0.  ,0.  ,0.  ,0.  ,
 0.  ,0.  ,0.  ,0.  ,0.  ,0.  ,0.  ,0.  ,0.  ,0.19,0.93,0.99,0.99,0.7 ,
 0.05,0.29,0.47,0.08,0.  ,0.  ,0.99,0.95,0.2 ,0.  ,0.  ,0.  ,0.  ,0.  ,
 0.  ,0.  ,0.  ,0.  ,0.  ,0.  ,0.  ,0.  ,0.15,0.65,0.99,0.91,0.82,0.33,
 0.  ,0.  ,0.  ,0.  ,0.  ,0.  ,0.99,0.99,0.65,0.  ,0.  ,0.  ,0.  ,0.  ,
 0.  ,0.  ,0.  ,0.  ,0.  ,0.  ,0.  ,0.03,0.7 ,0.99,0.94,0.28,0.07,0.11,
 0.  ,0.  ,0.  ,0.  ,0.  ,0.  ,0.99,0.99,0.76,0.  ,0.  ,0.  ,0.  ,0.  ,
 0.  ,0.  ,0.  ,0.  ,0.  ,0.  ,0.  ,0.22,0.99,0.99,0.25,0.  ,0.  ,0.  ,
 0.  ,0.  ,0.  ,0.  ,0.  ,0.  ,0.99,0.99,0.76,0.  ,0.  ,0.  ,0.  ,0.  ,
 0.  ,0.  ,0.  ,0.  ,0.  ,0.  ,0.  ,0.78,0.99,0.75,0.  ,0.  ,0.  ,0.  ,
 0.  ,0.  ,0.  ,0.  ,0.  ,0.  ,1.  ,0.99,0.77,0.  ,0.  ,0.  ,0.  ,0.  ,
 0.  ,0.  ,0.  ,0.  ,0.  ,0.  ,0.3 ,0.96,0.99,0.44,0.  ,0.  ,0.  ,0.  ,
 0.  ,0.  ,0.  ,0.  ,0.  ,0.  ,0.99,0.99,0.58,0.  ,0.  ,0.  ,0.  ,0.  ,
 0.  ,0.  ,0.  ,0.  ,0.  ,0.  ,0.33,0.99,0.9 ,0.1 ,0.  ,0.  ,0.  ,0.  ,
 0.  ,0.  ,0.  ,0.  ,0.03,0.53,0.99,0.73,0.05,0.  ,0.  ,0.  ,0.  ,0.  ,
 0.  ,0.  ,0.  ,0.  ,0.  ,0.  ,0.33,0.99,0.87,0.  ,0.  ,0.  ,0.  ,0.  ,
 0.  ,0.  ,0.  ,0.03,0.51,0.99,0.88,0.28,0.  ,0.  ,0.  ,0.  ,0.  ,0.  ,
 0.  ,0.  ,0.  ,0.  ,0.  ,0.  ,0.33,0.99,0.57,0.  ,0.  ,0.  ,0.  ,0.  ,
 0.  ,0.  ,0.19,0.65,0.99,0.68,0.  ,0.  ,0.  ,0.  ,0.  ,0.  ,0.  ,0.  ,
 0.  ,0.  ,0.  ,0.  ,0.  ,0.  ,0.34,0.99,0.88,0.  ,0.  ,0.  ,0.  ,0.  ,
 0.  ,0.45,0.93,0.99,0.64,0.  ,0.  ,0.  ,0.  ,0.  ,0.  ,0.  ,0.  ,0.  ,
 0.  ,0.  ,0.  ,0.  ,0.  ,0.  ,0.33,0.99,0.98,0.57,0.19,0.11,0.33,0.7 ,
 0.88,0.99,0.87,0.65,0.22,0.  ,0.  ,0.  ,0.  ,0.  ,0.  ,0.  ,0.  ,0.  ,
 0.  ,0.  ,0.  ,0.  ,0.  ,0.  ,0.33,0.99,0.99,0.99,0.9 ,0.84,0.99,0.99,
 0.99,0.77,0.51,0.  ,0.  ,0.  ,0.  ,0.  ,0.  ,0.  ,0.  ,0.  ,0.  ,0.  ,
 0.  ,0.  ,0.  ,0.  ,0.  ,0.  ,0.11,0.78,0.99,0.99,0.99,0.99,0.99,0.91,
 0.57,0.  ,0.  ,0.  ,0.  ,0.  ,0.  ,0.  ,0.  ,0.  ,0.  ,0.  ,0.  ,0.  ,
 0.  ,0.  ,0.  ,0.  ,0.  ,0.  ,0.  ,0.1 ,0.5 ,0.99,0.99,0.99,0.55,0.15,
 0.  ,0.  ,0.  ,0.  ,0.  ,0.  ,0.  ,0.  ,0.  ,0.  ,0.  ,0.  ,0.  ,0.  ,
 0.  ,0.  ,0.  ,0.  ,0.  ,0.  ,0.  ,0.  ,0.  ,0.  ,0.  ,0.  ,0.  ,0.  ,
 0.  ,0.  ,0.  ,0.  ,0.  ,0.  ,0.  ,0.  ,0.  ,0.  ,0.  ,0.  ,0.  ,0.  ,
 0.  ,0.  ,0.  ,0.  ,0.  ,0.  ,0.  ,0.  ,0.  ,0.  ,0.  ,0.  ,0.  ,0.  ,
 0.  ,0.  ,0.  ,0.  ,0.  ,0.  ,0.  ,0.  ,0.  ,0.  ,0.  ,0.  ,0.  ,0.  ,
 0.  ,0.  ,0.  ,0.  ,0.  ,0.  ,0.  ,0.  ,0.  ,0.  ,0.  ,0.  ,0.  ,0.  ,
 0.  ,0.  ,0.  ,0.  ,0.  ,0.  ,0.  ,0.  ,0.  ,0.  ,0.  ,0.  ,0.  ,0.  ,
 0.  ,0.  ,0.  ,0.  ,0.  ,0.  ,0.  ,0.  ,0.  ,0.  ,0.  ,0.  ,0.  ,0.  ,
 0.  ,0.  ,0.  ,0.  ,0.  ,0.  ,0.  ,0.  ,0.  ,0.  ,0.  ,0.  ,0.  ,0.  ]",0,"[[-1.3498e-02,-4.8979e-03, 3.8246e-04,...,-1.1013e-02, 1.8778e-05,
   6.3096e-03],
 [-3.5537e-03,-2.9871e-03,-1.3974e-02,...,-5.6679e-03,-8.3602e-04,
   3.3509e-03],
 [-9.8223e-03,-9.9293e-03, 7.9568e-03,...,-2.7545e-03,-1.1057e-03,
   2.5672e-03],
 ...,
 [-7.8604e-03, 8.0771e-03, 1.3596e-02,...,-1.0829e-03,-1.1537e-03,
   3.9063e-03],
 [-5.7794e-03, 6.6186e-03, 1.2320e-03,..., 2.1307e-03,-6.7002e-03,
   5.2298e-03],
 [-2.5870e-03, 1.2748e-02,-2.7763e-03,...,-8.5902e-03, 7.8897e-03,
  -3.5166e-03]]","[[-0.0549, 0.0823,-0.0183,-0.0569, 0.0441, 0.0208, 0.0052,-0.0017,-0.0178,
  -0.0028]]","[ 4.7228,-2.2839,-1.0367, 0.0456,-2.201 , 1.3348, 0.4893,-0.4995,-0.0204,
 -0.4322]","[9.2379e-01,8.3674e-04,2.9123e-03,8.5956e-03,9.0907e-04,3.1200e-02,
 1.3395e-02,4.9835e-03,8.0466e-03,5.3306e-03]","[[0.,0.,0.,...,0.,0.,0.],
 [0.,0.,0.,...,0.,0.,0.],
 [0.,0.,0.,...,0.,0.,0.],
 ...,
 [0.,0.,0.,...,0.,0.,0.],
 [0.,0.,0.,...,0.,0.,0.],
 [0.,0.,0.,...,0.,0.,0.]]","[-0.0762, 0.0008, 0.0029, 0.0086, 0.0009, 0.0312, 0.0134, 0.005 , 0.008 ,
  0.0053]","[[ 0.0046,-0.0083, 0.0009, 0.0063,-0.0053,-0.003 ,-0.0006, 0.0006, 0.003 ,
   0.0018]]"
51,"[0.  ,0.  ,0.  ,0.  ,0.  ,0.  ,0.  ,0.  ,0.  ,0.  ,0.  ,0.  ,0.  ,0.  ,
 0.  ,0.  ,0.  ,0.  ,0.  ,0.  ,0.  ,0.  ,0.  ,0.  ,0.  ,0.  ,0.  ,0.  ,
 0.  ,0.  ,0.  ,0.  ,0.  ,0.  ,0.  ,0.  ,0.  ,0.  ,0.  ,0.  ,0.  ,0.  ,
 0.  ,0.  ,0.  ,0.  ,0.  ,0.  ,0.  ,0.  ,0.  ,0.  ,0.  ,0.  ,0.  ,0.  ,
 0.  ,0.  ,0.  ,0.  ,0.  ,0.  ,0.  ,0.  ,0.  ,0.  ,0.  ,0.  ,0.  ,0.  ,
 0.  ,0.  ,0.  ,0.  ,0.  ,0.  ,0.  ,0.  ,0.  ,0.  ,0.  ,0.  ,0.  ,0.  ,
 0.  ,0.  ,0.  ,0.  ,0.  ,0.  ,0.  ,0.  ,0.  ,0.  ,0.  ,0.  ,0.  ,0.  ,
 0.  ,0.  ,0.  ,0.  ,0.  ,0.  ,0.  ,0.  ,0.  ,0.  ,0.  ,0.  ,0.  ,0.  ,
 0.  ,0.  ,0.  ,0.  ,0.  ,0.  ,0.  ,0.  ,0.  ,0.  ,0.  ,0.  ,0.  ,0.  ,
 0.  ,0.2 ,0.62,0.99,0.62,0.2 ,0.  ,0.  ,0.  ,0.  ,0.  ,0.  ,0.  ,0.  ,
 0.  ,0.  ,0.  ,0.  ,0.  ,0.  ,0.  ,0.  ,0.  ,0.  ,0.  ,0.  ,0.  ,0.  ,
 0.19,0.93,0.99,0.99,0.99,0.93,0.  ,0.  ,0.  ,0.  ,0.  ,0.  ,0.  ,0.  ,
 0.  ,0.  ,0.  ,0.  ,0.  ,0.  ,0.  ,0.  ,0.  ,0.  ,0.  ,0.  ,0.  ,0.21,
 0.89,0.99,0.99,0.94,0.91,0.99,0.22,0.02,0.  ,0.  ,0.  ,0.  ,0.  ,0.  ,
 0.  ,0.  ,0.  ,0.  ,0.  ,0.  ,0.  ,0.  ,0.  ,0.  ,0.  ,0.04,0.24,0.88,
 0.99,0.99,0.99,0.79,0.33,0.99,0.99,0.48,0.  ,0.  ,0.  ,0.  ,0.  ,0.  ,
 0.  ,0.  ,0.  ,0.  ,0.  ,0.  ,0.  ,0.  ,0.  ,0.  ,0.  ,0.64,0.99,0.99,
 0.99,0.99,0.99,0.99,0.38,0.74,0.99,0.65,0.  ,0.  ,0.  ,0.  ,0.  ,0.  ,
 0.  ,0.  ,0.  ,0.  ,0.  ,0.  ,0.  ,0.  ,0.  ,0.  ,0.2 ,0.93,0.99,0.99,
 0.75,0.45,0.99,0.89,0.18,0.31,1.  ,0.66,0.  ,0.  ,0.  ,0.  ,0.  ,0.  ,
 0.  ,0.  ,0.  ,0.  ,0.  ,0.  ,0.  ,0.  ,0.  ,0.19,0.93,0.99,0.99,0.7 ,
 0.05,0.29,0.47,0.08,0.  ,0.  ,0.99,0.95,0.2 ,0.  ,0.  ,0.  ,0.  ,0.  ,
 0.  ,0.  ,0.  ,0.  ,0.  ,0.  ,0.  ,0.  ,0.15,0.65,0.99,0.91,0.82,0.33,
 0.  ,0.  ,0.  ,0.  ,0.  ,0.  ,0.99,0.99,0.65,0.  ,0.  ,0.  ,0.  ,0.  ,
 0.  ,0.  ,0.  ,0.  ,0.  ,0.  ,0.  ,0.03,0.7 ,0.99,0.94,0.28,0.07,0.11,
 0.  ,0.  ,0.  ,0.  ,0.  ,0.  ,0.99,0.99,0.76,0.  ,0.  ,0.  ,0.  ,0.  ,
 0.  ,0.  ,0.  ,0.  ,0.  ,0.  ,0.  ,0.22,0.99,0.99,0.25,0.  ,0.  ,0.  ,
 0.  ,0.  ,0.  ,0.  ,0.  ,0.  ,0.99,0.99,0.76,0.  ,0.  ,0.  ,0.  ,0.  ,
 0.  ,0.  ,0.  ,0.  ,0.  ,0.  ,0.  ,0.78,0.99,0.75,0.  ,0.  ,0.  ,0.  ,
 0.  ,0.  ,0.  ,0.  ,0.  ,0.  ,1.  ,0.99,0.77,0.  ,0.  ,0.  ,0.  ,0.  ,
 0.  ,0.  ,0.  ,0.  ,0.  ,0.  ,0.3 ,0.96,0.99,0.44,0.  ,0.  ,0.  ,0.  ,
 0.  ,0.  ,0.  ,0.  ,0.  ,0.  ,0.99,0.99,0.58,0.  ,0.  ,0.  ,0.  ,0.  ,
 0.  ,0.  ,0.  ,0.  ,0.  ,0.  ,0.33,0.99,0.9 ,0.1 ,0.  ,0.  ,0.  ,0.  ,
 0.  ,0.  ,0.  ,0.  ,0.03,0.53,0.99,0.73,0.05,0.  ,0.  ,0.  ,0.  ,0.  ,
 0.  ,0.  ,0.  ,0.  ,0.  ,0.  ,0.33,0.99,0.87,0.  ,0.  ,0.  ,0.  ,0.  ,
 0.  ,0.  ,0.  ,0.03,0.51,0.99,0.88,0.28,0.  ,0.  ,0.  ,0.  ,0.  ,0.  ,
 0.  ,0.  ,0.  ,0.  ,0.  ,0.  ,0.33,0.99,0.57,0.  ,0.  ,0.  ,0.  ,0.  ,
 0.  ,0.  ,0.19,0.65,0.99,0.68,0.  ,0.  ,0.  ,0.  ,0.  ,0.  ,0.  ,0.  ,
 0.  ,0.  ,0.  ,0.  ,0.  ,0.  ,0.34,0.99,0.88,0.  ,0.  ,0.  ,0.  ,0.  ,
 0.  ,0.45,0.93,0.99,0.64,0.  ,0.  ,0.  ,0.  ,0.  ,0.  ,0.  ,0.  ,0.  ,
 0.  ,0.  ,0.  ,0.  ,0.  ,0.  ,0.33,0.99,0.98,0.57,0.19,0.11,0.33,0.7 ,
 0.88,0.99,0.87,0.65,0.22,0.  ,0.  ,0.  ,0.  ,0.  ,0.  ,0.  ,0.  ,0.  ,
 0.  ,0.  ,0.  ,0.  ,0.  ,0.  ,0.33,0.99,0.99,0.99,0.9 ,0.84,0.99,0.99,
 0.99,0.77,0.51,0.  ,0.  ,0.  ,0.  ,0.  ,0.  ,0.  ,0.  ,0.  ,0.  ,0.  ,
 0.  ,0.  ,0.  ,0.  ,0.  ,0.  ,0.11,0.78,0.99,0.99,0.99,0.99,0.99,0.91,
 0.57,0.  ,0.  ,0.  ,0.  ,0.  ,0.  ,0.  ,0.  ,0.  ,0.  ,0.  ,0.  ,0.  ,
 0.  ,0.  ,0.  ,0.  ,0.  ,0.  ,0.  ,0.1 ,0.5 ,0.99,0.99,0.99,0.55,0.15,
 0.  ,0.  ,0.  ,0.  ,0.  ,0.  ,0.  ,0.  ,0.  ,0.  ,0.  ,0.  ,0.  ,0.  ,
 0.  ,0.  ,0.  ,0.  ,0.  ,0.  ,0.  ,0.  ,0.  ,0.  ,0.  ,0.  ,0.  ,0.  ,
 0.  ,0.  ,0.  ,0.  ,0.  ,0.  ,0.  ,0.  ,0.  ,0.  ,0.  ,0.  ,0.  ,0.  ,
 0.  ,0.  ,0.  ,0.  ,0.  ,0.  ,0.  ,0.  ,0.  ,0.  ,0.  ,0.  ,0.  ,0.  ,
 0.  ,0.  ,0.  ,0.  ,0.  ,0.  ,0.  ,0.  ,0.  ,0.  ,0.  ,0.  ,0.  ,0.  ,
 0.  ,0.  ,0.  ,0.  ,0.  ,0.  ,0.  ,0.  ,0.  ,0.  ,0.  ,0.  ,0.  ,0.  ,
 0.  ,0.  ,0.  ,0.  ,0.  ,0.  ,0.  ,0.  ,0.  ,0.  ,0.  ,0.  ,0.  ,0.  ,
 0.  ,0.  ,0.  ,0.  ,0.  ,0.  ,0.  ,0.  ,0.  ,0.  ,0.  ,0.  ,0.  ,0.  ,
 0.  ,0.  ,0.  ,0.  ,0.  ,0.  ,0.  ,0.  ,0.  ,0.  ,0.  ,0.  ,0.  ,0.  ]",0,"[[-1.3498e-02,-4.8979e-03, 3.8246e-04,...,-1.1013e-02, 1.8778e-05,
   6.3096e-03],
 [-3.5537e-03,-2.9871e-03,-1.3974e-02,...,-5.6679e-03,-8.3602e-04,
   3.3509e-03],
 [-9.8223e-03,-9.9293e-03, 7.9568e-03,...,-2.7545e-03,-1.1057e-03,
   2.5672e-03],
 ...,
 [-7.8604e-03, 8.0771e-03, 1.3596e-02,...,-1.0829e-03,-1.1537e-03,
   3.9063e-03],
 [-5.7794e-03, 6.6186e-03, 1.2320e-03,..., 2.1307e-03,-6.7002e-03,
   5.2298e-03],
 [-2.5870e-03, 1.2748e-02,-2.7763e-03,...,-8.5902e-03, 7.8897e-03,
  -3.5166e-03]]","[[-0.0554, 0.0831,-0.0184,-0.0575, 0.0446, 0.0211, 0.0052,-0.0018,-0.018 ,
  -0.003 ]]","[ 4.7559,-2.3049,-1.0467, 0.0492,-2.2201, 1.3464, 0.4966,-0.5028,-0.019 ,
 -0.4356]","[9.2572e-01,7.9435e-04,2.7954e-03,8.3635e-03,8.6467e-04,3.0603e-02,
 1.3083e-02,4.8157e-03,7.8122e-03,5.1507e-03]","[[0.,0.,0.,...,0.,0.,0.],
 [0.,0.,0.,...,0.,0.,0.],
 [0.,0.,0.,...,0.,0.,0.],
 ...,
 [0.,0.,0.,...,0.,0.,0.],
 [0.,0.,0.,...,0.,0.,0.],
 [0.,0.,0.,...,0.,0.,0.]]","[-0.0743, 0.0008, 0.0028, 0.0084, 0.0009, 0.0306, 0.0131, 0.0048, 0.0078,
  0.0052]","[[ 0.0045,-0.0081, 0.0008, 0.0062,-0.0052,-0.003 ,-0.0005, 0.0006, 0.0029,
   0.0018]]"
52,"[0.  ,0.  ,0.  ,0.  ,0.  ,0.  ,0.  ,0.  ,0.  ,0.  ,0.  ,0.  ,0.  ,0.  ,
 0.  ,0.  ,0.  ,0.  ,0.  ,0.  ,0.  ,0.  ,0.  ,0.  ,0.  ,0.  ,0.  ,0.  ,
 0.  ,0.  ,0.  ,0.  ,0.  ,0.  ,0.  ,0.  ,0.  ,0.  ,0.  ,0.  ,0.  ,0.  ,
 0.  ,0.  ,0.  ,0.  ,0.  ,0.  ,0.  ,0.  ,0.  ,0.  ,0.  ,0.  ,0.  ,0.  ,
 0.  ,0.  ,0.  ,0.  ,0.  ,0.  ,0.  ,0.  ,0.  ,0.  ,0.  ,0.  ,0.  ,0.  ,
 0.  ,0.  ,0.  ,0.  ,0.  ,0.  ,0.  ,0.  ,0.  ,0.  ,0.  ,0.  ,0.  ,0.  ,
 0.  ,0.  ,0.  ,0.  ,0.  ,0.  ,0.  ,0.  ,0.  ,0.  ,0.  ,0.  ,0.  ,0.  ,
 0.  ,0.  ,0.  ,0.  ,0.  ,0.  ,0.  ,0.  ,0.  ,0.  ,0.  ,0.  ,0.  ,0.  ,
 0.  ,0.  ,0.  ,0.  ,0.  ,0.  ,0.  ,0.  ,0.  ,0.  ,0.  ,0.  ,0.  ,0.  ,
 0.  ,0.2 ,0.62,0.99,0.62,0.2 ,0.  ,0.  ,0.  ,0.  ,0.  ,0.  ,0.  ,0.  ,
 0.  ,0.  ,0.  ,0.  ,0.  ,0.  ,0.  ,0.  ,0.  ,0.  ,0.  ,0.  ,0.  ,0.  ,
 0.19,0.93,0.99,0.99,0.99,0.93,0.  ,0.  ,0.  ,0.  ,0.  ,0.  ,0.  ,0.  ,
 0.  ,0.  ,0.  ,0.  ,0.  ,0.  ,0.  ,0.  ,0.  ,0.  ,0.  ,0.  ,0.  ,0.21,
 0.89,0.99,0.99,0.94,0.91,0.99,0.22,0.02,0.  ,0.  ,0.  ,0.  ,0.  ,0.  ,
 0.  ,0.  ,0.  ,0.  ,0.  ,0.  ,0.  ,0.  ,0.  ,0.  ,0.  ,0.04,0.24,0.88,
 0.99,0.99,0.99,0.79,0.33,0.99,0.99,0.48,0.  ,0.  ,0.  ,0.  ,0.  ,0.  ,
 0.  ,0.  ,0.  ,0.  ,0.  ,0.  ,0.  ,0.  ,0.  ,0.  ,0.  ,0.64,0.99,0.99,
 0.99,0.99,0.99,0.99,0.38,0.74,0.99,0.65,0.  ,0.  ,0.  ,0.  ,0.  ,0.  ,
 0.  ,0.  ,0.  ,0.  ,0.  ,0.  ,0.  ,0.  ,0.  ,0.  ,0.2 ,0.93,0.99,0.99,
 0.75,0.45,0.99,0.89,0.18,0.31,1.  ,0.66,0.  ,0.  ,0.  ,0.  ,0.  ,0.  ,
 0.  ,0.  ,0.  ,0.  ,0.  ,0.  ,0.  ,0.  ,0.  ,0.19,0.93,0.99,0.99,0.7 ,
 0.05,0.29,0.47,0.08,0.  ,0.  ,0.99,0.95,0.2 ,0.  ,0.  ,0.  ,0.  ,0.  ,
 0.  ,0.  ,0.  ,0.  ,0.  ,0.  ,0.  ,0.  ,0.15,0.65,0.99,0.91,0.82,0.33,
 0.  ,0.  ,0.  ,0.  ,0.  ,0.  ,0.99,0.99,0.65,0.  ,0.  ,0.  ,0.  ,0.  ,
 0.  ,0.  ,0.  ,0.  ,0.  ,0.  ,0.  ,0.03,0.7 ,0.99,0.94,0.28,0.07,0.11,
 0.  ,0.  ,0.  ,0.  ,0.  ,0.  ,0.99,0.99,0.76,0.  ,0.  ,0.  ,0.  ,0.  ,
 0.  ,0.  ,0.  ,0.  ,0.  ,0.  ,0.  ,0.22,0.99,0.99,0.25,0.  ,0.  ,0.  ,
 0.  ,0.  ,0.  ,0.  ,0.  ,0.  ,0.99,0.99,0.76,0.  ,0.  ,0.  ,0.  ,0.  ,
 0.  ,0.  ,0.  ,0.  ,0.  ,0.  ,0.  ,0.78,0.99,0.75,0.  ,0.  ,0.  ,0.  ,
 0.  ,0.  ,0.  ,0.  ,0.  ,0.  ,1.  ,0.99,0.77,0.  ,0.  ,0.  ,0.  ,0.  ,
 0.  ,0.  ,0.  ,0.  ,0.  ,0.  ,0.3 ,0.96,0.99,0.44,0.  ,0.  ,0.  ,0.  ,
 0.  ,0.  ,0.  ,0.  ,0.  ,0.  ,0.99,0.99,0.58,0.  ,0.  ,0.  ,0.  ,0.  ,
 0.  ,0.  ,0.  ,0.  ,0.  ,0.  ,0.33,0.99,0.9 ,0.1 ,0.  ,0.  ,0.  ,0.  ,
 0.  ,0.  ,0.  ,0.  ,0.03,0.53,0.99,0.73,0.05,0.  ,0.  ,0.  ,0.  ,0.  ,
 0.  ,0.  ,0.  ,0.  ,0.  ,0.  ,0.33,0.99,0.87,0.  ,0.  ,0.  ,0.  ,0.  ,
 0.  ,0.  ,0.  ,0.03,0.51,0.99,0.88,0.28,0.  ,0.  ,0.  ,0.  ,0.  ,0.  ,
 0.  ,0.  ,0.  ,0.  ,0.  ,0.  ,0.33,0.99,0.57,0.  ,0.  ,0.  ,0.  ,0.  ,
 0.  ,0.  ,0.19,0.65,0.99,0.68,0.  ,0.  ,0.  ,0.  ,0.  ,0.  ,0.  ,0.  ,
 0.  ,0.  ,0.  ,0.  ,0.  ,0.  ,0.34,0.99,0.88,0.  ,0.  ,0.  ,0.  ,0.  ,
 0.  ,0.45,0.93,0.99,0.64,0.  ,0.  ,0.  ,0.  ,0.  ,0.  ,0.  ,0.  ,0.  ,
 0.  ,0.  ,0.  ,0.  ,0.  ,0.  ,0.33,0.99,0.98,0.57,0.19,0.11,0.33,0.7 ,
 0.88,0.99,0.87,0.65,0.22,0.  ,0.  ,0.  ,0.  ,0.  ,0.  ,0.  ,0.  ,0.  ,
 0.  ,0.  ,0.  ,0.  ,0.  ,0.  ,0.33,0.99,0.99,0.99,0.9 ,0.84,0.99,0.99,
 0.99,0.77,0.51,0.  ,0.  ,0.  ,0.  ,0.  ,0.  ,0.  ,0.  ,0.  ,0.  ,0.  ,
 0.  ,0.  ,0.  ,0.  ,0.  ,0.  ,0.11,0.78,0.99,0.99,0.99,0.99,0.99,0.91,
 0.57,0.  ,0.  ,0.  ,0.  ,0.  ,0.  ,0.  ,0.  ,0.  ,0.  ,0.  ,0.  ,0.  ,
 0.  ,0.  ,0.  ,0.  ,0.  ,0.  ,0.  ,0.1 ,0.5 ,0.99,0.99,0.99,0.55,0.15,
 0.  ,0.  ,0.  ,0.  ,0.  ,0.  ,0.  ,0.  ,0.  ,0.  ,0.  ,0.  ,0.  ,0.  ,
 0.  ,0.  ,0.  ,0.  ,0.  ,0.  ,0.  ,0.  ,0.  ,0.  ,0.  ,0.  ,0.  ,0.  ,
 0.  ,0.  ,0.  ,0.  ,0.  ,0.  ,0.  ,0.  ,0.  ,0.  ,0.  ,0.  ,0.  ,0.  ,
 0.  ,0.  ,0.  ,0.  ,0.  ,0.  ,0.  ,0.  ,0.  ,0.  ,0.  ,0.  ,0.  ,0.  ,
 0.  ,0.  ,0.  ,0.  ,0.  ,0.  ,0.  ,0.  ,0.  ,0.  ,0.  ,0.  ,0.  ,0.  ,
 0.  ,0.  ,0.  ,0.  ,0.  ,0.  ,0.  ,0.  ,0.  ,0.  ,0.  ,0.  ,0.  ,0.  ,
 0.  ,0.  ,0.  ,0.  ,0.  ,0.  ,0.  ,0.  ,0.  ,0.  ,0.  ,0.  ,0.  ,0.  ,
 0.  ,0.  ,0.  ,0.  ,0.  ,0.  ,0.  ,0.  ,0.  ,0.  ,0.  ,0.  ,0.  ,0.  ,
 0.  ,0.  ,0.  ,0.  ,0.  ,0.  ,0.  ,0.  ,0.  ,0.  ,0.  ,0.  ,0.  ,0.  ]",0,"[[-1.3498e-02,-4.8979e-03, 3.8246e-04,...,-1.1013e-02, 1.8778e-05,
   6.3096e-03],
 [-3.5537e-03,-2.9871e-03,-1.3974e-02,...,-5.6679e-03,-8.3602e-04,
   3.3509e-03],
 [-9.8223e-03,-9.9293e-03, 7.9568e-03,...,-2.7545e-03,-1.1057e-03,
   2.5672e-03],
 ...,
 [-7.8604e-03, 8.0771e-03, 1.3596e-02,...,-1.0829e-03,-1.1537e-03,
   3.9063e-03],
 [-5.7794e-03, 6.6186e-03, 1.2320e-03,..., 2.1307e-03,-6.7002e-03,
   5.2298e-03],
 [-2.5870e-03, 1.2748e-02,-2.7763e-03,...,-8.5902e-03, 7.8897e-03,
  -3.5166e-03]]","[[-0.0558, 0.0839,-0.0185,-0.0581, 0.0452, 0.0214, 0.0053,-0.0019,-0.0183,
  -0.0032]]","[ 4.7882,-2.3256,-1.0566, 0.0527,-2.2389, 1.3578, 0.504 ,-0.5061,-0.0177,
 -0.4389]","[9.2756e-01,7.5482e-04,2.6851e-03,8.1421e-03,8.2317e-04,3.0027e-02,
 1.2785e-02,4.6565e-03,7.5883e-03,4.9799e-03]","[[0.,0.,0.,...,0.,0.,0.],
 [0.,0.,0.,...,0.,0.,0.],
 [0.,0.,0.,...,0.,0.,0.],
 ...,
 [0.,0.,0.,...,0.,0.,0.],
 [0.,0.,0.,...,0.,0.,0.],
 [0.,0.,0.,...,0.,0.,0.]]","[-0.0724, 0.0008, 0.0027, 0.0081, 0.0008, 0.03  , 0.0128, 0.0047, 0.0076,
  0.005 ]","[[ 0.0044,-0.008 , 0.0008, 0.0061,-0.0052,-0.0029,-0.0005, 0.0005, 0.0029,
   0.0018]]"
53,"[0.  ,0.  ,0.  ,0.  ,0.  ,0.  ,0.  ,0.  ,0.  ,0.  ,0.  ,0.  ,0.  ,0.  ,
 0.  ,0.  ,0.  ,0.  ,0.  ,0.  ,0.  ,0.  ,0.  ,0.  ,0.  ,0.  ,0.  ,0.  ,
 0.  ,0.  ,0.  ,0.  ,0.  ,0.  ,0.  ,0.  ,0.  ,0.  ,0.  ,0.  ,0.  ,0.  ,
 0.  ,0.  ,0.  ,0.  ,0.  ,0.  ,0.  ,0.  ,0.  ,0.  ,0.  ,0.  ,0.  ,0.  ,
 0.  ,0.  ,0.  ,0.  ,0.  ,0.  ,0.  ,0.  ,0.  ,0.  ,0.  ,0.  ,0.  ,0.  ,
 0.  ,0.  ,0.  ,0.  ,0.  ,0.  ,0.  ,0.  ,0.  ,0.  ,0.  ,0.  ,0.  ,0.  ,
 0.  ,0.  ,0.  ,0.  ,0.  ,0.  ,0.  ,0.  ,0.  ,0.  ,0.  ,0.  ,0.  ,0.  ,
 0.  ,0.  ,0.  ,0.  ,0.  ,0.  ,0.  ,0.  ,0.  ,0.  ,0.  ,0.  ,0.  ,0.  ,
 0.  ,0.  ,0.  ,0.  ,0.  ,0.  ,0.  ,0.  ,0.  ,0.  ,0.  ,0.  ,0.  ,0.  ,
 0.  ,0.2 ,0.62,0.99,0.62,0.2 ,0.  ,0.  ,0.  ,0.  ,0.  ,0.  ,0.  ,0.  ,
 0.  ,0.  ,0.  ,0.  ,0.  ,0.  ,0.  ,0.  ,0.  ,0.  ,0.  ,0.  ,0.  ,0.  ,
 0.19,0.93,0.99,0.99,0.99,0.93,0.  ,0.  ,0.  ,0.  ,0.  ,0.  ,0.  ,0.  ,
 0.  ,0.  ,0.  ,0.  ,0.  ,0.  ,0.  ,0.  ,0.  ,0.  ,0.  ,0.  ,0.  ,0.21,
 0.89,0.99,0.99,0.94,0.91,0.99,0.22,0.02,0.  ,0.  ,0.  ,0.  ,0.  ,0.  ,
 0.  ,0.  ,0.  ,0.  ,0.  ,0.  ,0.  ,0.  ,0.  ,0.  ,0.  ,0.04,0.24,0.88,
 0.99,0.99,0.99,0.79,0.33,0.99,0.99,0.48,0.  ,0.  ,0.  ,0.  ,0.  ,0.  ,
 0.  ,0.  ,0.  ,0.  ,0.  ,0.  ,0.  ,0.  ,0.  ,0.  ,0.  ,0.64,0.99,0.99,
 0.99,0.99,0.99,0.99,0.38,0.74,0.99,0.65,0.  ,0.  ,0.  ,0.  ,0.  ,0.  ,
 0.  ,0.  ,0.  ,0.  ,0.  ,0.  ,0.  ,0.  ,0.  ,0.  ,0.2 ,0.93,0.99,0.99,
 0.75,0.45,0.99,0.89,0.18,0.31,1.  ,0.66,0.  ,0.  ,0.  ,0.  ,0.  ,0.  ,
 0.  ,0.  ,0.  ,0.  ,0.  ,0.  ,0.  ,0.  ,0.  ,0.19,0.93,0.99,0.99,0.7 ,
 0.05,0.29,0.47,0.08,0.  ,0.  ,0.99,0.95,0.2 ,0.  ,0.  ,0.  ,0.  ,0.  ,
 0.  ,0.  ,0.  ,0.  ,0.  ,0.  ,0.  ,0.  ,0.15,0.65,0.99,0.91,0.82,0.33,
 0.  ,0.  ,0.  ,0.  ,0.  ,0.  ,0.99,0.99,0.65,0.  ,0.  ,0.  ,0.  ,0.  ,
 0.  ,0.  ,0.  ,0.  ,0.  ,0.  ,0.  ,0.03,0.7 ,0.99,0.94,0.28,0.07,0.11,
 0.  ,0.  ,0.  ,0.  ,0.  ,0.  ,0.99,0.99,0.76,0.  ,0.  ,0.  ,0.  ,0.  ,
 0.  ,0.  ,0.  ,0.  ,0.  ,0.  ,0.  ,0.22,0.99,0.99,0.25,0.  ,0.  ,0.  ,
 0.  ,0.  ,0.  ,0.  ,0.  ,0.  ,0.99,0.99,0.76,0.  ,0.  ,0.  ,0.  ,0.  ,
 0.  ,0.  ,0.  ,0.  ,0.  ,0.  ,0.  ,0.78,0.99,0.75,0.  ,0.  ,0.  ,0.  ,
 0.  ,0.  ,0.  ,0.  ,0.  ,0.  ,1.  ,0.99,0.77,0.  ,0.  ,0.  ,0.  ,0.  ,
 0.  ,0.  ,0.  ,0.  ,0.  ,0.  ,0.3 ,0.96,0.99,0.44,0.  ,0.  ,0.  ,0.  ,
 0.  ,0.  ,0.  ,0.  ,0.  ,0.  ,0.99,0.99,0.58,0.  ,0.  ,0.  ,0.  ,0.  ,
 0.  ,0.  ,0.  ,0.  ,0.  ,0.  ,0.33,0.99,0.9 ,0.1 ,0.  ,0.  ,0.  ,0.  ,
 0.  ,0.  ,0.  ,0.  ,0.03,0.53,0.99,0.73,0.05,0.  ,0.  ,0.  ,0.  ,0.  ,
 0.  ,0.  ,0.  ,0.  ,0.  ,0.  ,0.33,0.99,0.87,0.  ,0.  ,0.  ,0.  ,0.  ,
 0.  ,0.  ,0.  ,0.03,0.51,0.99,0.88,0.28,0.  ,0.  ,0.  ,0.  ,0.  ,0.  ,
 0.  ,0.  ,0.  ,0.  ,0.  ,0.  ,0.33,0.99,0.57,0.  ,0.  ,0.  ,0.  ,0.  ,
 0.  ,0.  ,0.19,0.65,0.99,0.68,0.  ,0.  ,0.  ,0.  ,0.  ,0.  ,0.  ,0.  ,
 0.  ,0.  ,0.  ,0.  ,0.  ,0.  ,0.34,0.99,0.88,0.  ,0.  ,0.  ,0.  ,0.  ,
 0.  ,0.45,0.93,0.99,0.64,0.  ,0.  ,0.  ,0.  ,0.  ,0.  ,0.  ,0.  ,0.  ,
 0.  ,0.  ,0.  ,0.  ,0.  ,0.  ,0.33,0.99,0.98,0.57,0.19,0.11,0.33,0.7 ,
 0.88,0.99,0.87,0.65,0.22,0.  ,0.  ,0.  ,0.  ,0.  ,0.  ,0.  ,0.  ,0.  ,
 0.  ,0.  ,0.  ,0.  ,0.  ,0.  ,0.33,0.99,0.99,0.99,0.9 ,0.84,0.99,0.99,
 0.99,0.77,0.51,0.  ,0.  ,0.  ,0.  ,0.  ,0.  ,0.  ,0.  ,0.  ,0.  ,0.  ,
 0.  ,0.  ,0.  ,0.  ,0.  ,0.  ,0.11,0.78,0.99,0.99,0.99,0.99,0.99,0.91,
 0.57,0.  ,0.  ,0.  ,0.  ,0.  ,0.  ,0.  ,0.  ,0.  ,0.  ,0.  ,0.  ,0.  ,
 0.  ,0.  ,0.  ,0.  ,0.  ,0.  ,0.  ,0.1 ,0.5 ,0.99,0.99,0.99,0.55,0.15,
 0.  ,0.  ,0.  ,0.  ,0.  ,0.  ,0.  ,0.  ,0.  ,0.  ,0.  ,0.  ,0.  ,0.  ,
 0.  ,0.  ,0.  ,0.  ,0.  ,0.  ,0.  ,0.  ,0.  ,0.  ,0.  ,0.  ,0.  ,0.  ,
 0.  ,0.  ,0.  ,0.  ,0.  ,0.  ,0.  ,0.  ,0.  ,0.  ,0.  ,0.  ,0.  ,0.  ,
 0.  ,0.  ,0.  ,0.  ,0.  ,0.  ,0.  ,0.  ,0.  ,0.  ,0.  ,0.  ,0.  ,0.  ,
 0.  ,0.  ,0.  ,0.  ,0.  ,0.  ,0.  ,0.  ,0.  ,0.  ,0.  ,0.  ,0.  ,0.  ,
 0.  ,0.  ,0.  ,0.  ,0.  ,0.  ,0.  ,0.  ,0.  ,0.  ,0.  ,0.  ,0.  ,0.  ,
 0.  ,0.  ,0.  ,0.  ,0.  ,0.  ,0.  ,0.  ,0.  ,0.  ,0.  ,0.  ,0.  ,0.  ,
 0.  ,0.  ,0.  ,0.  ,0.  ,0.  ,0.  ,0.  ,0.  ,0.  ,0.  ,0.  ,0.  ,0.  ,
 0.  ,0.  ,0.  ,0.  ,0.  ,0.  ,0.  ,0.  ,0.  ,0.  ,0.  ,0.  ,0.  ,0.  ]",0,"[[-1.3498e-02,-4.8979e-03, 3.8246e-04,...,-1.1013e-02, 1.8778e-05,
   6.3096e-03],
 [-3.5537e-03,-2.9871e-03,-1.3974e-02,...,-5.6679e-03,-8.3602e-04,
   3.3509e-03],
 [-9.8223e-03,-9.9293e-03, 7.9568e-03,...,-2.7545e-03,-1.1057e-03,
   2.5672e-03],
 ...,
 [-7.8604e-03, 8.0771e-03, 1.3596e-02,...,-1.0829e-03,-1.1537e-03,
   3.9063e-03],
 [-5.7794e-03, 6.6186e-03, 1.2320e-03,..., 2.1307e-03,-6.7002e-03,
   5.2298e-03],
 [-2.5870e-03, 1.2748e-02,-2.7763e-03,...,-8.5902e-03, 7.8897e-03,
  -3.5166e-03]]","[[-0.0563, 0.0847,-0.0186,-0.0587, 0.0457, 0.0217, 0.0053,-0.0019,-0.0186,
  -0.0033]]","[ 4.82  ,-2.3459,-1.0663, 0.0563,-2.2574, 1.3689, 0.5112,-0.5092,-0.0165,
 -0.4422]","[9.2932e-01,7.1791e-04,2.5810e-03,7.9307e-03,7.8435e-04,2.9469e-02,
 1.2499e-02,4.5053e-03,7.3742e-03,4.8176e-03]","[[0.,0.,0.,...,0.,0.,0.],
 [0.,0.,0.,...,0.,0.,0.],
 [0.,0.,0.,...,0.,0.,0.],
 ...,
 [0.,0.,0.,...,0.,0.,0.],
 [0.,0.,0.,...,0.,0.,0.],
 [0.,0.,0.,...,0.,0.,0.]]","[-0.0707, 0.0007, 0.0026, 0.0079, 0.0008, 0.0295, 0.0125, 0.0045, 0.0074,
  0.0048]","[[ 0.0044,-0.0078, 0.0008, 0.006 ,-0.0051,-0.0029,-0.0005, 0.0005, 0.0029,
   0.0018]]"
54,"[0.  ,0.  ,0.  ,0.  ,0.  ,0.  ,0.  ,0.  ,0.  ,0.  ,0.  ,0.  ,0.  ,0.  ,
 0.  ,0.  ,0.  ,0.  ,0.  ,0.  ,0.  ,0.  ,0.  ,0.  ,0.  ,0.  ,0.  ,0.  ,
 0.  ,0.  ,0.  ,0.  ,0.  ,0.  ,0.  ,0.  ,0.  ,0.  ,0.  ,0.  ,0.  ,0.  ,
 0.  ,0.  ,0.  ,0.  ,0.  ,0.  ,0.  ,0.  ,0.  ,0.  ,0.  ,0.  ,0.  ,0.  ,
 0.  ,0.  ,0.  ,0.  ,0.  ,0.  ,0.  ,0.  ,0.  ,0.  ,0.  ,0.  ,0.  ,0.  ,
 0.  ,0.  ,0.  ,0.  ,0.  ,0.  ,0.  ,0.  ,0.  ,0.  ,0.  ,0.  ,0.  ,0.  ,
 0.  ,0.  ,0.  ,0.  ,0.  ,0.  ,0.  ,0.  ,0.  ,0.  ,0.  ,0.  ,0.  ,0.  ,
 0.  ,0.  ,0.  ,0.  ,0.  ,0.  ,0.  ,0.  ,0.  ,0.  ,0.  ,0.  ,0.  ,0.  ,
 0.  ,0.  ,0.  ,0.  ,0.  ,0.  ,0.  ,0.  ,0.  ,0.  ,0.  ,0.  ,0.  ,0.  ,
 0.  ,0.2 ,0.62,0.99,0.62,0.2 ,0.  ,0.  ,0.  ,0.  ,0.  ,0.  ,0.  ,0.  ,
 0.  ,0.  ,0.  ,0.  ,0.  ,0.  ,0.  ,0.  ,0.  ,0.  ,0.  ,0.  ,0.  ,0.  ,
 0.19,0.93,0.99,0.99,0.99,0.93,0.  ,0.  ,0.  ,0.  ,0.  ,0.  ,0.  ,0.  ,
 0.  ,0.  ,0.  ,0.  ,0.  ,0.  ,0.  ,0.  ,0.  ,0.  ,0.  ,0.  ,0.  ,0.21,
 0.89,0.99,0.99,0.94,0.91,0.99,0.22,0.02,0.  ,0.  ,0.  ,0.  ,0.  ,0.  ,
 0.  ,0.  ,0.  ,0.  ,0.  ,0.  ,0.  ,0.  ,0.  ,0.  ,0.  ,0.04,0.24,0.88,
 0.99,0.99,0.99,0.79,0.33,0.99,0.99,0.48,0.  ,0.  ,0.  ,0.  ,0.  ,0.  ,
 0.  ,0.  ,0.  ,0.  ,0.  ,0.  ,0.  ,0.  ,0.  ,0.  ,0.  ,0.64,0.99,0.99,
 0.99,0.99,0.99,0.99,0.38,0.74,0.99,0.65,0.  ,0.  ,0.  ,0.  ,0.  ,0.  ,
 0.  ,0.  ,0.  ,0.  ,0.  ,0.  ,0.  ,0.  ,0.  ,0.  ,0.2 ,0.93,0.99,0.99,
 0.75,0.45,0.99,0.89,0.18,0.31,1.  ,0.66,0.  ,0.  ,0.  ,0.  ,0.  ,0.  ,
 0.  ,0.  ,0.  ,0.  ,0.  ,0.  ,0.  ,0.  ,0.  ,0.19,0.93,0.99,0.99,0.7 ,
 0.05,0.29,0.47,0.08,0.  ,0.  ,0.99,0.95,0.2 ,0.  ,0.  ,0.  ,0.  ,0.  ,
 0.  ,0.  ,0.  ,0.  ,0.  ,0.  ,0.  ,0.  ,0.15,0.65,0.99,0.91,0.82,0.33,
 0.  ,0.  ,0.  ,0.  ,0.  ,0.  ,0.99,0.99,0.65,0.  ,0.  ,0.  ,0.  ,0.  ,
 0.  ,0.  ,0.  ,0.  ,0.  ,0.  ,0.  ,0.03,0.7 ,0.99,0.94,0.28,0.07,0.11,
 0.  ,0.  ,0.  ,0.  ,0.  ,0.  ,0.99,0.99,0.76,0.  ,0.  ,0.  ,0.  ,0.  ,
 0.  ,0.  ,0.  ,0.  ,0.  ,0.  ,0.  ,0.22,0.99,0.99,0.25,0.  ,0.  ,0.  ,
 0.  ,0.  ,0.  ,0.  ,0.  ,0.  ,0.99,0.99,0.76,0.  ,0.  ,0.  ,0.  ,0.  ,
 0.  ,0.  ,0.  ,0.  ,0.  ,0.  ,0.  ,0.78,0.99,0.75,0.  ,0.  ,0.  ,0.  ,
 0.  ,0.  ,0.  ,0.  ,0.  ,0.  ,1.  ,0.99,0.77,0.  ,0.  ,0.  ,0.  ,0.  ,
 0.  ,0.  ,0.  ,0.  ,0.  ,0.  ,0.3 ,0.96,0.99,0.44,0.  ,0.  ,0.  ,0.  ,
 0.  ,0.  ,0.  ,0.  ,0.  ,0.  ,0.99,0.99,0.58,0.  ,0.  ,0.  ,0.  ,0.  ,
 0.  ,0.  ,0.  ,0.  ,0.  ,0.  ,0.33,0.99,0.9 ,0.1 ,0.  ,0.  ,0.  ,0.  ,
 0.  ,0.  ,0.  ,0.  ,0.03,0.53,0.99,0.73,0.05,0.  ,0.  ,0.  ,0.  ,0.  ,
 0.  ,0.  ,0.  ,0.  ,0.  ,0.  ,0.33,0.99,0.87,0.  ,0.  ,0.  ,0.  ,0.  ,
 0.  ,0.  ,0.  ,0.03,0.51,0.99,0.88,0.28,0.  ,0.  ,0.  ,0.  ,0.  ,0.  ,
 0.  ,0.  ,0.  ,0.  ,0.  ,0.  ,0.33,0.99,0.57,0.  ,0.  ,0.  ,0.  ,0.  ,
 0.  ,0.  ,0.19,0.65,0.99,0.68,0.  ,0.  ,0.  ,0.  ,0.  ,0.  ,0.  ,0.  ,
 0.  ,0.  ,0.  ,0.  ,0.  ,0.  ,0.34,0.99,0.88,0.  ,0.  ,0.  ,0.  ,0.  ,
 0.  ,0.45,0.93,0.99,0.64,0.  ,0.  ,0.  ,0.  ,0.  ,0.  ,0.  ,0.  ,0.  ,
 0.  ,0.  ,0.  ,0.  ,0.  ,0.  ,0.33,0.99,0.98,0.57,0.19,0.11,0.33,0.7 ,
 0.88,0.99,0.87,0.65,0.22,0.  ,0.  ,0.  ,0.  ,0.  ,0.  ,0.  ,0.  ,0.  ,
 0.  ,0.  ,0.  ,0.  ,0.  ,0.  ,0.33,0.99,0.99,0.99,0.9 ,0.84,0.99,0.99,
 0.99,0.77,0.51,0.  ,0.  ,0.  ,0.  ,0.  ,0.  ,0.  ,0.  ,0.  ,0.  ,0.  ,
 0.  ,0.  ,0.  ,0.  ,0.  ,0.  ,0.11,0.78,0.99,0.99,0.99,0.99,0.99,0.91,
 0.57,0.  ,0.  ,0.  ,0.  ,0.  ,0.  ,0.  ,0.  ,0.  ,0.  ,0.  ,0.  ,0.  ,
 0.  ,0.  ,0.  ,0.  ,0.  ,0.  ,0.  ,0.1 ,0.5 ,0.99,0.99,0.99,0.55,0.15,
 0.  ,0.  ,0.  ,0.  ,0.  ,0.  ,0.  ,0.  ,0.  ,0.  ,0.  ,0.  ,0.  ,0.  ,
 0.  ,0.  ,0.  ,0.  ,0.  ,0.  ,0.  ,0.  ,0.  ,0.  ,0.  ,0.  ,0.  ,0.  ,
 0.  ,0.  ,0.  ,0.  ,0.  ,0.  ,0.  ,0.  ,0.  ,0.  ,0.  ,0.  ,0.  ,0.  ,
 0.  ,0.  ,0.  ,0.  ,0.  ,0.  ,0.  ,0.  ,0.  ,0.  ,0.  ,0.  ,0.  ,0.  ,
 0.  ,0.  ,0.  ,0.  ,0.  ,0.  ,0.  ,0.  ,0.  ,0.  ,0.  ,0.  ,0.  ,0.  ,
 0.  ,0.  ,0.  ,0.  ,0.  ,0.  ,0.  ,0.  ,0.  ,0.  ,0.  ,0.  ,0.  ,0.  ,
 0.  ,0.  ,0.  ,0.  ,0.  ,0.  ,0.  ,0.  ,0.  ,0.  ,0.  ,0.  ,0.  ,0.  ,
 0.  ,0.  ,0.  ,0.  ,0.  ,0.  ,0.  ,0.  ,0.  ,0.  ,0.  ,0.  ,0.  ,0.  ,
 0.  ,0.  ,0.  ,0.  ,0.  ,0.  ,0.  ,0.  ,0.  ,0.  ,0.  ,0.  ,0.  ,0.  ]",0,"[[-1.3498e-02,-4.8979e-03, 3.8246e-04,...,-1.1013e-02, 1.8778e-05,
   6.3096e-03],
 [-3.5537e-03,-2.9871e-03,-1.3974e-02,...,-5.6679e-03,-8.3602e-04,
   3.3509e-03],
 [-9.8223e-03,-9.9293e-03, 7.9568e-03,...,-2.7545e-03,-1.1057e-03,
   2.5672e-03],
 ...,
 [-7.8604e-03, 8.0771e-03, 1.3596e-02,...,-1.0829e-03,-1.1537e-03,
   3.9063e-03],
 [-5.7794e-03, 6.6186e-03, 1.2320e-03,..., 2.1307e-03,-6.7002e-03,
   5.2298e-03],
 [-2.5870e-03, 1.2748e-02,-2.7763e-03,...,-8.5902e-03, 7.8897e-03,
  -3.5166e-03]]","[[-0.0567, 0.0855,-0.0186,-0.0593, 0.0462, 0.022 , 0.0054,-0.002 ,-0.0189,
  -0.0035]]","[ 4.8511,-2.3658,-1.0759, 0.0598,-2.2755, 1.3797, 0.5184,-0.5123,-0.0153,
 -0.4455]","[9.3101e-01,6.8342e-04,2.4825e-03,7.7288e-03,7.4799e-04,2.8930e-02,
 1.2226e-02,4.3616e-03,7.1694e-03,4.6631e-03]","[[0.,0.,0.,...,0.,0.,0.],
 [0.,0.,0.,...,0.,0.,0.],
 [0.,0.,0.,...,0.,0.,0.],
 ...,
 [0.,0.,0.,...,0.,0.,0.],
 [0.,0.,0.,...,0.,0.,0.],
 [0.,0.,0.,...,0.,0.,0.]]","[-0.069 , 0.0007, 0.0025, 0.0077, 0.0007, 0.0289, 0.0122, 0.0044, 0.0072,
  0.0047]","[[ 0.0043,-0.0077, 0.0007, 0.0059,-0.005 ,-0.0029,-0.0005, 0.0005, 0.0028,
   0.0018]]"
55,"[0.  ,0.  ,0.  ,0.  ,0.  ,0.  ,0.  ,0.  ,0.  ,0.  ,0.  ,0.  ,0.  ,0.  ,
 0.  ,0.  ,0.  ,0.  ,0.  ,0.  ,0.  ,0.  ,0.  ,0.  ,0.  ,0.  ,0.  ,0.  ,
 0.  ,0.  ,0.  ,0.  ,0.  ,0.  ,0.  ,0.  ,0.  ,0.  ,0.  ,0.  ,0.  ,0.  ,
 0.  ,0.  ,0.  ,0.  ,0.  ,0.  ,0.  ,0.  ,0.  ,0.  ,0.  ,0.  ,0.  ,0.  ,
 0.  ,0.  ,0.  ,0.  ,0.  ,0.  ,0.  ,0.  ,0.  ,0.  ,0.  ,0.  ,0.  ,0.  ,
 0.  ,0.  ,0.  ,0.  ,0.  ,0.  ,0.  ,0.  ,0.  ,0.  ,0.  ,0.  ,0.  ,0.  ,
 0.  ,0.  ,0.  ,0.  ,0.  ,0.  ,0.  ,0.  ,0.  ,0.  ,0.  ,0.  ,0.  ,0.  ,
 0.  ,0.  ,0.  ,0.  ,0.  ,0.  ,0.  ,0.  ,0.  ,0.  ,0.  ,0.  ,0.  ,0.  ,
 0.  ,0.  ,0.  ,0.  ,0.  ,0.  ,0.  ,0.  ,0.  ,0.  ,0.  ,0.  ,0.  ,0.  ,
 0.  ,0.2 ,0.62,0.99,0.62,0.2 ,0.  ,0.  ,0.  ,0.  ,0.  ,0.  ,0.  ,0.  ,
 0.  ,0.  ,0.  ,0.  ,0.  ,0.  ,0.  ,0.  ,0.  ,0.  ,0.  ,0.  ,0.  ,0.  ,
 0.19,0.93,0.99,0.99,0.99,0.93,0.  ,0.  ,0.  ,0.  ,0.  ,0.  ,0.  ,0.  ,
 0.  ,0.  ,0.  ,0.  ,0.  ,0.  ,0.  ,0.  ,0.  ,0.  ,0.  ,0.  ,0.  ,0.21,
 0.89,0.99,0.99,0.94,0.91,0.99,0.22,0.02,0.  ,0.  ,0.  ,0.  ,0.  ,0.  ,
 0.  ,0.  ,0.  ,0.  ,0.  ,0.  ,0.  ,0.  ,0.  ,0.  ,0.  ,0.04,0.24,0.88,
 0.99,0.99,0.99,0.79,0.33,0.99,0.99,0.48,0.  ,0.  ,0.  ,0.  ,0.  ,0.  ,
 0.  ,0.  ,0.  ,0.  ,0.  ,0.  ,0.  ,0.  ,0.  ,0.  ,0.  ,0.64,0.99,0.99,
 0.99,0.99,0.99,0.99,0.38,0.74,0.99,0.65,0.  ,0.  ,0.  ,0.  ,0.  ,0.  ,
 0.  ,0.  ,0.  ,0.  ,0.  ,0.  ,0.  ,0.  ,0.  ,0.  ,0.2 ,0.93,0.99,0.99,
 0.75,0.45,0.99,0.89,0.18,0.31,1.  ,0.66,0.  ,0.  ,0.  ,0.  ,0.  ,0.  ,
 0.  ,0.  ,0.  ,0.  ,0.  ,0.  ,0.  ,0.  ,0.  ,0.19,0.93,0.99,0.99,0.7 ,
 0.05,0.29,0.47,0.08,0.  ,0.  ,0.99,0.95,0.2 ,0.  ,0.  ,0.  ,0.  ,0.  ,
 0.  ,0.  ,0.  ,0.  ,0.  ,0.  ,0.  ,0.  ,0.15,0.65,0.99,0.91,0.82,0.33,
 0.  ,0.  ,0.  ,0.  ,0.  ,0.  ,0.99,0.99,0.65,0.  ,0.  ,0.  ,0.  ,0.  ,
 0.  ,0.  ,0.  ,0.  ,0.  ,0.  ,0.  ,0.03,0.7 ,0.99,0.94,0.28,0.07,0.11,
 0.  ,0.  ,0.  ,0.  ,0.  ,0.  ,0.99,0.99,0.76,0.  ,0.  ,0.  ,0.  ,0.  ,
 0.  ,0.  ,0.  ,0.  ,0.  ,0.  ,0.  ,0.22,0.99,0.99,0.25,0.  ,0.  ,0.  ,
 0.  ,0.  ,0.  ,0.  ,0.  ,0.  ,0.99,0.99,0.76,0.  ,0.  ,0.  ,0.  ,0.  ,
 0.  ,0.  ,0.  ,0.  ,0.  ,0.  ,0.  ,0.78,0.99,0.75,0.  ,0.  ,0.  ,0.  ,
 0.  ,0.  ,0.  ,0.  ,0.  ,0.  ,1.  ,0.99,0.77,0.  ,0.  ,0.  ,0.  ,0.  ,
 0.  ,0.  ,0.  ,0.  ,0.  ,0.  ,0.3 ,0.96,0.99,0.44,0.  ,0.  ,0.  ,0.  ,
 0.  ,0.  ,0.  ,0.  ,0.  ,0.  ,0.99,0.99,0.58,0.  ,0.  ,0.  ,0.  ,0.  ,
 0.  ,0.  ,0.  ,0.  ,0.  ,0.  ,0.33,0.99,0.9 ,0.1 ,0.  ,0.  ,0.  ,0.  ,
 0.  ,0.  ,0.  ,0.  ,0.03,0.53,0.99,0.73,0.05,0.  ,0.  ,0.  ,0.  ,0.  ,
 0.  ,0.  ,0.  ,0.  ,0.  ,0.  ,0.33,0.99,0.87,0.  ,0.  ,0.  ,0.  ,0.  ,
 0.  ,0.  ,0.  ,0.03,0.51,0.99,0.88,0.28,0.  ,0.  ,0.  ,0.  ,0.  ,0.  ,
 0.  ,0.  ,0.  ,0.  ,0.  ,0.  ,0.33,0.99,0.57,0.  ,0.  ,0.  ,0.  ,0.  ,
 0.  ,0.  ,0.19,0.65,0.99,0.68,0.  ,0.  ,0.  ,0.  ,0.  ,0.  ,0.  ,0.  ,
 0.  ,0.  ,0.  ,0.  ,0.  ,0.  ,0.34,0.99,0.88,0.  ,0.  ,0.  ,0.  ,0.  ,
 0.  ,0.45,0.93,0.99,0.64,0.  ,0.  ,0.  ,0.  ,0.  ,0.  ,0.  ,0.  ,0.  ,
 0.  ,0.  ,0.  ,0.  ,0.  ,0.  ,0.33,0.99,0.98,0.57,0.19,0.11,0.33,0.7 ,
 0.88,0.99,0.87,0.65,0.22,0.  ,0.  ,0.  ,0.  ,0.  ,0.  ,0.  ,0.  ,0.  ,
 0.  ,0.  ,0.  ,0.  ,0.  ,0.  ,0.33,0.99,0.99,0.99,0.9 ,0.84,0.99,0.99,
 0.99,0.77,0.51,0.  ,0.  ,0.  ,0.  ,0.  ,0.  ,0.  ,0.  ,0.  ,0.  ,0.  ,
 0.  ,0.  ,0.  ,0.  ,0.  ,0.  ,0.11,0.78,0.99,0.99,0.99,0.99,0.99,0.91,
 0.57,0.  ,0.  ,0.  ,0.  ,0.  ,0.  ,0.  ,0.  ,0.  ,0.  ,0.  ,0.  ,0.  ,
 0.  ,0.  ,0.  ,0.  ,0.  ,0.  ,0.  ,0.1 ,0.5 ,0.99,0.99,0.99,0.55,0.15,
 0.  ,0.  ,0.  ,0.  ,0.  ,0.  ,0.  ,0.  ,0.  ,0.  ,0.  ,0.  ,0.  ,0.  ,
 0.  ,0.  ,0.  ,0.  ,0.  ,0.  ,0.  ,0.  ,0.  ,0.  ,0.  ,0.  ,0.  ,0.  ,
 0.  ,0.  ,0.  ,0.  ,0.  ,0.  ,0.  ,0.  ,0.  ,0.  ,0.  ,0.  ,0.  ,0.  ,
 0.  ,0.  ,0.  ,0.  ,0.  ,0.  ,0.  ,0.  ,0.  ,0.  ,0.  ,0.  ,0.  ,0.  ,
 0.  ,0.  ,0.  ,0.  ,0.  ,0.  ,0.  ,0.  ,0.  ,0.  ,0.  ,0.  ,0.  ,0.  ,
 0.  ,0.  ,0.  ,0.  ,0.  ,0.  ,0.  ,0.  ,0.  ,0.  ,0.  ,0.  ,0.  ,0.  ,
 0.  ,0.  ,0.  ,0.  ,0.  ,0.  ,0.  ,0.  ,0.  ,0.  ,0.  ,0.  ,0.  ,0.  ,
 0.  ,0.  ,0.  ,0.  ,0.  ,0.  ,0.  ,0.  ,0.  ,0.  ,0.  ,0.  ,0.  ,0.  ,
 0.  ,0.  ,0.  ,0.  ,0.  ,0.  ,0.  ,0.  ,0.  ,0.  ,0.  ,0.  ,0.  ,0.  ]",0,"[[-1.3498e-02,-4.8979e-03, 3.8246e-04,...,-1.1013e-02, 1.8778e-05,
   6.3096e-03],
 [-3.5537e-03,-2.9871e-03,-1.3974e-02,...,-5.6679e-03,-8.3602e-04,
   3.3509e-03],
 [-9.8223e-03,-9.9293e-03, 7.9568e-03,...,-2.7545e-03,-1.1057e-03,
   2.5672e-03],
 ...,
 [-7.8604e-03, 8.0771e-03, 1.3596e-02,...,-1.0829e-03,-1.1537e-03,
   3.9063e-03],
 [-5.7794e-03, 6.6186e-03, 1.2320e-03,..., 2.1307e-03,-6.7002e-03,
   5.2298e-03],
 [-2.5870e-03, 1.2748e-02,-2.7763e-03,...,-8.5902e-03, 7.8897e-03,
  -3.5166e-03]]","[[-0.0571, 0.0863,-0.0187,-0.0599, 0.0467, 0.0223, 0.0054,-0.002 ,-0.0192,
  -0.0037]]","[ 4.8817,-2.3853,-1.0853, 0.0634,-2.2933, 1.3904, 0.5255,-0.5153,-0.0142,
 -0.4487]","[9.3262e-01,6.5113e-04,2.3893e-03,7.5357e-03,7.1389e-04,2.8408e-02,
 1.1963e-02,4.2249e-03,6.9733e-03,4.5160e-03]","[[0.,0.,0.,...,0.,0.,0.],
 [0.,0.,0.,...,0.,0.,0.],
 [0.,0.,0.,...,0.,0.,0.],
 ...,
 [0.,0.,0.,...,0.,0.,0.],
 [0.,0.,0.,...,0.,0.,0.],
 [0.,0.,0.,...,0.,0.,0.]]","[-0.0674, 0.0007, 0.0024, 0.0075, 0.0007, 0.0284, 0.012 , 0.0042, 0.007 ,
  0.0045]","[[ 0.0042,-0.0076, 0.0007, 0.0058,-0.005 ,-0.0028,-0.0004, 0.0005, 0.0028,
   0.0018]]"
56,"[0.  ,0.  ,0.  ,0.  ,0.  ,0.  ,0.  ,0.  ,0.  ,0.  ,0.  ,0.  ,0.  ,0.  ,
 0.  ,0.  ,0.  ,0.  ,0.  ,0.  ,0.  ,0.  ,0.  ,0.  ,0.  ,0.  ,0.  ,0.  ,
 0.  ,0.  ,0.  ,0.  ,0.  ,0.  ,0.  ,0.  ,0.  ,0.  ,0.  ,0.  ,0.  ,0.  ,
 0.  ,0.  ,0.  ,0.  ,0.  ,0.  ,0.  ,0.  ,0.  ,0.  ,0.  ,0.  ,0.  ,0.  ,
 0.  ,0.  ,0.  ,0.  ,0.  ,0.  ,0.  ,0.  ,0.  ,0.  ,0.  ,0.  ,0.  ,0.  ,
 0.  ,0.  ,0.  ,0.  ,0.  ,0.  ,0.  ,0.  ,0.  ,0.  ,0.  ,0.  ,0.  ,0.  ,
 0.  ,0.  ,0.  ,0.  ,0.  ,0.  ,0.  ,0.  ,0.  ,0.  ,0.  ,0.  ,0.  ,0.  ,
 0.  ,0.  ,0.  ,0.  ,0.  ,0.  ,0.  ,0.  ,0.  ,0.  ,0.  ,0.  ,0.  ,0.  ,
 0.  ,0.  ,0.  ,0.  ,0.  ,0.  ,0.  ,0.  ,0.  ,0.  ,0.  ,0.  ,0.  ,0.  ,
 0.  ,0.2 ,0.62,0.99,0.62,0.2 ,0.  ,0.  ,0.  ,0.  ,0.  ,0.  ,0.  ,0.  ,
 0.  ,0.  ,0.  ,0.  ,0.  ,0.  ,0.  ,0.  ,0.  ,0.  ,0.  ,0.  ,0.  ,0.  ,
 0.19,0.93,0.99,0.99,0.99,0.93,0.  ,0.  ,0.  ,0.  ,0.  ,0.  ,0.  ,0.  ,
 0.  ,0.  ,0.  ,0.  ,0.  ,0.  ,0.  ,0.  ,0.  ,0.  ,0.  ,0.  ,0.  ,0.21,
 0.89,0.99,0.99,0.94,0.91,0.99,0.22,0.02,0.  ,0.  ,0.  ,0.  ,0.  ,0.  ,
 0.  ,0.  ,0.  ,0.  ,0.  ,0.  ,0.  ,0.  ,0.  ,0.  ,0.  ,0.04,0.24,0.88,
 0.99,0.99,0.99,0.79,0.33,0.99,0.99,0.48,0.  ,0.  ,0.  ,0.  ,0.  ,0.  ,
 0.  ,0.  ,0.  ,0.  ,0.  ,0.  ,0.  ,0.  ,0.  ,0.  ,0.  ,0.64,0.99,0.99,
 0.99,0.99,0.99,0.99,0.38,0.74,0.99,0.65,0.  ,0.  ,0.  ,0.  ,0.  ,0.  ,
 0.  ,0.  ,0.  ,0.  ,0.  ,0.  ,0.  ,0.  ,0.  ,0.  ,0.2 ,0.93,0.99,0.99,
 0.75,0.45,0.99,0.89,0.18,0.31,1.  ,0.66,0.  ,0.  ,0.  ,0.  ,0.  ,0.  ,
 0.  ,0.  ,0.  ,0.  ,0.  ,0.  ,0.  ,0.  ,0.  ,0.19,0.93,0.99,0.99,0.7 ,
 0.05,0.29,0.47,0.08,0.  ,0.  ,0.99,0.95,0.2 ,0.  ,0.  ,0.  ,0.  ,0.  ,
 0.  ,0.  ,0.  ,0.  ,0.  ,0.  ,0.  ,0.  ,0.15,0.65,0.99,0.91,0.82,0.33,
 0.  ,0.  ,0.  ,0.  ,0.  ,0.  ,0.99,0.99,0.65,0.  ,0.  ,0.  ,0.  ,0.  ,
 0.  ,0.  ,0.  ,0.  ,0.  ,0.  ,0.  ,0.03,0.7 ,0.99,0.94,0.28,0.07,0.11,
 0.  ,0.  ,0.  ,0.  ,0.  ,0.  ,0.99,0.99,0.76,0.  ,0.  ,0.  ,0.  ,0.  ,
 0.  ,0.  ,0.  ,0.  ,0.  ,0.  ,0.  ,0.22,0.99,0.99,0.25,0.  ,0.  ,0.  ,
 0.  ,0.  ,0.  ,0.  ,0.  ,0.  ,0.99,0.99,0.76,0.  ,0.  ,0.  ,0.  ,0.  ,
 0.  ,0.  ,0.  ,0.  ,0.  ,0.  ,0.  ,0.78,0.99,0.75,0.  ,0.  ,0.  ,0.  ,
 0.  ,0.  ,0.  ,0.  ,0.  ,0.  ,1.  ,0.99,0.77,0.  ,0.  ,0.  ,0.  ,0.  ,
 0.  ,0.  ,0.  ,0.  ,0.  ,0.  ,0.3 ,0.96,0.99,0.44,0.  ,0.  ,0.  ,0.  ,
 0.  ,0.  ,0.  ,0.  ,0.  ,0.  ,0.99,0.99,0.58,0.  ,0.  ,0.  ,0.  ,0.  ,
 0.  ,0.  ,0.  ,0.  ,0.  ,0.  ,0.33,0.99,0.9 ,0.1 ,0.  ,0.  ,0.  ,0.  ,
 0.  ,0.  ,0.  ,0.  ,0.03,0.53,0.99,0.73,0.05,0.  ,0.  ,0.  ,0.  ,0.  ,
 0.  ,0.  ,0.  ,0.  ,0.  ,0.  ,0.33,0.99,0.87,0.  ,0.  ,0.  ,0.  ,0.  ,
 0.  ,0.  ,0.  ,0.03,0.51,0.99,0.88,0.28,0.  ,0.  ,0.  ,0.  ,0.  ,0.  ,
 0.  ,0.  ,0.  ,0.  ,0.  ,0.  ,0.33,0.99,0.57,0.  ,0.  ,0.  ,0.  ,0.  ,
 0.  ,0.  ,0.19,0.65,0.99,0.68,0.  ,0.  ,0.  ,0.  ,0.  ,0.  ,0.  ,0.  ,
 0.  ,0.  ,0.  ,0.  ,0.  ,0.  ,0.34,0.99,0.88,0.  ,0.  ,0.  ,0.  ,0.  ,
 0.  ,0.45,0.93,0.99,0.64,0.  ,0.  ,0.  ,0.  ,0.  ,0.  ,0.  ,0.  ,0.  ,
 0.  ,0.  ,0.  ,0.  ,0.  ,0.  ,0.33,0.99,0.98,0.57,0.19,0.11,0.33,0.7 ,
 0.88,0.99,0.87,0.65,0.22,0.  ,0.  ,0.  ,0.  ,0.  ,0.  ,0.  ,0.  ,0.  ,
 0.  ,0.  ,0.  ,0.  ,0.  ,0.  ,0.33,0.99,0.99,0.99,0.9 ,0.84,0.99,0.99,
 0.99,0.77,0.51,0.  ,0.  ,0.  ,0.  ,0.  ,0.  ,0.  ,0.  ,0.  ,0.  ,0.  ,
 0.  ,0.  ,0.  ,0.  ,0.  ,0.  ,0.11,0.78,0.99,0.99,0.99,0.99,0.99,0.91,
 0.57,0.  ,0.  ,0.  ,0.  ,0.  ,0.  ,0.  ,0.  ,0.  ,0.  ,0.  ,0.  ,0.  ,
 0.  ,0.  ,0.  ,0.  ,0.  ,0.  ,0.  ,0.1 ,0.5 ,0.99,0.99,0.99,0.55,0.15,
 0.  ,0.  ,0.  ,0.  ,0.  ,0.  ,0.  ,0.  ,0.  ,0.  ,0.  ,0.  ,0.  ,0.  ,
 0.  ,0.  ,0.  ,0.  ,0.  ,0.  ,0.  ,0.  ,0.  ,0.  ,0.  ,0.  ,0.  ,0.  ,
 0.  ,0.  ,0.  ,0.  ,0.  ,0.  ,0.  ,0.  ,0.  ,0.  ,0.  ,0.  ,0.  ,0.  ,
 0.  ,0.  ,0.  ,0.  ,0.  ,0.  ,0.  ,0.  ,0.  ,0.  ,0.  ,0.  ,0.  ,0.  ,
 0.  ,0.  ,0.  ,0.  ,0.  ,0.  ,0.  ,0.  ,0.  ,0.  ,0.  ,0.  ,0.  ,0.  ,
 0.  ,0.  ,0.  ,0.  ,0.  ,0.  ,0.  ,0.  ,0.  ,0.  ,0.  ,0.  ,0.  ,0.  ,
 0.  ,0.  ,0.  ,0.  ,0.  ,0.  ,0.  ,0.  ,0.  ,0.  ,0.  ,0.  ,0.  ,0.  ,
 0.  ,0.  ,0.  ,0.  ,0.  ,0.  ,0.  ,0.  ,0.  ,0.  ,0.  ,0.  ,0.  ,0.  ,
 0.  ,0.  ,0.  ,0.  ,0.  ,0.  ,0.  ,0.  ,0.  ,0.  ,0.  ,0.  ,0.  ,0.  ]",0,"[[-1.3498e-02,-4.8979e-03, 3.8246e-04,...,-1.1013e-02, 1.8778e-05,
   6.3096e-03],
 [-3.5537e-03,-2.9871e-03,-1.3974e-02,...,-5.6679e-03,-8.3602e-04,
   3.3509e-03],
 [-9.8223e-03,-9.9293e-03, 7.9568e-03,...,-2.7545e-03,-1.1057e-03,
   2.5672e-03],
 ...,
 [-7.8604e-03, 8.0771e-03, 1.3596e-02,...,-1.0829e-03,-1.1537e-03,
   3.9063e-03],
 [-5.7794e-03, 6.6186e-03, 1.2320e-03,..., 2.1307e-03,-6.7002e-03,
   5.2298e-03],
 [-2.5870e-03, 1.2748e-02,-2.7763e-03,...,-8.5902e-03, 7.8897e-03,
  -3.5166e-03]]","[[-0.0575, 0.087 ,-0.0188,-0.0605, 0.0472, 0.0226, 0.0055,-0.0021,-0.0195,
  -0.0039]]","[ 4.9117,-2.4045,-1.0946, 0.0669,-2.3108, 1.4008, 0.5326,-0.5182,-0.0132,
 -0.4518]","[9.3417e-01,6.2089e-04,2.3011e-03,7.3509e-03,6.8188e-04,2.7903e-02,
 1.1711e-02,4.0947e-03,6.7855e-03,4.3759e-03]","[[0.,0.,0.,...,0.,0.,0.],
 [0.,0.,0.,...,0.,0.,0.],
 [0.,0.,0.,...,0.,0.,0.],
 ...,
 [0.,0.,0.,...,0.,0.,0.],
 [0.,0.,0.,...,0.,0.,0.],
 [0.,0.,0.,...,0.,0.,0.]]","[-0.0658, 0.0006, 0.0023, 0.0074, 0.0007, 0.0279, 0.0117, 0.0041, 0.0068,
  0.0044]","[[ 0.0041,-0.0075, 0.0006, 0.0057,-0.0049,-0.0028,-0.0004, 0.0005, 0.0028,
   0.0018]]"
57,"[0.  ,0.  ,0.  ,0.  ,0.  ,0.  ,0.  ,0.  ,0.  ,0.  ,0.  ,0.  ,0.  ,0.  ,
 0.  ,0.  ,0.  ,0.  ,0.  ,0.  ,0.  ,0.  ,0.  ,0.  ,0.  ,0.  ,0.  ,0.  ,
 0.  ,0.  ,0.  ,0.  ,0.  ,0.  ,0.  ,0.  ,0.  ,0.  ,0.  ,0.  ,0.  ,0.  ,
 0.  ,0.  ,0.  ,0.  ,0.  ,0.  ,0.  ,0.  ,0.  ,0.  ,0.  ,0.  ,0.  ,0.  ,
 0.  ,0.  ,0.  ,0.  ,0.  ,0.  ,0.  ,0.  ,0.  ,0.  ,0.  ,0.  ,0.  ,0.  ,
 0.  ,0.  ,0.  ,0.  ,0.  ,0.  ,0.  ,0.  ,0.  ,0.  ,0.  ,0.  ,0.  ,0.  ,
 0.  ,0.  ,0.  ,0.  ,0.  ,0.  ,0.  ,0.  ,0.  ,0.  ,0.  ,0.  ,0.  ,0.  ,
 0.  ,0.  ,0.  ,0.  ,0.  ,0.  ,0.  ,0.  ,0.  ,0.  ,0.  ,0.  ,0.  ,0.  ,
 0.  ,0.  ,0.  ,0.  ,0.  ,0.  ,0.  ,0.  ,0.  ,0.  ,0.  ,0.  ,0.  ,0.  ,
 0.  ,0.2 ,0.62,0.99,0.62,0.2 ,0.  ,0.  ,0.  ,0.  ,0.  ,0.  ,0.  ,0.  ,
 0.  ,0.  ,0.  ,0.  ,0.  ,0.  ,0.  ,0.  ,0.  ,0.  ,0.  ,0.  ,0.  ,0.  ,
 0.19,0.93,0.99,0.99,0.99,0.93,0.  ,0.  ,0.  ,0.  ,0.  ,0.  ,0.  ,0.  ,
 0.  ,0.  ,0.  ,0.  ,0.  ,0.  ,0.  ,0.  ,0.  ,0.  ,0.  ,0.  ,0.  ,0.21,
 0.89,0.99,0.99,0.94,0.91,0.99,0.22,0.02,0.  ,0.  ,0.  ,0.  ,0.  ,0.  ,
 0.  ,0.  ,0.  ,0.  ,0.  ,0.  ,0.  ,0.  ,0.  ,0.  ,0.  ,0.04,0.24,0.88,
 0.99,0.99,0.99,0.79,0.33,0.99,0.99,0.48,0.  ,0.  ,0.  ,0.  ,0.  ,0.  ,
 0.  ,0.  ,0.  ,0.  ,0.  ,0.  ,0.  ,0.  ,0.  ,0.  ,0.  ,0.64,0.99,0.99,
 0.99,0.99,0.99,0.99,0.38,0.74,0.99,0.65,0.  ,0.  ,0.  ,0.  ,0.  ,0.  ,
 0.  ,0.  ,0.  ,0.  ,0.  ,0.  ,0.  ,0.  ,0.  ,0.  ,0.2 ,0.93,0.99,0.99,
 0.75,0.45,0.99,0.89,0.18,0.31,1.  ,0.66,0.  ,0.  ,0.  ,0.  ,0.  ,0.  ,
 0.  ,0.  ,0.  ,0.  ,0.  ,0.  ,0.  ,0.  ,0.  ,0.19,0.93,0.99,0.99,0.7 ,
 0.05,0.29,0.47,0.08,0.  ,0.  ,0.99,0.95,0.2 ,0.  ,0.  ,0.  ,0.  ,0.  ,
 0.  ,0.  ,0.  ,0.  ,0.  ,0.  ,0.  ,0.  ,0.15,0.65,0.99,0.91,0.82,0.33,
 0.  ,0.  ,0.  ,0.  ,0.  ,0.  ,0.99,0.99,0.65,0.  ,0.  ,0.  ,0.  ,0.  ,
 0.  ,0.  ,0.  ,0.  ,0.  ,0.  ,0.  ,0.03,0.7 ,0.99,0.94,0.28,0.07,0.11,
 0.  ,0.  ,0.  ,0.  ,0.  ,0.  ,0.99,0.99,0.76,0.  ,0.  ,0.  ,0.  ,0.  ,
 0.  ,0.  ,0.  ,0.  ,0.  ,0.  ,0.  ,0.22,0.99,0.99,0.25,0.  ,0.  ,0.  ,
 0.  ,0.  ,0.  ,0.  ,0.  ,0.  ,0.99,0.99,0.76,0.  ,0.  ,0.  ,0.  ,0.  ,
 0.  ,0.  ,0.  ,0.  ,0.  ,0.  ,0.  ,0.78,0.99,0.75,0.  ,0.  ,0.  ,0.  ,
 0.  ,0.  ,0.  ,0.  ,0.  ,0.  ,1.  ,0.99,0.77,0.  ,0.  ,0.  ,0.  ,0.  ,
 0.  ,0.  ,0.  ,0.  ,0.  ,0.  ,0.3 ,0.96,0.99,0.44,0.  ,0.  ,0.  ,0.  ,
 0.  ,0.  ,0.  ,0.  ,0.  ,0.  ,0.99,0.99,0.58,0.  ,0.  ,0.  ,0.  ,0.  ,
 0.  ,0.  ,0.  ,0.  ,0.  ,0.  ,0.33,0.99,0.9 ,0.1 ,0.  ,0.  ,0.  ,0.  ,
 0.  ,0.  ,0.  ,0.  ,0.03,0.53,0.99,0.73,0.05,0.  ,0.  ,0.  ,0.  ,0.  ,
 0.  ,0.  ,0.  ,0.  ,0.  ,0.  ,0.33,0.99,0.87,0.  ,0.  ,0.  ,0.  ,0.  ,
 0.  ,0.  ,0.  ,0.03,0.51,0.99,0.88,0.28,0.  ,0.  ,0.  ,0.  ,0.  ,0.  ,
 0.  ,0.  ,0.  ,0.  ,0.  ,0.  ,0.33,0.99,0.57,0.  ,0.  ,0.  ,0.  ,0.  ,
 0.  ,0.  ,0.19,0.65,0.99,0.68,0.  ,0.  ,0.  ,0.  ,0.  ,0.  ,0.  ,0.  ,
 0.  ,0.  ,0.  ,0.  ,0.  ,0.  ,0.34,0.99,0.88,0.  ,0.  ,0.  ,0.  ,0.  ,
 0.  ,0.45,0.93,0.99,0.64,0.  ,0.  ,0.  ,0.  ,0.  ,0.  ,0.  ,0.  ,0.  ,
 0.  ,0.  ,0.  ,0.  ,0.  ,0.  ,0.33,0.99,0.98,0.57,0.19,0.11,0.33,0.7 ,
 0.88,0.99,0.87,0.65,0.22,0.  ,0.  ,0.  ,0.  ,0.  ,0.  ,0.  ,0.  ,0.  ,
 0.  ,0.  ,0.  ,0.  ,0.  ,0.  ,0.33,0.99,0.99,0.99,0.9 ,0.84,0.99,0.99,
 0.99,0.77,0.51,0.  ,0.  ,0.  ,0.  ,0.  ,0.  ,0.  ,0.  ,0.  ,0.  ,0.  ,
 0.  ,0.  ,0.  ,0.  ,0.  ,0.  ,0.11,0.78,0.99,0.99,0.99,0.99,0.99,0.91,
 0.57,0.  ,0.  ,0.  ,0.  ,0.  ,0.  ,0.  ,0.  ,0.  ,0.  ,0.  ,0.  ,0.  ,
 0.  ,0.  ,0.  ,0.  ,0.  ,0.  ,0.  ,0.1 ,0.5 ,0.99,0.99,0.99,0.55,0.15,
 0.  ,0.  ,0.  ,0.  ,0.  ,0.  ,0.  ,0.  ,0.  ,0.  ,0.  ,0.  ,0.  ,0.  ,
 0.  ,0.  ,0.  ,0.  ,0.  ,0.  ,0.  ,0.  ,0.  ,0.  ,0.  ,0.  ,0.  ,0.  ,
 0.  ,0.  ,0.  ,0.  ,0.  ,0.  ,0.  ,0.  ,0.  ,0.  ,0.  ,0.  ,0.  ,0.  ,
 0.  ,0.  ,0.  ,0.  ,0.  ,0.  ,0.  ,0.  ,0.  ,0.  ,0.  ,0.  ,0.  ,0.  ,
 0.  ,0.  ,0.  ,0.  ,0.  ,0.  ,0.  ,0.  ,0.  ,0.  ,0.  ,0.  ,0.  ,0.  ,
 0.  ,0.  ,0.  ,0.  ,0.  ,0.  ,0.  ,0.  ,0.  ,0.  ,0.  ,0.  ,0.  ,0.  ,
 0.  ,0.  ,0.  ,0.  ,0.  ,0.  ,0.  ,0.  ,0.  ,0.  ,0.  ,0.  ,0.  ,0.  ,
 0.  ,0.  ,0.  ,0.  ,0.  ,0.  ,0.  ,0.  ,0.  ,0.  ,0.  ,0.  ,0.  ,0.  ,
 0.  ,0.  ,0.  ,0.  ,0.  ,0.  ,0.  ,0.  ,0.  ,0.  ,0.  ,0.  ,0.  ,0.  ]",0,"[[-1.3498e-02,-4.8979e-03, 3.8246e-04,...,-1.1013e-02, 1.8778e-05,
   6.3096e-03],
 [-3.5537e-03,-2.9871e-03,-1.3974e-02,...,-5.6679e-03,-8.3602e-04,
   3.3509e-03],
 [-9.8223e-03,-9.9293e-03, 7.9568e-03,...,-2.7545e-03,-1.1057e-03,
   2.5672e-03],
 ...,
 [-7.8604e-03, 8.0771e-03, 1.3596e-02,...,-1.0829e-03,-1.1537e-03,
   3.9063e-03],
 [-5.7794e-03, 6.6186e-03, 1.2320e-03,..., 2.1307e-03,-6.7002e-03,
   5.2298e-03],
 [-2.5870e-03, 1.2748e-02,-2.7763e-03,...,-8.5902e-03, 7.8897e-03,
  -3.5166e-03]]","[[-0.0579, 0.0877,-0.0188,-0.0611, 0.0476, 0.0228, 0.0055,-0.0021,-0.0197,
  -0.0041]]","[ 4.9412,-2.4234,-1.1037, 0.0704,-2.3281, 1.411 , 0.5397,-0.5211,-0.0122,
 -0.455 ]","[9.3566e-01,5.9254e-04,2.2174e-03,7.1740e-03,6.5180e-04,2.7414e-02,
 1.1470e-02,3.9707e-03,6.6054e-03,4.2423e-03]","[[0.,0.,0.,...,0.,0.,0.],
 [0.,0.,0.,...,0.,0.,0.],
 [0.,0.,0.,...,0.,0.,0.],
 ...,
 [0.,0.,0.,...,0.,0.,0.],
 [0.,0.,0.,...,0.,0.,0.],
 [0.,0.,0.,...,0.,0.,0.]]","[-0.0643, 0.0006, 0.0022, 0.0072, 0.0007, 0.0274, 0.0115, 0.004 , 0.0066,
  0.0042]","[[ 0.004 ,-0.0073, 0.0006, 0.0057,-0.0048,-0.0028,-0.0004, 0.0005, 0.0027,
   0.0018]]"
58,"[0.  ,0.  ,0.  ,0.  ,0.  ,0.  ,0.  ,0.  ,0.  ,0.  ,0.  ,0.  ,0.  ,0.  ,
 0.  ,0.  ,0.  ,0.  ,0.  ,0.  ,0.  ,0.  ,0.  ,0.  ,0.  ,0.  ,0.  ,0.  ,
 0.  ,0.  ,0.  ,0.  ,0.  ,0.  ,0.  ,0.  ,0.  ,0.  ,0.  ,0.  ,0.  ,0.  ,
 0.  ,0.  ,0.  ,0.  ,0.  ,0.  ,0.  ,0.  ,0.  ,0.  ,0.  ,0.  ,0.  ,0.  ,
 0.  ,0.  ,0.  ,0.  ,0.  ,0.  ,0.  ,0.  ,0.  ,0.  ,0.  ,0.  ,0.  ,0.  ,
 0.  ,0.  ,0.  ,0.  ,0.  ,0.  ,0.  ,0.  ,0.  ,0.  ,0.  ,0.  ,0.  ,0.  ,
 0.  ,0.  ,0.  ,0.  ,0.  ,0.  ,0.  ,0.  ,0.  ,0.  ,0.  ,0.  ,0.  ,0.  ,
 0.  ,0.  ,0.  ,0.  ,0.  ,0.  ,0.  ,0.  ,0.  ,0.  ,0.  ,0.  ,0.  ,0.  ,
 0.  ,0.  ,0.  ,0.  ,0.  ,0.  ,0.  ,0.  ,0.  ,0.  ,0.  ,0.  ,0.  ,0.  ,
 0.  ,0.2 ,0.62,0.99,0.62,0.2 ,0.  ,0.  ,0.  ,0.  ,0.  ,0.  ,0.  ,0.  ,
 0.  ,0.  ,0.  ,0.  ,0.  ,0.  ,0.  ,0.  ,0.  ,0.  ,0.  ,0.  ,0.  ,0.  ,
 0.19,0.93,0.99,0.99,0.99,0.93,0.  ,0.  ,0.  ,0.  ,0.  ,0.  ,0.  ,0.  ,
 0.  ,0.  ,0.  ,0.  ,0.  ,0.  ,0.  ,0.  ,0.  ,0.  ,0.  ,0.  ,0.  ,0.21,
 0.89,0.99,0.99,0.94,0.91,0.99,0.22,0.02,0.  ,0.  ,0.  ,0.  ,0.  ,0.  ,
 0.  ,0.  ,0.  ,0.  ,0.  ,0.  ,0.  ,0.  ,0.  ,0.  ,0.  ,0.04,0.24,0.88,
 0.99,0.99,0.99,0.79,0.33,0.99,0.99,0.48,0.  ,0.  ,0.  ,0.  ,0.  ,0.  ,
 0.  ,0.  ,0.  ,0.  ,0.  ,0.  ,0.  ,0.  ,0.  ,0.  ,0.  ,0.64,0.99,0.99,
 0.99,0.99,0.99,0.99,0.38,0.74,0.99,0.65,0.  ,0.  ,0.  ,0.  ,0.  ,0.  ,
 0.  ,0.  ,0.  ,0.  ,0.  ,0.  ,0.  ,0.  ,0.  ,0.  ,0.2 ,0.93,0.99,0.99,
 0.75,0.45,0.99,0.89,0.18,0.31,1.  ,0.66,0.  ,0.  ,0.  ,0.  ,0.  ,0.  ,
 0.  ,0.  ,0.  ,0.  ,0.  ,0.  ,0.  ,0.  ,0.  ,0.19,0.93,0.99,0.99,0.7 ,
 0.05,0.29,0.47,0.08,0.  ,0.  ,0.99,0.95,0.2 ,0.  ,0.  ,0.  ,0.  ,0.  ,
 0.  ,0.  ,0.  ,0.  ,0.  ,0.  ,0.  ,0.  ,0.15,0.65,0.99,0.91,0.82,0.33,
 0.  ,0.  ,0.  ,0.  ,0.  ,0.  ,0.99,0.99,0.65,0.  ,0.  ,0.  ,0.  ,0.  ,
 0.  ,0.  ,0.  ,0.  ,0.  ,0.  ,0.  ,0.03,0.7 ,0.99,0.94,0.28,0.07,0.11,
 0.  ,0.  ,0.  ,0.  ,0.  ,0.  ,0.99,0.99,0.76,0.  ,0.  ,0.  ,0.  ,0.  ,
 0.  ,0.  ,0.  ,0.  ,0.  ,0.  ,0.  ,0.22,0.99,0.99,0.25,0.  ,0.  ,0.  ,
 0.  ,0.  ,0.  ,0.  ,0.  ,0.  ,0.99,0.99,0.76,0.  ,0.  ,0.  ,0.  ,0.  ,
 0.  ,0.  ,0.  ,0.  ,0.  ,0.  ,0.  ,0.78,0.99,0.75,0.  ,0.  ,0.  ,0.  ,
 0.  ,0.  ,0.  ,0.  ,0.  ,0.  ,1.  ,0.99,0.77,0.  ,0.  ,0.  ,0.  ,0.  ,
 0.  ,0.  ,0.  ,0.  ,0.  ,0.  ,0.3 ,0.96,0.99,0.44,0.  ,0.  ,0.  ,0.  ,
 0.  ,0.  ,0.  ,0.  ,0.  ,0.  ,0.99,0.99,0.58,0.  ,0.  ,0.  ,0.  ,0.  ,
 0.  ,0.  ,0.  ,0.  ,0.  ,0.  ,0.33,0.99,0.9 ,0.1 ,0.  ,0.  ,0.  ,0.  ,
 0.  ,0.  ,0.  ,0.  ,0.03,0.53,0.99,0.73,0.05,0.  ,0.  ,0.  ,0.  ,0.  ,
 0.  ,0.  ,0.  ,0.  ,0.  ,0.  ,0.33,0.99,0.87,0.  ,0.  ,0.  ,0.  ,0.  ,
 0.  ,0.  ,0.  ,0.03,0.51,0.99,0.88,0.28,0.  ,0.  ,0.  ,0.  ,0.  ,0.  ,
 0.  ,0.  ,0.  ,0.  ,0.  ,0.  ,0.33,0.99,0.57,0.  ,0.  ,0.  ,0.  ,0.  ,
 0.  ,0.  ,0.19,0.65,0.99,0.68,0.  ,0.  ,0.  ,0.  ,0.  ,0.  ,0.  ,0.  ,
 0.  ,0.  ,0.  ,0.  ,0.  ,0.  ,0.34,0.99,0.88,0.  ,0.  ,0.  ,0.  ,0.  ,
 0.  ,0.45,0.93,0.99,0.64,0.  ,0.  ,0.  ,0.  ,0.  ,0.  ,0.  ,0.  ,0.  ,
 0.  ,0.  ,0.  ,0.  ,0.  ,0.  ,0.33,0.99,0.98,0.57,0.19,0.11,0.33,0.7 ,
 0.88,0.99,0.87,0.65,0.22,0.  ,0.  ,0.  ,0.  ,0.  ,0.  ,0.  ,0.  ,0.  ,
 0.  ,0.  ,0.  ,0.  ,0.  ,0.  ,0.33,0.99,0.99,0.99,0.9 ,0.84,0.99,0.99,
 0.99,0.77,0.51,0.  ,0.  ,0.  ,0.  ,0.  ,0.  ,0.  ,0.  ,0.  ,0.  ,0.  ,
 0.  ,0.  ,0.  ,0.  ,0.  ,0.  ,0.11,0.78,0.99,0.99,0.99,0.99,0.99,0.91,
 0.57,0.  ,0.  ,0.  ,0.  ,0.  ,0.  ,0.  ,0.  ,0.  ,0.  ,0.  ,0.  ,0.  ,
 0.  ,0.  ,0.  ,0.  ,0.  ,0.  ,0.  ,0.1 ,0.5 ,0.99,0.99,0.99,0.55,0.15,
 0.  ,0.  ,0.  ,0.  ,0.  ,0.  ,0.  ,0.  ,0.  ,0.  ,0.  ,0.  ,0.  ,0.  ,
 0.  ,0.  ,0.  ,0.  ,0.  ,0.  ,0.  ,0.  ,0.  ,0.  ,0.  ,0.  ,0.  ,0.  ,
 0.  ,0.  ,0.  ,0.  ,0.  ,0.  ,0.  ,0.  ,0.  ,0.  ,0.  ,0.  ,0.  ,0.  ,
 0.  ,0.  ,0.  ,0.  ,0.  ,0.  ,0.  ,0.  ,0.  ,0.  ,0.  ,0.  ,0.  ,0.  ,
 0.  ,0.  ,0.  ,0.  ,0.  ,0.  ,0.  ,0.  ,0.  ,0.  ,0.  ,0.  ,0.  ,0.  ,
 0.  ,0.  ,0.  ,0.  ,0.  ,0.  ,0.  ,0.  ,0.  ,0.  ,0.  ,0.  ,0.  ,0.  ,
 0.  ,0.  ,0.  ,0.  ,0.  ,0.  ,0.  ,0.  ,0.  ,0.  ,0.  ,0.  ,0.  ,0.  ,
 0.  ,0.  ,0.  ,0.  ,0.  ,0.  ,0.  ,0.  ,0.  ,0.  ,0.  ,0.  ,0.  ,0.  ,
 0.  ,0.  ,0.  ,0.  ,0.  ,0.  ,0.  ,0.  ,0.  ,0.  ,0.  ,0.  ,0.  ,0.  ]",0,"[[-1.3498e-02,-4.8979e-03, 3.8246e-04,...,-1.1013e-02, 1.8778e-05,
   6.3096e-03],
 [-3.5537e-03,-2.9871e-03,-1.3974e-02,...,-5.6679e-03,-8.3602e-04,
   3.3509e-03],
 [-9.8223e-03,-9.9293e-03, 7.9568e-03,...,-2.7545e-03,-1.1057e-03,
   2.5672e-03],
 ...,
 [-7.8604e-03, 8.0771e-03, 1.3596e-02,...,-1.0829e-03,-1.1537e-03,
   3.9063e-03],
 [-5.7794e-03, 6.6186e-03, 1.2320e-03,..., 2.1307e-03,-6.7002e-03,
   5.2298e-03],
 [-2.5870e-03, 1.2748e-02,-2.7763e-03,...,-8.5902e-03, 7.8897e-03,
  -3.5166e-03]]","[[-0.0583, 0.0885,-0.0189,-0.0616, 0.0481, 0.0231, 0.0056,-0.0022,-0.02  ,
  -0.0042]]","[ 4.9702,-2.4419,-1.1127, 0.0739,-2.345 , 1.421 , 0.5466,-0.5239,-0.0112,
 -0.458 ]","[9.3709e-01,5.6592e-04,2.1381e-03,7.0044e-03,6.2351e-04,2.6940e-02,
 1.1237e-02,3.8525e-03,6.4327e-03,4.1148e-03]","[[0.,0.,0.,...,0.,0.,0.],
 [0.,0.,0.,...,0.,0.,0.],
 [0.,0.,0.,...,0.,0.,0.],
 ...,
 [0.,0.,0.,...,0.,0.,0.],
 [0.,0.,0.,...,0.,0.,0.],
 [0.,0.,0.,...,0.,0.,0.]]","[-0.0629, 0.0006, 0.0021, 0.007 , 0.0006, 0.0269, 0.0112, 0.0039, 0.0064,
  0.0041]","[[ 0.004 ,-0.0072, 0.0006, 0.0056,-0.0048,-0.0027,-0.0004, 0.0005, 0.0027,
   0.0018]]"
59,"[0.  ,0.  ,0.  ,0.  ,0.  ,0.  ,0.  ,0.  ,0.  ,0.  ,0.  ,0.  ,0.  ,0.  ,
 0.  ,0.  ,0.  ,0.  ,0.  ,0.  ,0.  ,0.  ,0.  ,0.  ,0.  ,0.  ,0.  ,0.  ,
 0.  ,0.  ,0.  ,0.  ,0.  ,0.  ,0.  ,0.  ,0.  ,0.  ,0.  ,0.  ,0.  ,0.  ,
 0.  ,0.  ,0.  ,0.  ,0.  ,0.  ,0.  ,0.  ,0.  ,0.  ,0.  ,0.  ,0.  ,0.  ,
 0.  ,0.  ,0.  ,0.  ,0.  ,0.  ,0.  ,0.  ,0.  ,0.  ,0.  ,0.  ,0.  ,0.  ,
 0.  ,0.  ,0.  ,0.  ,0.  ,0.  ,0.  ,0.  ,0.  ,0.  ,0.  ,0.  ,0.  ,0.  ,
 0.  ,0.  ,0.  ,0.  ,0.  ,0.  ,0.  ,0.  ,0.  ,0.  ,0.  ,0.  ,0.  ,0.  ,
 0.  ,0.  ,0.  ,0.  ,0.  ,0.  ,0.  ,0.  ,0.  ,0.  ,0.  ,0.  ,0.  ,0.  ,
 0.  ,0.  ,0.  ,0.  ,0.  ,0.  ,0.  ,0.  ,0.  ,0.  ,0.  ,0.  ,0.  ,0.  ,
 0.  ,0.2 ,0.62,0.99,0.62,0.2 ,0.  ,0.  ,0.  ,0.  ,0.  ,0.  ,0.  ,0.  ,
 0.  ,0.  ,0.  ,0.  ,0.  ,0.  ,0.  ,0.  ,0.  ,0.  ,0.  ,0.  ,0.  ,0.  ,
 0.19,0.93,0.99,0.99,0.99,0.93,0.  ,0.  ,0.  ,0.  ,0.  ,0.  ,0.  ,0.  ,
 0.  ,0.  ,0.  ,0.  ,0.  ,0.  ,0.  ,0.  ,0.  ,0.  ,0.  ,0.  ,0.  ,0.21,
 0.89,0.99,0.99,0.94,0.91,0.99,0.22,0.02,0.  ,0.  ,0.  ,0.  ,0.  ,0.  ,
 0.  ,0.  ,0.  ,0.  ,0.  ,0.  ,0.  ,0.  ,0.  ,0.  ,0.  ,0.04,0.24,0.88,
 0.99,0.99,0.99,0.79,0.33,0.99,0.99,0.48,0.  ,0.  ,0.  ,0.  ,0.  ,0.  ,
 0.  ,0.  ,0.  ,0.  ,0.  ,0.  ,0.  ,0.  ,0.  ,0.  ,0.  ,0.64,0.99,0.99,
 0.99,0.99,0.99,0.99,0.38,0.74,0.99,0.65,0.  ,0.  ,0.  ,0.  ,0.  ,0.  ,
 0.  ,0.  ,0.  ,0.  ,0.  ,0.  ,0.  ,0.  ,0.  ,0.  ,0.2 ,0.93,0.99,0.99,
 0.75,0.45,0.99,0.89,0.18,0.31,1.  ,0.66,0.  ,0.  ,0.  ,0.  ,0.  ,0.  ,
 0.  ,0.  ,0.  ,0.  ,0.  ,0.  ,0.  ,0.  ,0.  ,0.19,0.93,0.99,0.99,0.7 ,
 0.05,0.29,0.47,0.08,0.  ,0.  ,0.99,0.95,0.2 ,0.  ,0.  ,0.  ,0.  ,0.  ,
 0.  ,0.  ,0.  ,0.  ,0.  ,0.  ,0.  ,0.  ,0.15,0.65,0.99,0.91,0.82,0.33,
 0.  ,0.  ,0.  ,0.  ,0.  ,0.  ,0.99,0.99,0.65,0.  ,0.  ,0.  ,0.  ,0.  ,
 0.  ,0.  ,0.  ,0.  ,0.  ,0.  ,0.  ,0.03,0.7 ,0.99,0.94,0.28,0.07,0.11,
 0.  ,0.  ,0.  ,0.  ,0.  ,0.  ,0.99,0.99,0.76,0.  ,0.  ,0.  ,0.  ,0.  ,
 0.  ,0.  ,0.  ,0.  ,0.  ,0.  ,0.  ,0.22,0.99,0.99,0.25,0.  ,0.  ,0.  ,
 0.  ,0.  ,0.  ,0.  ,0.  ,0.  ,0.99,0.99,0.76,0.  ,0.  ,0.  ,0.  ,0.  ,
 0.  ,0.  ,0.  ,0.  ,0.  ,0.  ,0.  ,0.78,0.99,0.75,0.  ,0.  ,0.  ,0.  ,
 0.  ,0.  ,0.  ,0.  ,0.  ,0.  ,1.  ,0.99,0.77,0.  ,0.  ,0.  ,0.  ,0.  ,
 0.  ,0.  ,0.  ,0.  ,0.  ,0.  ,0.3 ,0.96,0.99,0.44,0.  ,0.  ,0.  ,0.  ,
 0.  ,0.  ,0.  ,0.  ,0.  ,0.  ,0.99,0.99,0.58,0.  ,0.  ,0.  ,0.  ,0.  ,
 0.  ,0.  ,0.  ,0.  ,0.  ,0.  ,0.33,0.99,0.9 ,0.1 ,0.  ,0.  ,0.  ,0.  ,
 0.  ,0.  ,0.  ,0.  ,0.03,0.53,0.99,0.73,0.05,0.  ,0.  ,0.  ,0.  ,0.  ,
 0.  ,0.  ,0.  ,0.  ,0.  ,0.  ,0.33,0.99,0.87,0.  ,0.  ,0.  ,0.  ,0.  ,
 0.  ,0.  ,0.  ,0.03,0.51,0.99,0.88,0.28,0.  ,0.  ,0.  ,0.  ,0.  ,0.  ,
 0.  ,0.  ,0.  ,0.  ,0.  ,0.  ,0.33,0.99,0.57,0.  ,0.  ,0.  ,0.  ,0.  ,
 0.  ,0.  ,0.19,0.65,0.99,0.68,0.  ,0.  ,0.  ,0.  ,0.  ,0.  ,0.  ,0.  ,
 0.  ,0.  ,0.  ,0.  ,0.  ,0.  ,0.34,0.99,0.88,0.  ,0.  ,0.  ,0.  ,0.  ,
 0.  ,0.45,0.93,0.99,0.64,0.  ,0.  ,0.  ,0.  ,0.  ,0.  ,0.  ,0.  ,0.  ,
 0.  ,0.  ,0.  ,0.  ,0.  ,0.  ,0.33,0.99,0.98,0.57,0.19,0.11,0.33,0.7 ,
 0.88,0.99,0.87,0.65,0.22,0.  ,0.  ,0.  ,0.  ,0.  ,0.  ,0.  ,0.  ,0.  ,
 0.  ,0.  ,0.  ,0.  ,0.  ,0.  ,0.33,0.99,0.99,0.99,0.9 ,0.84,0.99,0.99,
 0.99,0.77,0.51,0.  ,0.  ,0.  ,0.  ,0.  ,0.  ,0.  ,0.  ,0.  ,0.  ,0.  ,
 0.  ,0.  ,0.  ,0.  ,0.  ,0.  ,0.11,0.78,0.99,0.99,0.99,0.99,0.99,0.91,
 0.57,0.  ,0.  ,0.  ,0.  ,0.  ,0.  ,0.  ,0.  ,0.  ,0.  ,0.  ,0.  ,0.  ,
 0.  ,0.  ,0.  ,0.  ,0.  ,0.  ,0.  ,0.1 ,0.5 ,0.99,0.99,0.99,0.55,0.15,
 0.  ,0.  ,0.  ,0.  ,0.  ,0.  ,0.  ,0.  ,0.  ,0.  ,0.  ,0.  ,0.  ,0.  ,
 0.  ,0.  ,0.  ,0.  ,0.  ,0.  ,0.  ,0.  ,0.  ,0.  ,0.  ,0.  ,0.  ,0.  ,
 0.  ,0.  ,0.  ,0.  ,0.  ,0.  ,0.  ,0.  ,0.  ,0.  ,0.  ,0.  ,0.  ,0.  ,
 0.  ,0.  ,0.  ,0.  ,0.  ,0.  ,0.  ,0.  ,0.  ,0.  ,0.  ,0.  ,0.  ,0.  ,
 0.  ,0.  ,0.  ,0.  ,0.  ,0.  ,0.  ,0.  ,0.  ,0.  ,0.  ,0.  ,0.  ,0.  ,
 0.  ,0.  ,0.  ,0.  ,0.  ,0.  ,0.  ,0.  ,0.  ,0.  ,0.  ,0.  ,0.  ,0.  ,
 0.  ,0.  ,0.  ,0.  ,0.  ,0.  ,0.  ,0.  ,0.  ,0.  ,0.  ,0.  ,0.  ,0.  ,
 0.  ,0.  ,0.  ,0.  ,0.  ,0.  ,0.  ,0.  ,0.  ,0.  ,0.  ,0.  ,0.  ,0.  ,
 0.  ,0.  ,0.  ,0.  ,0.  ,0.  ,0.  ,0.  ,0.  ,0.  ,0.  ,0.  ,0.  ,0.  ]",0,"[[-1.3498e-02,-4.8979e-03, 3.8246e-04,...,-1.1013e-02, 1.8778e-05,
   6.3096e-03],
 [-3.5537e-03,-2.9871e-03,-1.3974e-02,...,-5.6679e-03,-8.3602e-04,
   3.3509e-03],
 [-9.8223e-03,-9.9293e-03, 7.9568e-03,...,-2.7545e-03,-1.1057e-03,
   2.5672e-03],
 ...,
 [-7.8604e-03, 8.0771e-03, 1.3596e-02,...,-1.0829e-03,-1.1537e-03,
   3.9063e-03],
 [-5.7794e-03, 6.6186e-03, 1.2320e-03,..., 2.1307e-03,-6.7002e-03,
   5.2298e-03],
 [-2.5870e-03, 1.2748e-02,-2.7763e-03,...,-8.5902e-03, 7.8897e-03,
  -3.5166e-03]]","[[-0.0587, 0.0892,-0.019 ,-0.0622, 0.0486, 0.0234, 0.0056,-0.0022,-0.0203,
  -0.0044]]","[ 4.9986,-2.4601,-1.1216, 0.0774,-2.3617, 1.4308, 0.5535,-0.5266,-0.0103,
 -0.4611]","[9.3846e-01,5.4091e-04,2.0627e-03,6.8417e-03,5.9688e-04,2.6481e-02,
 1.1014e-02,3.7397e-03,6.2670e-03,3.9931e-03]","[[0.,0.,0.,...,0.,0.,0.],
 [0.,0.,0.,...,0.,0.,0.],
 [0.,0.,0.,...,0.,0.,0.],
 ...,
 [0.,0.,0.,...,0.,0.,0.],
 [0.,0.,0.,...,0.,0.,0.],
 [0.,0.,0.,...,0.,0.,0.]]","[-0.0615, 0.0005, 0.0021, 0.0068, 0.0006, 0.0265, 0.011 , 0.0037, 0.0063,
  0.004 ]","[[ 0.0039,-0.0071, 0.0005, 0.0055,-0.0047,-0.0027,-0.0004, 0.0005, 0.0027,
   0.0018]]"
60,"[0.  ,0.  ,0.  ,0.  ,0.  ,0.  ,0.  ,0.  ,0.  ,0.  ,0.  ,0.  ,0.  ,0.  ,
 0.  ,0.  ,0.  ,0.  ,0.  ,0.  ,0.  ,0.  ,0.  ,0.  ,0.  ,0.  ,0.  ,0.  ,
 0.  ,0.  ,0.  ,0.  ,0.  ,0.  ,0.  ,0.  ,0.  ,0.  ,0.  ,0.  ,0.  ,0.  ,
 0.  ,0.  ,0.  ,0.  ,0.  ,0.  ,0.  ,0.  ,0.  ,0.  ,0.  ,0.  ,0.  ,0.  ,
 0.  ,0.  ,0.  ,0.  ,0.  ,0.  ,0.  ,0.  ,0.  ,0.  ,0.  ,0.  ,0.  ,0.  ,
 0.  ,0.  ,0.  ,0.  ,0.  ,0.  ,0.  ,0.  ,0.  ,0.  ,0.  ,0.  ,0.  ,0.  ,
 0.  ,0.  ,0.  ,0.  ,0.  ,0.  ,0.  ,0.  ,0.  ,0.  ,0.  ,0.  ,0.  ,0.  ,
 0.  ,0.  ,0.  ,0.  ,0.  ,0.  ,0.  ,0.  ,0.  ,0.  ,0.  ,0.  ,0.  ,0.  ,
 0.  ,0.  ,0.  ,0.  ,0.  ,0.  ,0.  ,0.  ,0.  ,0.  ,0.  ,0.  ,0.  ,0.  ,
 0.  ,0.2 ,0.62,0.99,0.62,0.2 ,0.  ,0.  ,0.  ,0.  ,0.  ,0.  ,0.  ,0.  ,
 0.  ,0.  ,0.  ,0.  ,0.  ,0.  ,0.  ,0.  ,0.  ,0.  ,0.  ,0.  ,0.  ,0.  ,
 0.19,0.93,0.99,0.99,0.99,0.93,0.  ,0.  ,0.  ,0.  ,0.  ,0.  ,0.  ,0.  ,
 0.  ,0.  ,0.  ,0.  ,0.  ,0.  ,0.  ,0.  ,0.  ,0.  ,0.  ,0.  ,0.  ,0.21,
 0.89,0.99,0.99,0.94,0.91,0.99,0.22,0.02,0.  ,0.  ,0.  ,0.  ,0.  ,0.  ,
 0.  ,0.  ,0.  ,0.  ,0.  ,0.  ,0.  ,0.  ,0.  ,0.  ,0.  ,0.04,0.24,0.88,
 0.99,0.99,0.99,0.79,0.33,0.99,0.99,0.48,0.  ,0.  ,0.  ,0.  ,0.  ,0.  ,
 0.  ,0.  ,0.  ,0.  ,0.  ,0.  ,0.  ,0.  ,0.  ,0.  ,0.  ,0.64,0.99,0.99,
 0.99,0.99,0.99,0.99,0.38,0.74,0.99,0.65,0.  ,0.  ,0.  ,0.  ,0.  ,0.  ,
 0.  ,0.  ,0.  ,0.  ,0.  ,0.  ,0.  ,0.  ,0.  ,0.  ,0.2 ,0.93,0.99,0.99,
 0.75,0.45,0.99,0.89,0.18,0.31,1.  ,0.66,0.  ,0.  ,0.  ,0.  ,0.  ,0.  ,
 0.  ,0.  ,0.  ,0.  ,0.  ,0.  ,0.  ,0.  ,0.  ,0.19,0.93,0.99,0.99,0.7 ,
 0.05,0.29,0.47,0.08,0.  ,0.  ,0.99,0.95,0.2 ,0.  ,0.  ,0.  ,0.  ,0.  ,
 0.  ,0.  ,0.  ,0.  ,0.  ,0.  ,0.  ,0.  ,0.15,0.65,0.99,0.91,0.82,0.33,
 0.  ,0.  ,0.  ,0.  ,0.  ,0.  ,0.99,0.99,0.65,0.  ,0.  ,0.  ,0.  ,0.  ,
 0.  ,0.  ,0.  ,0.  ,0.  ,0.  ,0.  ,0.03,0.7 ,0.99,0.94,0.28,0.07,0.11,
 0.  ,0.  ,0.  ,0.  ,0.  ,0.  ,0.99,0.99,0.76,0.  ,0.  ,0.  ,0.  ,0.  ,
 0.  ,0.  ,0.  ,0.  ,0.  ,0.  ,0.  ,0.22,0.99,0.99,0.25,0.  ,0.  ,0.  ,
 0.  ,0.  ,0.  ,0.  ,0.  ,0.  ,0.99,0.99,0.76,0.  ,0.  ,0.  ,0.  ,0.  ,
 0.  ,0.  ,0.  ,0.  ,0.  ,0.  ,0.  ,0.78,0.99,0.75,0.  ,0.  ,0.  ,0.  ,
 0.  ,0.  ,0.  ,0.  ,0.  ,0.  ,1.  ,0.99,0.77,0.  ,0.  ,0.  ,0.  ,0.  ,
 0.  ,0.  ,0.  ,0.  ,0.  ,0.  ,0.3 ,0.96,0.99,0.44,0.  ,0.  ,0.  ,0.  ,
 0.  ,0.  ,0.  ,0.  ,0.  ,0.  ,0.99,0.99,0.58,0.  ,0.  ,0.  ,0.  ,0.  ,
 0.  ,0.  ,0.  ,0.  ,0.  ,0.  ,0.33,0.99,0.9 ,0.1 ,0.  ,0.  ,0.  ,0.  ,
 0.  ,0.  ,0.  ,0.  ,0.03,0.53,0.99,0.73,0.05,0.  ,0.  ,0.  ,0.  ,0.  ,
 0.  ,0.  ,0.  ,0.  ,0.  ,0.  ,0.33,0.99,0.87,0.  ,0.  ,0.  ,0.  ,0.  ,
 0.  ,0.  ,0.  ,0.03,0.51,0.99,0.88,0.28,0.  ,0.  ,0.  ,0.  ,0.  ,0.  ,
 0.  ,0.  ,0.  ,0.  ,0.  ,0.  ,0.33,0.99,0.57,0.  ,0.  ,0.  ,0.  ,0.  ,
 0.  ,0.  ,0.19,0.65,0.99,0.68,0.  ,0.  ,0.  ,0.  ,0.  ,0.  ,0.  ,0.  ,
 0.  ,0.  ,0.  ,0.  ,0.  ,0.  ,0.34,0.99,0.88,0.  ,0.  ,0.  ,0.  ,0.  ,
 0.  ,0.45,0.93,0.99,0.64,0.  ,0.  ,0.  ,0.  ,0.  ,0.  ,0.  ,0.  ,0.  ,
 0.  ,0.  ,0.  ,0.  ,0.  ,0.  ,0.33,0.99,0.98,0.57,0.19,0.11,0.33,0.7 ,
 0.88,0.99,0.87,0.65,0.22,0.  ,0.  ,0.  ,0.  ,0.  ,0.  ,0.  ,0.  ,0.  ,
 0.  ,0.  ,0.  ,0.  ,0.  ,0.  ,0.33,0.99,0.99,0.99,0.9 ,0.84,0.99,0.99,
 0.99,0.77,0.51,0.  ,0.  ,0.  ,0.  ,0.  ,0.  ,0.  ,0.  ,0.  ,0.  ,0.  ,
 0.  ,0.  ,0.  ,0.  ,0.  ,0.  ,0.11,0.78,0.99,0.99,0.99,0.99,0.99,0.91,
 0.57,0.  ,0.  ,0.  ,0.  ,0.  ,0.  ,0.  ,0.  ,0.  ,0.  ,0.  ,0.  ,0.  ,
 0.  ,0.  ,0.  ,0.  ,0.  ,0.  ,0.  ,0.1 ,0.5 ,0.99,0.99,0.99,0.55,0.15,
 0.  ,0.  ,0.  ,0.  ,0.  ,0.  ,0.  ,0.  ,0.  ,0.  ,0.  ,0.  ,0.  ,0.  ,
 0.  ,0.  ,0.  ,0.  ,0.  ,0.  ,0.  ,0.  ,0.  ,0.  ,0.  ,0.  ,0.  ,0.  ,
 0.  ,0.  ,0.  ,0.  ,0.  ,0.  ,0.  ,0.  ,0.  ,0.  ,0.  ,0.  ,0.  ,0.  ,
 0.  ,0.  ,0.  ,0.  ,0.  ,0.  ,0.  ,0.  ,0.  ,0.  ,0.  ,0.  ,0.  ,0.  ,
 0.  ,0.  ,0.  ,0.  ,0.  ,0.  ,0.  ,0.  ,0.  ,0.  ,0.  ,0.  ,0.  ,0.  ,
 0.  ,0.  ,0.  ,0.  ,0.  ,0.  ,0.  ,0.  ,0.  ,0.  ,0.  ,0.  ,0.  ,0.  ,
 0.  ,0.  ,0.  ,0.  ,0.  ,0.  ,0.  ,0.  ,0.  ,0.  ,0.  ,0.  ,0.  ,0.  ,
 0.  ,0.  ,0.  ,0.  ,0.  ,0.  ,0.  ,0.  ,0.  ,0.  ,0.  ,0.  ,0.  ,0.  ,
 0.  ,0.  ,0.  ,0.  ,0.  ,0.  ,0.  ,0.  ,0.  ,0.  ,0.  ,0.  ,0.  ,0.  ]",0,"[[-1.3498e-02,-4.8979e-03, 3.8246e-04,...,-1.1013e-02, 1.8778e-05,
   6.3096e-03],
 [-3.5537e-03,-2.9871e-03,-1.3974e-02,...,-5.6679e-03,-8.3602e-04,
   3.3509e-03],
 [-9.8223e-03,-9.9293e-03, 7.9568e-03,...,-2.7545e-03,-1.1057e-03,
   2.5672e-03],
 ...,
 [-7.8604e-03, 8.0771e-03, 1.3596e-02,...,-1.0829e-03,-1.1537e-03,
   3.9063e-03],
 [-5.7794e-03, 6.6186e-03, 1.2320e-03,..., 2.1307e-03,-6.7002e-03,
   5.2298e-03],
 [-2.5870e-03, 1.2748e-02,-2.7763e-03,...,-8.5902e-03, 7.8897e-03,
  -3.5166e-03]]","[[-0.0591, 0.0899,-0.019 ,-0.0627, 0.0491, 0.0237, 0.0056,-0.0022,-0.0205,
  -0.0046]]","[ 5.0266,-2.478 ,-1.1304, 0.0809,-2.3781, 1.4404, 0.5604,-0.5293,-0.0095,
 -0.4641]","[9.3978e-01,5.1738e-04,1.9911e-03,6.6855e-03,5.7178e-04,2.6036e-02,
 1.0799e-02,3.6319e-03,6.1078e-03,3.8767e-03]","[[0.,0.,0.,...,0.,0.,0.],
 [0.,0.,0.,...,0.,0.,0.],
 [0.,0.,0.,...,0.,0.,0.],
 ...,
 [0.,0.,0.,...,0.,0.,0.],
 [0.,0.,0.,...,0.,0.,0.],
 [0.,0.,0.,...,0.,0.,0.]]","[-0.0602, 0.0005, 0.002 , 0.0067, 0.0006, 0.026 , 0.0108, 0.0036, 0.0061,
  0.0039]","[[ 0.0038,-0.007 , 0.0005, 0.0054,-0.0047,-0.0027,-0.0003, 0.0005, 0.0026,
   0.0018]]"
61,"[0.  ,0.  ,0.  ,0.  ,0.  ,0.  ,0.  ,0.  ,0.  ,0.  ,0.  ,0.  ,0.  ,0.  ,
 0.  ,0.  ,0.  ,0.  ,0.  ,0.  ,0.  ,0.  ,0.  ,0.  ,0.  ,0.  ,0.  ,0.  ,
 0.  ,0.  ,0.  ,0.  ,0.  ,0.  ,0.  ,0.  ,0.  ,0.  ,0.  ,0.  ,0.  ,0.  ,
 0.  ,0.  ,0.  ,0.  ,0.  ,0.  ,0.  ,0.  ,0.  ,0.  ,0.  ,0.  ,0.  ,0.  ,
 0.  ,0.  ,0.  ,0.  ,0.  ,0.  ,0.  ,0.  ,0.  ,0.  ,0.  ,0.  ,0.  ,0.  ,
 0.  ,0.  ,0.  ,0.  ,0.  ,0.  ,0.  ,0.  ,0.  ,0.  ,0.  ,0.  ,0.  ,0.  ,
 0.  ,0.  ,0.  ,0.  ,0.  ,0.  ,0.  ,0.  ,0.  ,0.  ,0.  ,0.  ,0.  ,0.  ,
 0.  ,0.  ,0.  ,0.  ,0.  ,0.  ,0.  ,0.  ,0.  ,0.  ,0.  ,0.  ,0.  ,0.  ,
 0.  ,0.  ,0.  ,0.  ,0.  ,0.  ,0.  ,0.  ,0.  ,0.  ,0.  ,0.  ,0.  ,0.  ,
 0.  ,0.2 ,0.62,0.99,0.62,0.2 ,0.  ,0.  ,0.  ,0.  ,0.  ,0.  ,0.  ,0.  ,
 0.  ,0.  ,0.  ,0.  ,0.  ,0.  ,0.  ,0.  ,0.  ,0.  ,0.  ,0.  ,0.  ,0.  ,
 0.19,0.93,0.99,0.99,0.99,0.93,0.  ,0.  ,0.  ,0.  ,0.  ,0.  ,0.  ,0.  ,
 0.  ,0.  ,0.  ,0.  ,0.  ,0.  ,0.  ,0.  ,0.  ,0.  ,0.  ,0.  ,0.  ,0.21,
 0.89,0.99,0.99,0.94,0.91,0.99,0.22,0.02,0.  ,0.  ,0.  ,0.  ,0.  ,0.  ,
 0.  ,0.  ,0.  ,0.  ,0.  ,0.  ,0.  ,0.  ,0.  ,0.  ,0.  ,0.04,0.24,0.88,
 0.99,0.99,0.99,0.79,0.33,0.99,0.99,0.48,0.  ,0.  ,0.  ,0.  ,0.  ,0.  ,
 0.  ,0.  ,0.  ,0.  ,0.  ,0.  ,0.  ,0.  ,0.  ,0.  ,0.  ,0.64,0.99,0.99,
 0.99,0.99,0.99,0.99,0.38,0.74,0.99,0.65,0.  ,0.  ,0.  ,0.  ,0.  ,0.  ,
 0.  ,0.  ,0.  ,0.  ,0.  ,0.  ,0.  ,0.  ,0.  ,0.  ,0.2 ,0.93,0.99,0.99,
 0.75,0.45,0.99,0.89,0.18,0.31,1.  ,0.66,0.  ,0.  ,0.  ,0.  ,0.  ,0.  ,
 0.  ,0.  ,0.  ,0.  ,0.  ,0.  ,0.  ,0.  ,0.  ,0.19,0.93,0.99,0.99,0.7 ,
 0.05,0.29,0.47,0.08,0.  ,0.  ,0.99,0.95,0.2 ,0.  ,0.  ,0.  ,0.  ,0.  ,
 0.  ,0.  ,0.  ,0.  ,0.  ,0.  ,0.  ,0.  ,0.15,0.65,0.99,0.91,0.82,0.33,
 0.  ,0.  ,0.  ,0.  ,0.  ,0.  ,0.99,0.99,0.65,0.  ,0.  ,0.  ,0.  ,0.  ,
 0.  ,0.  ,0.  ,0.  ,0.  ,0.  ,0.  ,0.03,0.7 ,0.99,0.94,0.28,0.07,0.11,
 0.  ,0.  ,0.  ,0.  ,0.  ,0.  ,0.99,0.99,0.76,0.  ,0.  ,0.  ,0.  ,0.  ,
 0.  ,0.  ,0.  ,0.  ,0.  ,0.  ,0.  ,0.22,0.99,0.99,0.25,0.  ,0.  ,0.  ,
 0.  ,0.  ,0.  ,0.  ,0.  ,0.  ,0.99,0.99,0.76,0.  ,0.  ,0.  ,0.  ,0.  ,
 0.  ,0.  ,0.  ,0.  ,0.  ,0.  ,0.  ,0.78,0.99,0.75,0.  ,0.  ,0.  ,0.  ,
 0.  ,0.  ,0.  ,0.  ,0.  ,0.  ,1.  ,0.99,0.77,0.  ,0.  ,0.  ,0.  ,0.  ,
 0.  ,0.  ,0.  ,0.  ,0.  ,0.  ,0.3 ,0.96,0.99,0.44,0.  ,0.  ,0.  ,0.  ,
 0.  ,0.  ,0.  ,0.  ,0.  ,0.  ,0.99,0.99,0.58,0.  ,0.  ,0.  ,0.  ,0.  ,
 0.  ,0.  ,0.  ,0.  ,0.  ,0.  ,0.33,0.99,0.9 ,0.1 ,0.  ,0.  ,0.  ,0.  ,
 0.  ,0.  ,0.  ,0.  ,0.03,0.53,0.99,0.73,0.05,0.  ,0.  ,0.  ,0.  ,0.  ,
 0.  ,0.  ,0.  ,0.  ,0.  ,0.  ,0.33,0.99,0.87,0.  ,0.  ,0.  ,0.  ,0.  ,
 0.  ,0.  ,0.  ,0.03,0.51,0.99,0.88,0.28,0.  ,0.  ,0.  ,0.  ,0.  ,0.  ,
 0.  ,0.  ,0.  ,0.  ,0.  ,0.  ,0.33,0.99,0.57,0.  ,0.  ,0.  ,0.  ,0.  ,
 0.  ,0.  ,0.19,0.65,0.99,0.68,0.  ,0.  ,0.  ,0.  ,0.  ,0.  ,0.  ,0.  ,
 0.  ,0.  ,0.  ,0.  ,0.  ,0.  ,0.34,0.99,0.88,0.  ,0.  ,0.  ,0.  ,0.  ,
 0.  ,0.45,0.93,0.99,0.64,0.  ,0.  ,0.  ,0.  ,0.  ,0.  ,0.  ,0.  ,0.  ,
 0.  ,0.  ,0.  ,0.  ,0.  ,0.  ,0.33,0.99,0.98,0.57,0.19,0.11,0.33,0.7 ,
 0.88,0.99,0.87,0.65,0.22,0.  ,0.  ,0.  ,0.  ,0.  ,0.  ,0.  ,0.  ,0.  ,
 0.  ,0.  ,0.  ,0.  ,0.  ,0.  ,0.33,0.99,0.99,0.99,0.9 ,0.84,0.99,0.99,
 0.99,0.77,0.51,0.  ,0.  ,0.  ,0.  ,0.  ,0.  ,0.  ,0.  ,0.  ,0.  ,0.  ,
 0.  ,0.  ,0.  ,0.  ,0.  ,0.  ,0.11,0.78,0.99,0.99,0.99,0.99,0.99,0.91,
 0.57,0.  ,0.  ,0.  ,0.  ,0.  ,0.  ,0.  ,0.  ,0.  ,0.  ,0.  ,0.  ,0.  ,
 0.  ,0.  ,0.  ,0.  ,0.  ,0.  ,0.  ,0.1 ,0.5 ,0.99,0.99,0.99,0.55,0.15,
 0.  ,0.  ,0.  ,0.  ,0.  ,0.  ,0.  ,0.  ,0.  ,0.  ,0.  ,0.  ,0.  ,0.  ,
 0.  ,0.  ,0.  ,0.  ,0.  ,0.  ,0.  ,0.  ,0.  ,0.  ,0.  ,0.  ,0.  ,0.  ,
 0.  ,0.  ,0.  ,0.  ,0.  ,0.  ,0.  ,0.  ,0.  ,0.  ,0.  ,0.  ,0.  ,0.  ,
 0.  ,0.  ,0.  ,0.  ,0.  ,0.  ,0.  ,0.  ,0.  ,0.  ,0.  ,0.  ,0.  ,0.  ,
 0.  ,0.  ,0.  ,0.  ,0.  ,0.  ,0.  ,0.  ,0.  ,0.  ,0.  ,0.  ,0.  ,0.  ,
 0.  ,0.  ,0.  ,0.  ,0.  ,0.  ,0.  ,0.  ,0.  ,0.  ,0.  ,0.  ,0.  ,0.  ,
 0.  ,0.  ,0.  ,0.  ,0.  ,0.  ,0.  ,0.  ,0.  ,0.  ,0.  ,0.  ,0.  ,0.  ,
 0.  ,0.  ,0.  ,0.  ,0.  ,0.  ,0.  ,0.  ,0.  ,0.  ,0.  ,0.  ,0.  ,0.  ,
 0.  ,0.  ,0.  ,0.  ,0.  ,0.  ,0.  ,0.  ,0.  ,0.  ,0.  ,0.  ,0.  ,0.  ]",0,"[[-1.3498e-02,-4.8979e-03, 3.8246e-04,...,-1.1013e-02, 1.8778e-05,
   6.3096e-03],
 [-3.5537e-03,-2.9871e-03,-1.3974e-02,...,-5.6679e-03,-8.3602e-04,
   3.3509e-03],
 [-9.8223e-03,-9.9293e-03, 7.9568e-03,...,-2.7545e-03,-1.1057e-03,
   2.5672e-03],
 ...,
 [-7.8604e-03, 8.0771e-03, 1.3596e-02,...,-1.0829e-03,-1.1537e-03,
   3.9063e-03],
 [-5.7794e-03, 6.6186e-03, 1.2320e-03,..., 2.1307e-03,-6.7002e-03,
   5.2298e-03],
 [-2.5870e-03, 1.2748e-02,-2.7763e-03,...,-8.5902e-03, 7.8897e-03,
  -3.5166e-03]]","[[-0.0595, 0.0905,-0.0191,-0.0632, 0.0495, 0.0239, 0.0057,-0.0023,-0.0208,
  -0.0048]]","[ 5.0541,-2.4956,-1.139 , 0.0843,-2.3942, 1.4498, 0.5672,-0.5319,-0.0087,
 -0.467 ]","[9.4105e-01,4.9524e-04,1.9230e-03,6.5356e-03,5.4811e-04,2.5604e-02,
 1.0592e-02,3.5290e-03,5.9548e-03,3.7655e-03]","[[0.,0.,0.,...,0.,0.,0.],
 [0.,0.,0.,...,0.,0.,0.],
 [0.,0.,0.,...,0.,0.,0.],
 ...,
 [0.,0.,0.,...,0.,0.,0.],
 [0.,0.,0.,...,0.,0.,0.],
 [0.,0.,0.,...,0.,0.,0.]]","[-0.0589, 0.0005, 0.0019, 0.0065, 0.0005, 0.0256, 0.0106, 0.0035, 0.006 ,
  0.0038]","[[ 0.0038,-0.0069, 0.0005, 0.0053,-0.0046,-0.0026,-0.0003, 0.0005, 0.0026,
   0.0018]]"
62,"[0.  ,0.  ,0.  ,0.  ,0.  ,0.  ,0.  ,0.  ,0.  ,0.  ,0.  ,0.  ,0.  ,0.  ,
 0.  ,0.  ,0.  ,0.  ,0.  ,0.  ,0.  ,0.  ,0.  ,0.  ,0.  ,0.  ,0.  ,0.  ,
 0.  ,0.  ,0.  ,0.  ,0.  ,0.  ,0.  ,0.  ,0.  ,0.  ,0.  ,0.  ,0.  ,0.  ,
 0.  ,0.  ,0.  ,0.  ,0.  ,0.  ,0.  ,0.  ,0.  ,0.  ,0.  ,0.  ,0.  ,0.  ,
 0.  ,0.  ,0.  ,0.  ,0.  ,0.  ,0.  ,0.  ,0.  ,0.  ,0.  ,0.  ,0.  ,0.  ,
 0.  ,0.  ,0.  ,0.  ,0.  ,0.  ,0.  ,0.  ,0.  ,0.  ,0.  ,0.  ,0.  ,0.  ,
 0.  ,0.  ,0.  ,0.  ,0.  ,0.  ,0.  ,0.  ,0.  ,0.  ,0.  ,0.  ,0.  ,0.  ,
 0.  ,0.  ,0.  ,0.  ,0.  ,0.  ,0.  ,0.  ,0.  ,0.  ,0.  ,0.  ,0.  ,0.  ,
 0.  ,0.  ,0.  ,0.  ,0.  ,0.  ,0.  ,0.  ,0.  ,0.  ,0.  ,0.  ,0.  ,0.  ,
 0.  ,0.2 ,0.62,0.99,0.62,0.2 ,0.  ,0.  ,0.  ,0.  ,0.  ,0.  ,0.  ,0.  ,
 0.  ,0.  ,0.  ,0.  ,0.  ,0.  ,0.  ,0.  ,0.  ,0.  ,0.  ,0.  ,0.  ,0.  ,
 0.19,0.93,0.99,0.99,0.99,0.93,0.  ,0.  ,0.  ,0.  ,0.  ,0.  ,0.  ,0.  ,
 0.  ,0.  ,0.  ,0.  ,0.  ,0.  ,0.  ,0.  ,0.  ,0.  ,0.  ,0.  ,0.  ,0.21,
 0.89,0.99,0.99,0.94,0.91,0.99,0.22,0.02,0.  ,0.  ,0.  ,0.  ,0.  ,0.  ,
 0.  ,0.  ,0.  ,0.  ,0.  ,0.  ,0.  ,0.  ,0.  ,0.  ,0.  ,0.04,0.24,0.88,
 0.99,0.99,0.99,0.79,0.33,0.99,0.99,0.48,0.  ,0.  ,0.  ,0.  ,0.  ,0.  ,
 0.  ,0.  ,0.  ,0.  ,0.  ,0.  ,0.  ,0.  ,0.  ,0.  ,0.  ,0.64,0.99,0.99,
 0.99,0.99,0.99,0.99,0.38,0.74,0.99,0.65,0.  ,0.  ,0.  ,0.  ,0.  ,0.  ,
 0.  ,0.  ,0.  ,0.  ,0.  ,0.  ,0.  ,0.  ,0.  ,0.  ,0.2 ,0.93,0.99,0.99,
 0.75,0.45,0.99,0.89,0.18,0.31,1.  ,0.66,0.  ,0.  ,0.  ,0.  ,0.  ,0.  ,
 0.  ,0.  ,0.  ,0.  ,0.  ,0.  ,0.  ,0.  ,0.  ,0.19,0.93,0.99,0.99,0.7 ,
 0.05,0.29,0.47,0.08,0.  ,0.  ,0.99,0.95,0.2 ,0.  ,0.  ,0.  ,0.  ,0.  ,
 0.  ,0.  ,0.  ,0.  ,0.  ,0.  ,0.  ,0.  ,0.15,0.65,0.99,0.91,0.82,0.33,
 0.  ,0.  ,0.  ,0.  ,0.  ,0.  ,0.99,0.99,0.65,0.  ,0.  ,0.  ,0.  ,0.  ,
 0.  ,0.  ,0.  ,0.  ,0.  ,0.  ,0.  ,0.03,0.7 ,0.99,0.94,0.28,0.07,0.11,
 0.  ,0.  ,0.  ,0.  ,0.  ,0.  ,0.99,0.99,0.76,0.  ,0.  ,0.  ,0.  ,0.  ,
 0.  ,0.  ,0.  ,0.  ,0.  ,0.  ,0.  ,0.22,0.99,0.99,0.25,0.  ,0.  ,0.  ,
 0.  ,0.  ,0.  ,0.  ,0.  ,0.  ,0.99,0.99,0.76,0.  ,0.  ,0.  ,0.  ,0.  ,
 0.  ,0.  ,0.  ,0.  ,0.  ,0.  ,0.  ,0.78,0.99,0.75,0.  ,0.  ,0.  ,0.  ,
 0.  ,0.  ,0.  ,0.  ,0.  ,0.  ,1.  ,0.99,0.77,0.  ,0.  ,0.  ,0.  ,0.  ,
 0.  ,0.  ,0.  ,0.  ,0.  ,0.  ,0.3 ,0.96,0.99,0.44,0.  ,0.  ,0.  ,0.  ,
 0.  ,0.  ,0.  ,0.  ,0.  ,0.  ,0.99,0.99,0.58,0.  ,0.  ,0.  ,0.  ,0.  ,
 0.  ,0.  ,0.  ,0.  ,0.  ,0.  ,0.33,0.99,0.9 ,0.1 ,0.  ,0.  ,0.  ,0.  ,
 0.  ,0.  ,0.  ,0.  ,0.03,0.53,0.99,0.73,0.05,0.  ,0.  ,0.  ,0.  ,0.  ,
 0.  ,0.  ,0.  ,0.  ,0.  ,0.  ,0.33,0.99,0.87,0.  ,0.  ,0.  ,0.  ,0.  ,
 0.  ,0.  ,0.  ,0.03,0.51,0.99,0.88,0.28,0.  ,0.  ,0.  ,0.  ,0.  ,0.  ,
 0.  ,0.  ,0.  ,0.  ,0.  ,0.  ,0.33,0.99,0.57,0.  ,0.  ,0.  ,0.  ,0.  ,
 0.  ,0.  ,0.19,0.65,0.99,0.68,0.  ,0.  ,0.  ,0.  ,0.  ,0.  ,0.  ,0.  ,
 0.  ,0.  ,0.  ,0.  ,0.  ,0.  ,0.34,0.99,0.88,0.  ,0.  ,0.  ,0.  ,0.  ,
 0.  ,0.45,0.93,0.99,0.64,0.  ,0.  ,0.  ,0.  ,0.  ,0.  ,0.  ,0.  ,0.  ,
 0.  ,0.  ,0.  ,0.  ,0.  ,0.  ,0.33,0.99,0.98,0.57,0.19,0.11,0.33,0.7 ,
 0.88,0.99,0.87,0.65,0.22,0.  ,0.  ,0.  ,0.  ,0.  ,0.  ,0.  ,0.  ,0.  ,
 0.  ,0.  ,0.  ,0.  ,0.  ,0.  ,0.33,0.99,0.99,0.99,0.9 ,0.84,0.99,0.99,
 0.99,0.77,0.51,0.  ,0.  ,0.  ,0.  ,0.  ,0.  ,0.  ,0.  ,0.  ,0.  ,0.  ,
 0.  ,0.  ,0.  ,0.  ,0.  ,0.  ,0.11,0.78,0.99,0.99,0.99,0.99,0.99,0.91,
 0.57,0.  ,0.  ,0.  ,0.  ,0.  ,0.  ,0.  ,0.  ,0.  ,0.  ,0.  ,0.  ,0.  ,
 0.  ,0.  ,0.  ,0.  ,0.  ,0.  ,0.  ,0.1 ,0.5 ,0.99,0.99,0.99,0.55,0.15,
 0.  ,0.  ,0.  ,0.  ,0.  ,0.  ,0.  ,0.  ,0.  ,0.  ,0.  ,0.  ,0.  ,0.  ,
 0.  ,0.  ,0.  ,0.  ,0.  ,0.  ,0.  ,0.  ,0.  ,0.  ,0.  ,0.  ,0.  ,0.  ,
 0.  ,0.  ,0.  ,0.  ,0.  ,0.  ,0.  ,0.  ,0.  ,0.  ,0.  ,0.  ,0.  ,0.  ,
 0.  ,0.  ,0.  ,0.  ,0.  ,0.  ,0.  ,0.  ,0.  ,0.  ,0.  ,0.  ,0.  ,0.  ,
 0.  ,0.  ,0.  ,0.  ,0.  ,0.  ,0.  ,0.  ,0.  ,0.  ,0.  ,0.  ,0.  ,0.  ,
 0.  ,0.  ,0.  ,0.  ,0.  ,0.  ,0.  ,0.  ,0.  ,0.  ,0.  ,0.  ,0.  ,0.  ,
 0.  ,0.  ,0.  ,0.  ,0.  ,0.  ,0.  ,0.  ,0.  ,0.  ,0.  ,0.  ,0.  ,0.  ,
 0.  ,0.  ,0.  ,0.  ,0.  ,0.  ,0.  ,0.  ,0.  ,0.  ,0.  ,0.  ,0.  ,0.  ,
 0.  ,0.  ,0.  ,0.  ,0.  ,0.  ,0.  ,0.  ,0.  ,0.  ,0.  ,0.  ,0.  ,0.  ]",0,"[[-1.3498e-02,-4.8979e-03, 3.8246e-04,...,-1.1013e-02, 1.8778e-05,
   6.3096e-03],
 [-3.5537e-03,-2.9871e-03,-1.3974e-02,...,-5.6679e-03,-8.3602e-04,
   3.3509e-03],
 [-9.8223e-03,-9.9293e-03, 7.9568e-03,...,-2.7545e-03,-1.1057e-03,
   2.5672e-03],
 ...,
 [-7.8604e-03, 8.0771e-03, 1.3596e-02,...,-1.0829e-03,-1.1537e-03,
   3.9063e-03],
 [-5.7794e-03, 6.6186e-03, 1.2320e-03,..., 2.1307e-03,-6.7002e-03,
   5.2298e-03],
 [-2.5870e-03, 1.2748e-02,-2.7763e-03,...,-8.5902e-03, 7.8897e-03,
  -3.5166e-03]]","[[-0.0599, 0.0912,-0.0191,-0.0638, 0.05  , 0.0242, 0.0057,-0.0023,-0.0211,
  -0.005 ]]","[ 5.0811,-2.5129,-1.1476, 0.0878,-2.4101, 1.4591, 0.5739,-0.5345,-0.008 ,
 -0.4699]","[9.4228e-01,4.7437e-04,1.8582e-03,6.3915e-03,5.2576e-04,2.5185e-02,
 1.0392e-02,3.4305e-03,5.8078e-03,3.6592e-03]","[[0.,0.,0.,...,0.,0.,0.],
 [0.,0.,0.,...,0.,0.,0.],
 [0.,0.,0.,...,0.,0.,0.],
 ...,
 [0.,0.,0.,...,0.,0.,0.],
 [0.,0.,0.,...,0.,0.,0.],
 [0.,0.,0.,...,0.,0.,0.]]","[-0.0577, 0.0005, 0.0019, 0.0064, 0.0005, 0.0252, 0.0104, 0.0034, 0.0058,
  0.0037]","[[ 0.0037,-0.0068, 0.0005, 0.0053,-0.0046,-0.0026,-0.0003, 0.0004, 0.0026,
   0.0018]]"
63,"[0.  ,0.  ,0.  ,0.  ,0.  ,0.  ,0.  ,0.  ,0.  ,0.  ,0.  ,0.  ,0.  ,0.  ,
 0.  ,0.  ,0.  ,0.  ,0.  ,0.  ,0.  ,0.  ,0.  ,0.  ,0.  ,0.  ,0.  ,0.  ,
 0.  ,0.  ,0.  ,0.  ,0.  ,0.  ,0.  ,0.  ,0.  ,0.  ,0.  ,0.  ,0.  ,0.  ,
 0.  ,0.  ,0.  ,0.  ,0.  ,0.  ,0.  ,0.  ,0.  ,0.  ,0.  ,0.  ,0.  ,0.  ,
 0.  ,0.  ,0.  ,0.  ,0.  ,0.  ,0.  ,0.  ,0.  ,0.  ,0.  ,0.  ,0.  ,0.  ,
 0.  ,0.  ,0.  ,0.  ,0.  ,0.  ,0.  ,0.  ,0.  ,0.  ,0.  ,0.  ,0.  ,0.  ,
 0.  ,0.  ,0.  ,0.  ,0.  ,0.  ,0.  ,0.  ,0.  ,0.  ,0.  ,0.  ,0.  ,0.  ,
 0.  ,0.  ,0.  ,0.  ,0.  ,0.  ,0.  ,0.  ,0.  ,0.  ,0.  ,0.  ,0.  ,0.  ,
 0.  ,0.  ,0.  ,0.  ,0.  ,0.  ,0.  ,0.  ,0.  ,0.  ,0.  ,0.  ,0.  ,0.  ,
 0.  ,0.2 ,0.62,0.99,0.62,0.2 ,0.  ,0.  ,0.  ,0.  ,0.  ,0.  ,0.  ,0.  ,
 0.  ,0.  ,0.  ,0.  ,0.  ,0.  ,0.  ,0.  ,0.  ,0.  ,0.  ,0.  ,0.  ,0.  ,
 0.19,0.93,0.99,0.99,0.99,0.93,0.  ,0.  ,0.  ,0.  ,0.  ,0.  ,0.  ,0.  ,
 0.  ,0.  ,0.  ,0.  ,0.  ,0.  ,0.  ,0.  ,0.  ,0.  ,0.  ,0.  ,0.  ,0.21,
 0.89,0.99,0.99,0.94,0.91,0.99,0.22,0.02,0.  ,0.  ,0.  ,0.  ,0.  ,0.  ,
 0.  ,0.  ,0.  ,0.  ,0.  ,0.  ,0.  ,0.  ,0.  ,0.  ,0.  ,0.04,0.24,0.88,
 0.99,0.99,0.99,0.79,0.33,0.99,0.99,0.48,0.  ,0.  ,0.  ,0.  ,0.  ,0.  ,
 0.  ,0.  ,0.  ,0.  ,0.  ,0.  ,0.  ,0.  ,0.  ,0.  ,0.  ,0.64,0.99,0.99,
 0.99,0.99,0.99,0.99,0.38,0.74,0.99,0.65,0.  ,0.  ,0.  ,0.  ,0.  ,0.  ,
 0.  ,0.  ,0.  ,0.  ,0.  ,0.  ,0.  ,0.  ,0.  ,0.  ,0.2 ,0.93,0.99,0.99,
 0.75,0.45,0.99,0.89,0.18,0.31,1.  ,0.66,0.  ,0.  ,0.  ,0.  ,0.  ,0.  ,
 0.  ,0.  ,0.  ,0.  ,0.  ,0.  ,0.  ,0.  ,0.  ,0.19,0.93,0.99,0.99,0.7 ,
 0.05,0.29,0.47,0.08,0.  ,0.  ,0.99,0.95,0.2 ,0.  ,0.  ,0.  ,0.  ,0.  ,
 0.  ,0.  ,0.  ,0.  ,0.  ,0.  ,0.  ,0.  ,0.15,0.65,0.99,0.91,0.82,0.33,
 0.  ,0.  ,0.  ,0.  ,0.  ,0.  ,0.99,0.99,0.65,0.  ,0.  ,0.  ,0.  ,0.  ,
 0.  ,0.  ,0.  ,0.  ,0.  ,0.  ,0.  ,0.03,0.7 ,0.99,0.94,0.28,0.07,0.11,
 0.  ,0.  ,0.  ,0.  ,0.  ,0.  ,0.99,0.99,0.76,0.  ,0.  ,0.  ,0.  ,0.  ,
 0.  ,0.  ,0.  ,0.  ,0.  ,0.  ,0.  ,0.22,0.99,0.99,0.25,0.  ,0.  ,0.  ,
 0.  ,0.  ,0.  ,0.  ,0.  ,0.  ,0.99,0.99,0.76,0.  ,0.  ,0.  ,0.  ,0.  ,
 0.  ,0.  ,0.  ,0.  ,0.  ,0.  ,0.  ,0.78,0.99,0.75,0.  ,0.  ,0.  ,0.  ,
 0.  ,0.  ,0.  ,0.  ,0.  ,0.  ,1.  ,0.99,0.77,0.  ,0.  ,0.  ,0.  ,0.  ,
 0.  ,0.  ,0.  ,0.  ,0.  ,0.  ,0.3 ,0.96,0.99,0.44,0.  ,0.  ,0.  ,0.  ,
 0.  ,0.  ,0.  ,0.  ,0.  ,0.  ,0.99,0.99,0.58,0.  ,0.  ,0.  ,0.  ,0.  ,
 0.  ,0.  ,0.  ,0.  ,0.  ,0.  ,0.33,0.99,0.9 ,0.1 ,0.  ,0.  ,0.  ,0.  ,
 0.  ,0.  ,0.  ,0.  ,0.03,0.53,0.99,0.73,0.05,0.  ,0.  ,0.  ,0.  ,0.  ,
 0.  ,0.  ,0.  ,0.  ,0.  ,0.  ,0.33,0.99,0.87,0.  ,0.  ,0.  ,0.  ,0.  ,
 0.  ,0.  ,0.  ,0.03,0.51,0.99,0.88,0.28,0.  ,0.  ,0.  ,0.  ,0.  ,0.  ,
 0.  ,0.  ,0.  ,0.  ,0.  ,0.  ,0.33,0.99,0.57,0.  ,0.  ,0.  ,0.  ,0.  ,
 0.  ,0.  ,0.19,0.65,0.99,0.68,0.  ,0.  ,0.  ,0.  ,0.  ,0.  ,0.  ,0.  ,
 0.  ,0.  ,0.  ,0.  ,0.  ,0.  ,0.34,0.99,0.88,0.  ,0.  ,0.  ,0.  ,0.  ,
 0.  ,0.45,0.93,0.99,0.64,0.  ,0.  ,0.  ,0.  ,0.  ,0.  ,0.  ,0.  ,0.  ,
 0.  ,0.  ,0.  ,0.  ,0.  ,0.  ,0.33,0.99,0.98,0.57,0.19,0.11,0.33,0.7 ,
 0.88,0.99,0.87,0.65,0.22,0.  ,0.  ,0.  ,0.  ,0.  ,0.  ,0.  ,0.  ,0.  ,
 0.  ,0.  ,0.  ,0.  ,0.  ,0.  ,0.33,0.99,0.99,0.99,0.9 ,0.84,0.99,0.99,
 0.99,0.77,0.51,0.  ,0.  ,0.  ,0.  ,0.  ,0.  ,0.  ,0.  ,0.  ,0.  ,0.  ,
 0.  ,0.  ,0.  ,0.  ,0.  ,0.  ,0.11,0.78,0.99,0.99,0.99,0.99,0.99,0.91,
 0.57,0.  ,0.  ,0.  ,0.  ,0.  ,0.  ,0.  ,0.  ,0.  ,0.  ,0.  ,0.  ,0.  ,
 0.  ,0.  ,0.  ,0.  ,0.  ,0.  ,0.  ,0.1 ,0.5 ,0.99,0.99,0.99,0.55,0.15,
 0.  ,0.  ,0.  ,0.  ,0.  ,0.  ,0.  ,0.  ,0.  ,0.  ,0.  ,0.  ,0.  ,0.  ,
 0.  ,0.  ,0.  ,0.  ,0.  ,0.  ,0.  ,0.  ,0.  ,0.  ,0.  ,0.  ,0.  ,0.  ,
 0.  ,0.  ,0.  ,0.  ,0.  ,0.  ,0.  ,0.  ,0.  ,0.  ,0.  ,0.  ,0.  ,0.  ,
 0.  ,0.  ,0.  ,0.  ,0.  ,0.  ,0.  ,0.  ,0.  ,0.  ,0.  ,0.  ,0.  ,0.  ,
 0.  ,0.  ,0.  ,0.  ,0.  ,0.  ,0.  ,0.  ,0.  ,0.  ,0.  ,0.  ,0.  ,0.  ,
 0.  ,0.  ,0.  ,0.  ,0.  ,0.  ,0.  ,0.  ,0.  ,0.  ,0.  ,0.  ,0.  ,0.  ,
 0.  ,0.  ,0.  ,0.  ,0.  ,0.  ,0.  ,0.  ,0.  ,0.  ,0.  ,0.  ,0.  ,0.  ,
 0.  ,0.  ,0.  ,0.  ,0.  ,0.  ,0.  ,0.  ,0.  ,0.  ,0.  ,0.  ,0.  ,0.  ,
 0.  ,0.  ,0.  ,0.  ,0.  ,0.  ,0.  ,0.  ,0.  ,0.  ,0.  ,0.  ,0.  ,0.  ]",0,"[[-1.3498e-02,-4.8979e-03, 3.8246e-04,...,-1.1013e-02, 1.8778e-05,
   6.3096e-03],
 [-3.5537e-03,-2.9871e-03,-1.3974e-02,...,-5.6679e-03,-8.3602e-04,
   3.3509e-03],
 [-9.8223e-03,-9.9293e-03, 7.9568e-03,...,-2.7545e-03,-1.1057e-03,
   2.5672e-03],
 ...,
 [-7.8604e-03, 8.0771e-03, 1.3596e-02,...,-1.0829e-03,-1.1537e-03,
   3.9063e-03],
 [-5.7794e-03, 6.6186e-03, 1.2320e-03,..., 2.1307e-03,-6.7002e-03,
   5.2298e-03],
 [-2.5870e-03, 1.2748e-02,-2.7763e-03,...,-8.5902e-03, 7.8897e-03,
  -3.5166e-03]]","[[-0.0602, 0.0919,-0.0191,-0.0643, 0.0504, 0.0244, 0.0057,-0.0024,-0.0213,
  -0.0051]]","[ 5.1077,-2.53  ,-1.156 , 0.0912,-2.4257, 1.4681, 0.5806,-0.537 ,-0.0073,
 -0.4728]","[9.4345e-01,4.5469e-04,1.7965e-03,6.2529e-03,5.0464e-04,2.4778e-02,
 1.0200e-02,3.3363e-03,5.6664e-03,3.5573e-03]","[[0.,0.,0.,...,0.,0.,0.],
 [0.,0.,0.,...,0.,0.,0.],
 [0.,0.,0.,...,0.,0.,0.],
 ...,
 [0.,0.,0.,...,0.,0.,0.],
 [0.,0.,0.,...,0.,0.,0.],
 [0.,0.,0.,...,0.,0.,0.]]","[-0.0565, 0.0005, 0.0018, 0.0063, 0.0005, 0.0248, 0.0102, 0.0033, 0.0057,
  0.0036]","[[ 0.0037,-0.0067, 0.0004, 0.0052,-0.0045,-0.0026,-0.0003, 0.0004, 0.0026,
   0.0018]]"
64,"[0.  ,0.  ,0.  ,0.  ,0.  ,0.  ,0.  ,0.  ,0.  ,0.  ,0.  ,0.  ,0.  ,0.  ,
 0.  ,0.  ,0.  ,0.  ,0.  ,0.  ,0.  ,0.  ,0.  ,0.  ,0.  ,0.  ,0.  ,0.  ,
 0.  ,0.  ,0.  ,0.  ,0.  ,0.  ,0.  ,0.  ,0.  ,0.  ,0.  ,0.  ,0.  ,0.  ,
 0.  ,0.  ,0.  ,0.  ,0.  ,0.  ,0.  ,0.  ,0.  ,0.  ,0.  ,0.  ,0.  ,0.  ,
 0.  ,0.  ,0.  ,0.  ,0.  ,0.  ,0.  ,0.  ,0.  ,0.  ,0.  ,0.  ,0.  ,0.  ,
 0.  ,0.  ,0.  ,0.  ,0.  ,0.  ,0.  ,0.  ,0.  ,0.  ,0.  ,0.  ,0.  ,0.  ,
 0.  ,0.  ,0.  ,0.  ,0.  ,0.  ,0.  ,0.  ,0.  ,0.  ,0.  ,0.  ,0.  ,0.  ,
 0.  ,0.  ,0.  ,0.  ,0.  ,0.  ,0.  ,0.  ,0.  ,0.  ,0.  ,0.  ,0.  ,0.  ,
 0.  ,0.  ,0.  ,0.  ,0.  ,0.  ,0.  ,0.  ,0.  ,0.  ,0.  ,0.  ,0.  ,0.  ,
 0.  ,0.2 ,0.62,0.99,0.62,0.2 ,0.  ,0.  ,0.  ,0.  ,0.  ,0.  ,0.  ,0.  ,
 0.  ,0.  ,0.  ,0.  ,0.  ,0.  ,0.  ,0.  ,0.  ,0.  ,0.  ,0.  ,0.  ,0.  ,
 0.19,0.93,0.99,0.99,0.99,0.93,0.  ,0.  ,0.  ,0.  ,0.  ,0.  ,0.  ,0.  ,
 0.  ,0.  ,0.  ,0.  ,0.  ,0.  ,0.  ,0.  ,0.  ,0.  ,0.  ,0.  ,0.  ,0.21,
 0.89,0.99,0.99,0.94,0.91,0.99,0.22,0.02,0.  ,0.  ,0.  ,0.  ,0.  ,0.  ,
 0.  ,0.  ,0.  ,0.  ,0.  ,0.  ,0.  ,0.  ,0.  ,0.  ,0.  ,0.04,0.24,0.88,
 0.99,0.99,0.99,0.79,0.33,0.99,0.99,0.48,0.  ,0.  ,0.  ,0.  ,0.  ,0.  ,
 0.  ,0.  ,0.  ,0.  ,0.  ,0.  ,0.  ,0.  ,0.  ,0.  ,0.  ,0.64,0.99,0.99,
 0.99,0.99,0.99,0.99,0.38,0.74,0.99,0.65,0.  ,0.  ,0.  ,0.  ,0.  ,0.  ,
 0.  ,0.  ,0.  ,0.  ,0.  ,0.  ,0.  ,0.  ,0.  ,0.  ,0.2 ,0.93,0.99,0.99,
 0.75,0.45,0.99,0.89,0.18,0.31,1.  ,0.66,0.  ,0.  ,0.  ,0.  ,0.  ,0.  ,
 0.  ,0.  ,0.  ,0.  ,0.  ,0.  ,0.  ,0.  ,0.  ,0.19,0.93,0.99,0.99,0.7 ,
 0.05,0.29,0.47,0.08,0.  ,0.  ,0.99,0.95,0.2 ,0.  ,0.  ,0.  ,0.  ,0.  ,
 0.  ,0.  ,0.  ,0.  ,0.  ,0.  ,0.  ,0.  ,0.15,0.65,0.99,0.91,0.82,0.33,
 0.  ,0.  ,0.  ,0.  ,0.  ,0.  ,0.99,0.99,0.65,0.  ,0.  ,0.  ,0.  ,0.  ,
 0.  ,0.  ,0.  ,0.  ,0.  ,0.  ,0.  ,0.03,0.7 ,0.99,0.94,0.28,0.07,0.11,
 0.  ,0.  ,0.  ,0.  ,0.  ,0.  ,0.99,0.99,0.76,0.  ,0.  ,0.  ,0.  ,0.  ,
 0.  ,0.  ,0.  ,0.  ,0.  ,0.  ,0.  ,0.22,0.99,0.99,0.25,0.  ,0.  ,0.  ,
 0.  ,0.  ,0.  ,0.  ,0.  ,0.  ,0.99,0.99,0.76,0.  ,0.  ,0.  ,0.  ,0.  ,
 0.  ,0.  ,0.  ,0.  ,0.  ,0.  ,0.  ,0.78,0.99,0.75,0.  ,0.  ,0.  ,0.  ,
 0.  ,0.  ,0.  ,0.  ,0.  ,0.  ,1.  ,0.99,0.77,0.  ,0.  ,0.  ,0.  ,0.  ,
 0.  ,0.  ,0.  ,0.  ,0.  ,0.  ,0.3 ,0.96,0.99,0.44,0.  ,0.  ,0.  ,0.  ,
 0.  ,0.  ,0.  ,0.  ,0.  ,0.  ,0.99,0.99,0.58,0.  ,0.  ,0.  ,0.  ,0.  ,
 0.  ,0.  ,0.  ,0.  ,0.  ,0.  ,0.33,0.99,0.9 ,0.1 ,0.  ,0.  ,0.  ,0.  ,
 0.  ,0.  ,0.  ,0.  ,0.03,0.53,0.99,0.73,0.05,0.  ,0.  ,0.  ,0.  ,0.  ,
 0.  ,0.  ,0.  ,0.  ,0.  ,0.  ,0.33,0.99,0.87,0.  ,0.  ,0.  ,0.  ,0.  ,
 0.  ,0.  ,0.  ,0.03,0.51,0.99,0.88,0.28,0.  ,0.  ,0.  ,0.  ,0.  ,0.  ,
 0.  ,0.  ,0.  ,0.  ,0.  ,0.  ,0.33,0.99,0.57,0.  ,0.  ,0.  ,0.  ,0.  ,
 0.  ,0.  ,0.19,0.65,0.99,0.68,0.  ,0.  ,0.  ,0.  ,0.  ,0.  ,0.  ,0.  ,
 0.  ,0.  ,0.  ,0.  ,0.  ,0.  ,0.34,0.99,0.88,0.  ,0.  ,0.  ,0.  ,0.  ,
 0.  ,0.45,0.93,0.99,0.64,0.  ,0.  ,0.  ,0.  ,0.  ,0.  ,0.  ,0.  ,0.  ,
 0.  ,0.  ,0.  ,0.  ,0.  ,0.  ,0.33,0.99,0.98,0.57,0.19,0.11,0.33,0.7 ,
 0.88,0.99,0.87,0.65,0.22,0.  ,0.  ,0.  ,0.  ,0.  ,0.  ,0.  ,0.  ,0.  ,
 0.  ,0.  ,0.  ,0.  ,0.  ,0.  ,0.33,0.99,0.99,0.99,0.9 ,0.84,0.99,0.99,
 0.99,0.77,0.51,0.  ,0.  ,0.  ,0.  ,0.  ,0.  ,0.  ,0.  ,0.  ,0.  ,0.  ,
 0.  ,0.  ,0.  ,0.  ,0.  ,0.  ,0.11,0.78,0.99,0.99,0.99,0.99,0.99,0.91,
 0.57,0.  ,0.  ,0.  ,0.  ,0.  ,0.  ,0.  ,0.  ,0.  ,0.  ,0.  ,0.  ,0.  ,
 0.  ,0.  ,0.  ,0.  ,0.  ,0.  ,0.  ,0.1 ,0.5 ,0.99,0.99,0.99,0.55,0.15,
 0.  ,0.  ,0.  ,0.  ,0.  ,0.  ,0.  ,0.  ,0.  ,0.  ,0.  ,0.  ,0.  ,0.  ,
 0.  ,0.  ,0.  ,0.  ,0.  ,0.  ,0.  ,0.  ,0.  ,0.  ,0.  ,0.  ,0.  ,0.  ,
 0.  ,0.  ,0.  ,0.  ,0.  ,0.  ,0.  ,0.  ,0.  ,0.  ,0.  ,0.  ,0.  ,0.  ,
 0.  ,0.  ,0.  ,0.  ,0.  ,0.  ,0.  ,0.  ,0.  ,0.  ,0.  ,0.  ,0.  ,0.  ,
 0.  ,0.  ,0.  ,0.  ,0.  ,0.  ,0.  ,0.  ,0.  ,0.  ,0.  ,0.  ,0.  ,0.  ,
 0.  ,0.  ,0.  ,0.  ,0.  ,0.  ,0.  ,0.  ,0.  ,0.  ,0.  ,0.  ,0.  ,0.  ,
 0.  ,0.  ,0.  ,0.  ,0.  ,0.  ,0.  ,0.  ,0.  ,0.  ,0.  ,0.  ,0.  ,0.  ,
 0.  ,0.  ,0.  ,0.  ,0.  ,0.  ,0.  ,0.  ,0.  ,0.  ,0.  ,0.  ,0.  ,0.  ,
 0.  ,0.  ,0.  ,0.  ,0.  ,0.  ,0.  ,0.  ,0.  ,0.  ,0.  ,0.  ,0.  ,0.  ]",0,"[[-1.3498e-02,-4.8979e-03, 3.8246e-04,...,-1.1013e-02, 1.8778e-05,
   6.3096e-03],
 [-3.5537e-03,-2.9871e-03,-1.3974e-02,...,-5.6679e-03,-8.3602e-04,
   3.3509e-03],
 [-9.8223e-03,-9.9293e-03, 7.9568e-03,...,-2.7545e-03,-1.1057e-03,
   2.5672e-03],
 ...,
 [-7.8604e-03, 8.0771e-03, 1.3596e-02,...,-1.0829e-03,-1.1537e-03,
   3.9063e-03],
 [-5.7794e-03, 6.6186e-03, 1.2320e-03,..., 2.1307e-03,-6.7002e-03,
   5.2298e-03],
 [-2.5870e-03, 1.2748e-02,-2.7763e-03,...,-8.5902e-03, 7.8897e-03,
  -3.5166e-03]]","[[-0.0606, 0.0926,-0.0192,-0.0648, 0.0509, 0.0247, 0.0057,-0.0024,-0.0216,
  -0.0053]]","[ 5.1339,-2.5467,-1.1643, 0.0946,-2.4412, 1.4771, 0.5872,-0.5394,-0.0066,
 -0.4757]","[9.4459e-01,4.3612e-04,1.7376e-03,6.1195e-03,4.8467e-04,2.4384e-02,
 1.0015e-02,3.2461e-03,5.5302e-03,3.4598e-03]","[[0.,0.,0.,...,0.,0.,0.],
 [0.,0.,0.,...,0.,0.,0.],
 [0.,0.,0.,...,0.,0.,0.],
 ...,
 [0.,0.,0.,...,0.,0.,0.],
 [0.,0.,0.,...,0.,0.,0.],
 [0.,0.,0.,...,0.,0.,0.]]","[-0.0554, 0.0004, 0.0017, 0.0061, 0.0005, 0.0244, 0.01  , 0.0032, 0.0055,
  0.0035]","[[ 0.0036,-0.0066, 0.0004, 0.0051,-0.0045,-0.0026,-0.0003, 0.0004, 0.0025,
   0.0018]]"
65,"[0.  ,0.  ,0.  ,0.  ,0.  ,0.  ,0.  ,0.  ,0.  ,0.  ,0.  ,0.  ,0.  ,0.  ,
 0.  ,0.  ,0.  ,0.  ,0.  ,0.  ,0.  ,0.  ,0.  ,0.  ,0.  ,0.  ,0.  ,0.  ,
 0.  ,0.  ,0.  ,0.  ,0.  ,0.  ,0.  ,0.  ,0.  ,0.  ,0.  ,0.  ,0.  ,0.  ,
 0.  ,0.  ,0.  ,0.  ,0.  ,0.  ,0.  ,0.  ,0.  ,0.  ,0.  ,0.  ,0.  ,0.  ,
 0.  ,0.  ,0.  ,0.  ,0.  ,0.  ,0.  ,0.  ,0.  ,0.  ,0.  ,0.  ,0.  ,0.  ,
 0.  ,0.  ,0.  ,0.  ,0.  ,0.  ,0.  ,0.  ,0.  ,0.  ,0.  ,0.  ,0.  ,0.  ,
 0.  ,0.  ,0.  ,0.  ,0.  ,0.  ,0.  ,0.  ,0.  ,0.  ,0.  ,0.  ,0.  ,0.  ,
 0.  ,0.  ,0.  ,0.  ,0.  ,0.  ,0.  ,0.  ,0.  ,0.  ,0.  ,0.  ,0.  ,0.  ,
 0.  ,0.  ,0.  ,0.  ,0.  ,0.  ,0.  ,0.  ,0.  ,0.  ,0.  ,0.  ,0.  ,0.  ,
 0.  ,0.2 ,0.62,0.99,0.62,0.2 ,0.  ,0.  ,0.  ,0.  ,0.  ,0.  ,0.  ,0.  ,
 0.  ,0.  ,0.  ,0.  ,0.  ,0.  ,0.  ,0.  ,0.  ,0.  ,0.  ,0.  ,0.  ,0.  ,
 0.19,0.93,0.99,0.99,0.99,0.93,0.  ,0.  ,0.  ,0.  ,0.  ,0.  ,0.  ,0.  ,
 0.  ,0.  ,0.  ,0.  ,0.  ,0.  ,0.  ,0.  ,0.  ,0.  ,0.  ,0.  ,0.  ,0.21,
 0.89,0.99,0.99,0.94,0.91,0.99,0.22,0.02,0.  ,0.  ,0.  ,0.  ,0.  ,0.  ,
 0.  ,0.  ,0.  ,0.  ,0.  ,0.  ,0.  ,0.  ,0.  ,0.  ,0.  ,0.04,0.24,0.88,
 0.99,0.99,0.99,0.79,0.33,0.99,0.99,0.48,0.  ,0.  ,0.  ,0.  ,0.  ,0.  ,
 0.  ,0.  ,0.  ,0.  ,0.  ,0.  ,0.  ,0.  ,0.  ,0.  ,0.  ,0.64,0.99,0.99,
 0.99,0.99,0.99,0.99,0.38,0.74,0.99,0.65,0.  ,0.  ,0.  ,0.  ,0.  ,0.  ,
 0.  ,0.  ,0.  ,0.  ,0.  ,0.  ,0.  ,0.  ,0.  ,0.  ,0.2 ,0.93,0.99,0.99,
 0.75,0.45,0.99,0.89,0.18,0.31,1.  ,0.66,0.  ,0.  ,0.  ,0.  ,0.  ,0.  ,
 0.  ,0.  ,0.  ,0.  ,0.  ,0.  ,0.  ,0.  ,0.  ,0.19,0.93,0.99,0.99,0.7 ,
 0.05,0.29,0.47,0.08,0.  ,0.  ,0.99,0.95,0.2 ,0.  ,0.  ,0.  ,0.  ,0.  ,
 0.  ,0.  ,0.  ,0.  ,0.  ,0.  ,0.  ,0.  ,0.15,0.65,0.99,0.91,0.82,0.33,
 0.  ,0.  ,0.  ,0.  ,0.  ,0.  ,0.99,0.99,0.65,0.  ,0.  ,0.  ,0.  ,0.  ,
 0.  ,0.  ,0.  ,0.  ,0.  ,0.  ,0.  ,0.03,0.7 ,0.99,0.94,0.28,0.07,0.11,
 0.  ,0.  ,0.  ,0.  ,0.  ,0.  ,0.99,0.99,0.76,0.  ,0.  ,0.  ,0.  ,0.  ,
 0.  ,0.  ,0.  ,0.  ,0.  ,0.  ,0.  ,0.22,0.99,0.99,0.25,0.  ,0.  ,0.  ,
 0.  ,0.  ,0.  ,0.  ,0.  ,0.  ,0.99,0.99,0.76,0.  ,0.  ,0.  ,0.  ,0.  ,
 0.  ,0.  ,0.  ,0.  ,0.  ,0.  ,0.  ,0.78,0.99,0.75,0.  ,0.  ,0.  ,0.  ,
 0.  ,0.  ,0.  ,0.  ,0.  ,0.  ,1.  ,0.99,0.77,0.  ,0.  ,0.  ,0.  ,0.  ,
 0.  ,0.  ,0.  ,0.  ,0.  ,0.  ,0.3 ,0.96,0.99,0.44,0.  ,0.  ,0.  ,0.  ,
 0.  ,0.  ,0.  ,0.  ,0.  ,0.  ,0.99,0.99,0.58,0.  ,0.  ,0.  ,0.  ,0.  ,
 0.  ,0.  ,0.  ,0.  ,0.  ,0.  ,0.33,0.99,0.9 ,0.1 ,0.  ,0.  ,0.  ,0.  ,
 0.  ,0.  ,0.  ,0.  ,0.03,0.53,0.99,0.73,0.05,0.  ,0.  ,0.  ,0.  ,0.  ,
 0.  ,0.  ,0.  ,0.  ,0.  ,0.  ,0.33,0.99,0.87,0.  ,0.  ,0.  ,0.  ,0.  ,
 0.  ,0.  ,0.  ,0.03,0.51,0.99,0.88,0.28,0.  ,0.  ,0.  ,0.  ,0.  ,0.  ,
 0.  ,0.  ,0.  ,0.  ,0.  ,0.  ,0.33,0.99,0.57,0.  ,0.  ,0.  ,0.  ,0.  ,
 0.  ,0.  ,0.19,0.65,0.99,0.68,0.  ,0.  ,0.  ,0.  ,0.  ,0.  ,0.  ,0.  ,
 0.  ,0.  ,0.  ,0.  ,0.  ,0.  ,0.34,0.99,0.88,0.  ,0.  ,0.  ,0.  ,0.  ,
 0.  ,0.45,0.93,0.99,0.64,0.  ,0.  ,0.  ,0.  ,0.  ,0.  ,0.  ,0.  ,0.  ,
 0.  ,0.  ,0.  ,0.  ,0.  ,0.  ,0.33,0.99,0.98,0.57,0.19,0.11,0.33,0.7 ,
 0.88,0.99,0.87,0.65,0.22,0.  ,0.  ,0.  ,0.  ,0.  ,0.  ,0.  ,0.  ,0.  ,
 0.  ,0.  ,0.  ,0.  ,0.  ,0.  ,0.33,0.99,0.99,0.99,0.9 ,0.84,0.99,0.99,
 0.99,0.77,0.51,0.  ,0.  ,0.  ,0.  ,0.  ,0.  ,0.  ,0.  ,0.  ,0.  ,0.  ,
 0.  ,0.  ,0.  ,0.  ,0.  ,0.  ,0.11,0.78,0.99,0.99,0.99,0.99,0.99,0.91,
 0.57,0.  ,0.  ,0.  ,0.  ,0.  ,0.  ,0.  ,0.  ,0.  ,0.  ,0.  ,0.  ,0.  ,
 0.  ,0.  ,0.  ,0.  ,0.  ,0.  ,0.  ,0.1 ,0.5 ,0.99,0.99,0.99,0.55,0.15,
 0.  ,0.  ,0.  ,0.  ,0.  ,0.  ,0.  ,0.  ,0.  ,0.  ,0.  ,0.  ,0.  ,0.  ,
 0.  ,0.  ,0.  ,0.  ,0.  ,0.  ,0.  ,0.  ,0.  ,0.  ,0.  ,0.  ,0.  ,0.  ,
 0.  ,0.  ,0.  ,0.  ,0.  ,0.  ,0.  ,0.  ,0.  ,0.  ,0.  ,0.  ,0.  ,0.  ,
 0.  ,0.  ,0.  ,0.  ,0.  ,0.  ,0.  ,0.  ,0.  ,0.  ,0.  ,0.  ,0.  ,0.  ,
 0.  ,0.  ,0.  ,0.  ,0.  ,0.  ,0.  ,0.  ,0.  ,0.  ,0.  ,0.  ,0.  ,0.  ,
 0.  ,0.  ,0.  ,0.  ,0.  ,0.  ,0.  ,0.  ,0.  ,0.  ,0.  ,0.  ,0.  ,0.  ,
 0.  ,0.  ,0.  ,0.  ,0.  ,0.  ,0.  ,0.  ,0.  ,0.  ,0.  ,0.  ,0.  ,0.  ,
 0.  ,0.  ,0.  ,0.  ,0.  ,0.  ,0.  ,0.  ,0.  ,0.  ,0.  ,0.  ,0.  ,0.  ,
 0.  ,0.  ,0.  ,0.  ,0.  ,0.  ,0.  ,0.  ,0.  ,0.  ,0.  ,0.  ,0.  ,0.  ]",0,"[[-1.3498e-02,-4.8979e-03, 3.8246e-04,...,-1.1013e-02, 1.8778e-05,
   6.3096e-03],
 [-3.5537e-03,-2.9871e-03,-1.3974e-02,...,-5.6679e-03,-8.3602e-04,
   3.3509e-03],
 [-9.8223e-03,-9.9293e-03, 7.9568e-03,...,-2.7545e-03,-1.1057e-03,
   2.5672e-03],
 ...,
 [-7.8604e-03, 8.0771e-03, 1.3596e-02,...,-1.0829e-03,-1.1537e-03,
   3.9063e-03],
 [-5.7794e-03, 6.6186e-03, 1.2320e-03,..., 2.1307e-03,-6.7002e-03,
   5.2298e-03],
 [-2.5870e-03, 1.2748e-02,-2.7763e-03,...,-8.5902e-03, 7.8897e-03,
  -3.5166e-03]]","[[-0.0609, 0.0932,-0.0192,-0.0653, 0.0513, 0.025 , 0.0058,-0.0025,-0.0218,
  -0.0055]]","[ 5.1596,-2.5632,-1.1726, 0.098 ,-2.4563, 1.4858, 0.5937,-0.5418,-0.006 ,
 -0.4785]","[9.4568e-01,4.1857e-04,1.6815e-03,5.9911e-03,4.6577e-04,2.4000e-02,
 9.8356e-03,3.1597e-03,5.3992e-03,3.3663e-03]","[[0.,0.,0.,...,0.,0.,0.],
 [0.,0.,0.,...,0.,0.,0.],
 [0.,0.,0.,...,0.,0.,0.],
 ...,
 [0.,0.,0.,...,0.,0.,0.],
 [0.,0.,0.,...,0.,0.,0.],
 [0.,0.,0.,...,0.,0.,0.]]","[-0.0543, 0.0004, 0.0017, 0.006 , 0.0005, 0.024 , 0.0098, 0.0032, 0.0054,
  0.0034]","[[ 0.0035,-0.0065, 0.0004, 0.005 ,-0.0044,-0.0025,-0.0003, 0.0004, 0.0025,
   0.0018]]"
66,"[0.  ,0.  ,0.  ,0.  ,0.  ,0.  ,0.  ,0.  ,0.  ,0.  ,0.  ,0.  ,0.  ,0.  ,
 0.  ,0.  ,0.  ,0.  ,0.  ,0.  ,0.  ,0.  ,0.  ,0.  ,0.  ,0.  ,0.  ,0.  ,
 0.  ,0.  ,0.  ,0.  ,0.  ,0.  ,0.  ,0.  ,0.  ,0.  ,0.  ,0.  ,0.  ,0.  ,
 0.  ,0.  ,0.  ,0.  ,0.  ,0.  ,0.  ,0.  ,0.  ,0.  ,0.  ,0.  ,0.  ,0.  ,
 0.  ,0.  ,0.  ,0.  ,0.  ,0.  ,0.  ,0.  ,0.  ,0.  ,0.  ,0.  ,0.  ,0.  ,
 0.  ,0.  ,0.  ,0.  ,0.  ,0.  ,0.  ,0.  ,0.  ,0.  ,0.  ,0.  ,0.  ,0.  ,
 0.  ,0.  ,0.  ,0.  ,0.  ,0.  ,0.  ,0.  ,0.  ,0.  ,0.  ,0.  ,0.  ,0.  ,
 0.  ,0.  ,0.  ,0.  ,0.  ,0.  ,0.  ,0.  ,0.  ,0.  ,0.  ,0.  ,0.  ,0.  ,
 0.  ,0.  ,0.  ,0.  ,0.  ,0.  ,0.  ,0.  ,0.  ,0.  ,0.  ,0.  ,0.  ,0.  ,
 0.  ,0.2 ,0.62,0.99,0.62,0.2 ,0.  ,0.  ,0.  ,0.  ,0.  ,0.  ,0.  ,0.  ,
 0.  ,0.  ,0.  ,0.  ,0.  ,0.  ,0.  ,0.  ,0.  ,0.  ,0.  ,0.  ,0.  ,0.  ,
 0.19,0.93,0.99,0.99,0.99,0.93,0.  ,0.  ,0.  ,0.  ,0.  ,0.  ,0.  ,0.  ,
 0.  ,0.  ,0.  ,0.  ,0.  ,0.  ,0.  ,0.  ,0.  ,0.  ,0.  ,0.  ,0.  ,0.21,
 0.89,0.99,0.99,0.94,0.91,0.99,0.22,0.02,0.  ,0.  ,0.  ,0.  ,0.  ,0.  ,
 0.  ,0.  ,0.  ,0.  ,0.  ,0.  ,0.  ,0.  ,0.  ,0.  ,0.  ,0.04,0.24,0.88,
 0.99,0.99,0.99,0.79,0.33,0.99,0.99,0.48,0.  ,0.  ,0.  ,0.  ,0.  ,0.  ,
 0.  ,0.  ,0.  ,0.  ,0.  ,0.  ,0.  ,0.  ,0.  ,0.  ,0.  ,0.64,0.99,0.99,
 0.99,0.99,0.99,0.99,0.38,0.74,0.99,0.65,0.  ,0.  ,0.  ,0.  ,0.  ,0.  ,
 0.  ,0.  ,0.  ,0.  ,0.  ,0.  ,0.  ,0.  ,0.  ,0.  ,0.2 ,0.93,0.99,0.99,
 0.75,0.45,0.99,0.89,0.18,0.31,1.  ,0.66,0.  ,0.  ,0.  ,0.  ,0.  ,0.  ,
 0.  ,0.  ,0.  ,0.  ,0.  ,0.  ,0.  ,0.  ,0.  ,0.19,0.93,0.99,0.99,0.7 ,
 0.05,0.29,0.47,0.08,0.  ,0.  ,0.99,0.95,0.2 ,0.  ,0.  ,0.  ,0.  ,0.  ,
 0.  ,0.  ,0.  ,0.  ,0.  ,0.  ,0.  ,0.  ,0.15,0.65,0.99,0.91,0.82,0.33,
 0.  ,0.  ,0.  ,0.  ,0.  ,0.  ,0.99,0.99,0.65,0.  ,0.  ,0.  ,0.  ,0.  ,
 0.  ,0.  ,0.  ,0.  ,0.  ,0.  ,0.  ,0.03,0.7 ,0.99,0.94,0.28,0.07,0.11,
 0.  ,0.  ,0.  ,0.  ,0.  ,0.  ,0.99,0.99,0.76,0.  ,0.  ,0.  ,0.  ,0.  ,
 0.  ,0.  ,0.  ,0.  ,0.  ,0.  ,0.  ,0.22,0.99,0.99,0.25,0.  ,0.  ,0.  ,
 0.  ,0.  ,0.  ,0.  ,0.  ,0.  ,0.99,0.99,0.76,0.  ,0.  ,0.  ,0.  ,0.  ,
 0.  ,0.  ,0.  ,0.  ,0.  ,0.  ,0.  ,0.78,0.99,0.75,0.  ,0.  ,0.  ,0.  ,
 0.  ,0.  ,0.  ,0.  ,0.  ,0.  ,1.  ,0.99,0.77,0.  ,0.  ,0.  ,0.  ,0.  ,
 0.  ,0.  ,0.  ,0.  ,0.  ,0.  ,0.3 ,0.96,0.99,0.44,0.  ,0.  ,0.  ,0.  ,
 0.  ,0.  ,0.  ,0.  ,0.  ,0.  ,0.99,0.99,0.58,0.  ,0.  ,0.  ,0.  ,0.  ,
 0.  ,0.  ,0.  ,0.  ,0.  ,0.  ,0.33,0.99,0.9 ,0.1 ,0.  ,0.  ,0.  ,0.  ,
 0.  ,0.  ,0.  ,0.  ,0.03,0.53,0.99,0.73,0.05,0.  ,0.  ,0.  ,0.  ,0.  ,
 0.  ,0.  ,0.  ,0.  ,0.  ,0.  ,0.33,0.99,0.87,0.  ,0.  ,0.  ,0.  ,0.  ,
 0.  ,0.  ,0.  ,0.03,0.51,0.99,0.88,0.28,0.  ,0.  ,0.  ,0.  ,0.  ,0.  ,
 0.  ,0.  ,0.  ,0.  ,0.  ,0.  ,0.33,0.99,0.57,0.  ,0.  ,0.  ,0.  ,0.  ,
 0.  ,0.  ,0.19,0.65,0.99,0.68,0.  ,0.  ,0.  ,0.  ,0.  ,0.  ,0.  ,0.  ,
 0.  ,0.  ,0.  ,0.  ,0.  ,0.  ,0.34,0.99,0.88,0.  ,0.  ,0.  ,0.  ,0.  ,
 0.  ,0.45,0.93,0.99,0.64,0.  ,0.  ,0.  ,0.  ,0.  ,0.  ,0.  ,0.  ,0.  ,
 0.  ,0.  ,0.  ,0.  ,0.  ,0.  ,0.33,0.99,0.98,0.57,0.19,0.11,0.33,0.7 ,
 0.88,0.99,0.87,0.65,0.22,0.  ,0.  ,0.  ,0.  ,0.  ,0.  ,0.  ,0.  ,0.  ,
 0.  ,0.  ,0.  ,0.  ,0.  ,0.  ,0.33,0.99,0.99,0.99,0.9 ,0.84,0.99,0.99,
 0.99,0.77,0.51,0.  ,0.  ,0.  ,0.  ,0.  ,0.  ,0.  ,0.  ,0.  ,0.  ,0.  ,
 0.  ,0.  ,0.  ,0.  ,0.  ,0.  ,0.11,0.78,0.99,0.99,0.99,0.99,0.99,0.91,
 0.57,0.  ,0.  ,0.  ,0.  ,0.  ,0.  ,0.  ,0.  ,0.  ,0.  ,0.  ,0.  ,0.  ,
 0.  ,0.  ,0.  ,0.  ,0.  ,0.  ,0.  ,0.1 ,0.5 ,0.99,0.99,0.99,0.55,0.15,
 0.  ,0.  ,0.  ,0.  ,0.  ,0.  ,0.  ,0.  ,0.  ,0.  ,0.  ,0.  ,0.  ,0.  ,
 0.  ,0.  ,0.  ,0.  ,0.  ,0.  ,0.  ,0.  ,0.  ,0.  ,0.  ,0.  ,0.  ,0.  ,
 0.  ,0.  ,0.  ,0.  ,0.  ,0.  ,0.  ,0.  ,0.  ,0.  ,0.  ,0.  ,0.  ,0.  ,
 0.  ,0.  ,0.  ,0.  ,0.  ,0.  ,0.  ,0.  ,0.  ,0.  ,0.  ,0.  ,0.  ,0.  ,
 0.  ,0.  ,0.  ,0.  ,0.  ,0.  ,0.  ,0.  ,0.  ,0.  ,0.  ,0.  ,0.  ,0.  ,
 0.  ,0.  ,0.  ,0.  ,0.  ,0.  ,0.  ,0.  ,0.  ,0.  ,0.  ,0.  ,0.  ,0.  ,
 0.  ,0.  ,0.  ,0.  ,0.  ,0.  ,0.  ,0.  ,0.  ,0.  ,0.  ,0.  ,0.  ,0.  ,
 0.  ,0.  ,0.  ,0.  ,0.  ,0.  ,0.  ,0.  ,0.  ,0.  ,0.  ,0.  ,0.  ,0.  ,
 0.  ,0.  ,0.  ,0.  ,0.  ,0.  ,0.  ,0.  ,0.  ,0.  ,0.  ,0.  ,0.  ,0.  ]",0,"[[-1.3498e-02,-4.8979e-03, 3.8246e-04,...,-1.1013e-02, 1.8778e-05,
   6.3096e-03],
 [-3.5537e-03,-2.9871e-03,-1.3974e-02,...,-5.6679e-03,-8.3602e-04,
   3.3509e-03],
 [-9.8223e-03,-9.9293e-03, 7.9568e-03,...,-2.7545e-03,-1.1057e-03,
   2.5672e-03],
 ...,
 [-7.8604e-03, 8.0771e-03, 1.3596e-02,...,-1.0829e-03,-1.1537e-03,
   3.9063e-03],
 [-5.7794e-03, 6.6186e-03, 1.2320e-03,..., 2.1307e-03,-6.7002e-03,
   5.2298e-03],
 [-2.5870e-03, 1.2748e-02,-2.7763e-03,...,-8.5902e-03, 7.8897e-03,
  -3.5166e-03]]","[[-0.0613, 0.0938,-0.0193,-0.0658, 0.0517, 0.0252, 0.0058,-0.0025,-0.0221,
  -0.0057]]","[ 5.185 ,-2.5794,-1.1807, 0.1014,-2.4713, 1.4944, 0.6002,-0.5441,-0.0055,
 -0.4812]","[9.4674e-01,4.0199e-04,1.6280e-03,5.8673e-03,4.4787e-04,2.3628e-02,
 9.6627e-03,3.0769e-03,5.2729e-03,3.2766e-03]","[[0.,0.,0.,...,0.,0.,0.],
 [0.,0.,0.,...,0.,0.,0.],
 [0.,0.,0.,...,0.,0.,0.],
 ...,
 [0.,0.,0.,...,0.,0.,0.],
 [0.,0.,0.,...,0.,0.,0.],
 [0.,0.,0.,...,0.,0.,0.]]","[-0.0533, 0.0004, 0.0016, 0.0059, 0.0004, 0.0236, 0.0097, 0.0031, 0.0053,
  0.0033]","[[ 0.0035,-0.0064, 0.0004, 0.005 ,-0.0044,-0.0025,-0.0002, 0.0004, 0.0025,
   0.0018]]"
67,"[0.  ,0.  ,0.  ,0.  ,0.  ,0.  ,0.  ,0.  ,0.  ,0.  ,0.  ,0.  ,0.  ,0.  ,
 0.  ,0.  ,0.  ,0.  ,0.  ,0.  ,0.  ,0.  ,0.  ,0.  ,0.  ,0.  ,0.  ,0.  ,
 0.  ,0.  ,0.  ,0.  ,0.  ,0.  ,0.  ,0.  ,0.  ,0.  ,0.  ,0.  ,0.  ,0.  ,
 0.  ,0.  ,0.  ,0.  ,0.  ,0.  ,0.  ,0.  ,0.  ,0.  ,0.  ,0.  ,0.  ,0.  ,
 0.  ,0.  ,0.  ,0.  ,0.  ,0.  ,0.  ,0.  ,0.  ,0.  ,0.  ,0.  ,0.  ,0.  ,
 0.  ,0.  ,0.  ,0.  ,0.  ,0.  ,0.  ,0.  ,0.  ,0.  ,0.  ,0.  ,0.  ,0.  ,
 0.  ,0.  ,0.  ,0.  ,0.  ,0.  ,0.  ,0.  ,0.  ,0.  ,0.  ,0.  ,0.  ,0.  ,
 0.  ,0.  ,0.  ,0.  ,0.  ,0.  ,0.  ,0.  ,0.  ,0.  ,0.  ,0.  ,0.  ,0.  ,
 0.  ,0.  ,0.  ,0.  ,0.  ,0.  ,0.  ,0.  ,0.  ,0.  ,0.  ,0.  ,0.  ,0.  ,
 0.  ,0.2 ,0.62,0.99,0.62,0.2 ,0.  ,0.  ,0.  ,0.  ,0.  ,0.  ,0.  ,0.  ,
 0.  ,0.  ,0.  ,0.  ,0.  ,0.  ,0.  ,0.  ,0.  ,0.  ,0.  ,0.  ,0.  ,0.  ,
 0.19,0.93,0.99,0.99,0.99,0.93,0.  ,0.  ,0.  ,0.  ,0.  ,0.  ,0.  ,0.  ,
 0.  ,0.  ,0.  ,0.  ,0.  ,0.  ,0.  ,0.  ,0.  ,0.  ,0.  ,0.  ,0.  ,0.21,
 0.89,0.99,0.99,0.94,0.91,0.99,0.22,0.02,0.  ,0.  ,0.  ,0.  ,0.  ,0.  ,
 0.  ,0.  ,0.  ,0.  ,0.  ,0.  ,0.  ,0.  ,0.  ,0.  ,0.  ,0.04,0.24,0.88,
 0.99,0.99,0.99,0.79,0.33,0.99,0.99,0.48,0.  ,0.  ,0.  ,0.  ,0.  ,0.  ,
 0.  ,0.  ,0.  ,0.  ,0.  ,0.  ,0.  ,0.  ,0.  ,0.  ,0.  ,0.64,0.99,0.99,
 0.99,0.99,0.99,0.99,0.38,0.74,0.99,0.65,0.  ,0.  ,0.  ,0.  ,0.  ,0.  ,
 0.  ,0.  ,0.  ,0.  ,0.  ,0.  ,0.  ,0.  ,0.  ,0.  ,0.2 ,0.93,0.99,0.99,
 0.75,0.45,0.99,0.89,0.18,0.31,1.  ,0.66,0.  ,0.  ,0.  ,0.  ,0.  ,0.  ,
 0.  ,0.  ,0.  ,0.  ,0.  ,0.  ,0.  ,0.  ,0.  ,0.19,0.93,0.99,0.99,0.7 ,
 0.05,0.29,0.47,0.08,0.  ,0.  ,0.99,0.95,0.2 ,0.  ,0.  ,0.  ,0.  ,0.  ,
 0.  ,0.  ,0.  ,0.  ,0.  ,0.  ,0.  ,0.  ,0.15,0.65,0.99,0.91,0.82,0.33,
 0.  ,0.  ,0.  ,0.  ,0.  ,0.  ,0.99,0.99,0.65,0.  ,0.  ,0.  ,0.  ,0.  ,
 0.  ,0.  ,0.  ,0.  ,0.  ,0.  ,0.  ,0.03,0.7 ,0.99,0.94,0.28,0.07,0.11,
 0.  ,0.  ,0.  ,0.  ,0.  ,0.  ,0.99,0.99,0.76,0.  ,0.  ,0.  ,0.  ,0.  ,
 0.  ,0.  ,0.  ,0.  ,0.  ,0.  ,0.  ,0.22,0.99,0.99,0.25,0.  ,0.  ,0.  ,
 0.  ,0.  ,0.  ,0.  ,0.  ,0.  ,0.99,0.99,0.76,0.  ,0.  ,0.  ,0.  ,0.  ,
 0.  ,0.  ,0.  ,0.  ,0.  ,0.  ,0.  ,0.78,0.99,0.75,0.  ,0.  ,0.  ,0.  ,
 0.  ,0.  ,0.  ,0.  ,0.  ,0.  ,1.  ,0.99,0.77,0.  ,0.  ,0.  ,0.  ,0.  ,
 0.  ,0.  ,0.  ,0.  ,0.  ,0.  ,0.3 ,0.96,0.99,0.44,0.  ,0.  ,0.  ,0.  ,
 0.  ,0.  ,0.  ,0.  ,0.  ,0.  ,0.99,0.99,0.58,0.  ,0.  ,0.  ,0.  ,0.  ,
 0.  ,0.  ,0.  ,0.  ,0.  ,0.  ,0.33,0.99,0.9 ,0.1 ,0.  ,0.  ,0.  ,0.  ,
 0.  ,0.  ,0.  ,0.  ,0.03,0.53,0.99,0.73,0.05,0.  ,0.  ,0.  ,0.  ,0.  ,
 0.  ,0.  ,0.  ,0.  ,0.  ,0.  ,0.33,0.99,0.87,0.  ,0.  ,0.  ,0.  ,0.  ,
 0.  ,0.  ,0.  ,0.03,0.51,0.99,0.88,0.28,0.  ,0.  ,0.  ,0.  ,0.  ,0.  ,
 0.  ,0.  ,0.  ,0.  ,0.  ,0.  ,0.33,0.99,0.57,0.  ,0.  ,0.  ,0.  ,0.  ,
 0.  ,0.  ,0.19,0.65,0.99,0.68,0.  ,0.  ,0.  ,0.  ,0.  ,0.  ,0.  ,0.  ,
 0.  ,0.  ,0.  ,0.  ,0.  ,0.  ,0.34,0.99,0.88,0.  ,0.  ,0.  ,0.  ,0.  ,
 0.  ,0.45,0.93,0.99,0.64,0.  ,0.  ,0.  ,0.  ,0.  ,0.  ,0.  ,0.  ,0.  ,
 0.  ,0.  ,0.  ,0.  ,0.  ,0.  ,0.33,0.99,0.98,0.57,0.19,0.11,0.33,0.7 ,
 0.88,0.99,0.87,0.65,0.22,0.  ,0.  ,0.  ,0.  ,0.  ,0.  ,0.  ,0.  ,0.  ,
 0.  ,0.  ,0.  ,0.  ,0.  ,0.  ,0.33,0.99,0.99,0.99,0.9 ,0.84,0.99,0.99,
 0.99,0.77,0.51,0.  ,0.  ,0.  ,0.  ,0.  ,0.  ,0.  ,0.  ,0.  ,0.  ,0.  ,
 0.  ,0.  ,0.  ,0.  ,0.  ,0.  ,0.11,0.78,0.99,0.99,0.99,0.99,0.99,0.91,
 0.57,0.  ,0.  ,0.  ,0.  ,0.  ,0.  ,0.  ,0.  ,0.  ,0.  ,0.  ,0.  ,0.  ,
 0.  ,0.  ,0.  ,0.  ,0.  ,0.  ,0.  ,0.1 ,0.5 ,0.99,0.99,0.99,0.55,0.15,
 0.  ,0.  ,0.  ,0.  ,0.  ,0.  ,0.  ,0.  ,0.  ,0.  ,0.  ,0.  ,0.  ,0.  ,
 0.  ,0.  ,0.  ,0.  ,0.  ,0.  ,0.  ,0.  ,0.  ,0.  ,0.  ,0.  ,0.  ,0.  ,
 0.  ,0.  ,0.  ,0.  ,0.  ,0.  ,0.  ,0.  ,0.  ,0.  ,0.  ,0.  ,0.  ,0.  ,
 0.  ,0.  ,0.  ,0.  ,0.  ,0.  ,0.  ,0.  ,0.  ,0.  ,0.  ,0.  ,0.  ,0.  ,
 0.  ,0.  ,0.  ,0.  ,0.  ,0.  ,0.  ,0.  ,0.  ,0.  ,0.  ,0.  ,0.  ,0.  ,
 0.  ,0.  ,0.  ,0.  ,0.  ,0.  ,0.  ,0.  ,0.  ,0.  ,0.  ,0.  ,0.  ,0.  ,
 0.  ,0.  ,0.  ,0.  ,0.  ,0.  ,0.  ,0.  ,0.  ,0.  ,0.  ,0.  ,0.  ,0.  ,
 0.  ,0.  ,0.  ,0.  ,0.  ,0.  ,0.  ,0.  ,0.  ,0.  ,0.  ,0.  ,0.  ,0.  ,
 0.  ,0.  ,0.  ,0.  ,0.  ,0.  ,0.  ,0.  ,0.  ,0.  ,0.  ,0.  ,0.  ,0.  ]",0,"[[-1.3498e-02,-4.8979e-03, 3.8246e-04,...,-1.1013e-02, 1.8778e-05,
   6.3096e-03],
 [-3.5537e-03,-2.9871e-03,-1.3974e-02,...,-5.6679e-03,-8.3602e-04,
   3.3509e-03],
 [-9.8223e-03,-9.9293e-03, 7.9568e-03,...,-2.7545e-03,-1.1057e-03,
   2.5672e-03],
 ...,
 [-7.8604e-03, 8.0771e-03, 1.3596e-02,...,-1.0829e-03,-1.1537e-03,
   3.9063e-03],
 [-5.7794e-03, 6.6186e-03, 1.2320e-03,..., 2.1307e-03,-6.7002e-03,
   5.2298e-03],
 [-2.5870e-03, 1.2748e-02,-2.7763e-03,...,-8.5902e-03, 7.8897e-03,
  -3.5166e-03]]","[[-0.0616, 0.0945,-0.0193,-0.0663, 0.0522, 0.0255, 0.0058,-0.0025,-0.0223,
  -0.0059]]","[ 5.2099e+00,-2.5953e+00,-1.1887e+00, 1.0471e-01,-2.4860e+00, 1.5028e+00,
  6.0669e-01,-5.4640e-01,-4.9247e-03,-4.8395e-01]","[9.4776e-01,3.8629e-04,1.5769e-03,5.7481e-03,4.3090e-04,2.3266e-02,
 9.4957e-03,2.9974e-03,5.1512e-03,3.1906e-03]","[[0.,0.,0.,...,0.,0.,0.],
 [0.,0.,0.,...,0.,0.,0.],
 [0.,0.,0.,...,0.,0.,0.],
 ...,
 [0.,0.,0.,...,0.,0.,0.],
 [0.,0.,0.,...,0.,0.,0.],
 [0.,0.,0.,...,0.,0.,0.]]","[-0.0522, 0.0004, 0.0016, 0.0057, 0.0004, 0.0233, 0.0095, 0.003 , 0.0052,
  0.0032]","[[ 0.0034,-0.0063, 0.0004, 0.0049,-0.0043,-0.0025,-0.0002, 0.0004, 0.0025,
   0.0018]]"
68,"[0.  ,0.  ,0.  ,0.  ,0.  ,0.  ,0.  ,0.  ,0.  ,0.  ,0.  ,0.  ,0.  ,0.  ,
 0.  ,0.  ,0.  ,0.  ,0.  ,0.  ,0.  ,0.  ,0.  ,0.  ,0.  ,0.  ,0.  ,0.  ,
 0.  ,0.  ,0.  ,0.  ,0.  ,0.  ,0.  ,0.  ,0.  ,0.  ,0.  ,0.  ,0.  ,0.  ,
 0.  ,0.  ,0.  ,0.  ,0.  ,0.  ,0.  ,0.  ,0.  ,0.  ,0.  ,0.  ,0.  ,0.  ,
 0.  ,0.  ,0.  ,0.  ,0.  ,0.  ,0.  ,0.  ,0.  ,0.  ,0.  ,0.  ,0.  ,0.  ,
 0.  ,0.  ,0.  ,0.  ,0.  ,0.  ,0.  ,0.  ,0.  ,0.  ,0.  ,0.  ,0.  ,0.  ,
 0.  ,0.  ,0.  ,0.  ,0.  ,0.  ,0.  ,0.  ,0.  ,0.  ,0.  ,0.  ,0.  ,0.  ,
 0.  ,0.  ,0.  ,0.  ,0.  ,0.  ,0.  ,0.  ,0.  ,0.  ,0.  ,0.  ,0.  ,0.  ,
 0.  ,0.  ,0.  ,0.  ,0.  ,0.  ,0.  ,0.  ,0.  ,0.  ,0.  ,0.  ,0.  ,0.  ,
 0.  ,0.2 ,0.62,0.99,0.62,0.2 ,0.  ,0.  ,0.  ,0.  ,0.  ,0.  ,0.  ,0.  ,
 0.  ,0.  ,0.  ,0.  ,0.  ,0.  ,0.  ,0.  ,0.  ,0.  ,0.  ,0.  ,0.  ,0.  ,
 0.19,0.93,0.99,0.99,0.99,0.93,0.  ,0.  ,0.  ,0.  ,0.  ,0.  ,0.  ,0.  ,
 0.  ,0.  ,0.  ,0.  ,0.  ,0.  ,0.  ,0.  ,0.  ,0.  ,0.  ,0.  ,0.  ,0.21,
 0.89,0.99,0.99,0.94,0.91,0.99,0.22,0.02,0.  ,0.  ,0.  ,0.  ,0.  ,0.  ,
 0.  ,0.  ,0.  ,0.  ,0.  ,0.  ,0.  ,0.  ,0.  ,0.  ,0.  ,0.04,0.24,0.88,
 0.99,0.99,0.99,0.79,0.33,0.99,0.99,0.48,0.  ,0.  ,0.  ,0.  ,0.  ,0.  ,
 0.  ,0.  ,0.  ,0.  ,0.  ,0.  ,0.  ,0.  ,0.  ,0.  ,0.  ,0.64,0.99,0.99,
 0.99,0.99,0.99,0.99,0.38,0.74,0.99,0.65,0.  ,0.  ,0.  ,0.  ,0.  ,0.  ,
 0.  ,0.  ,0.  ,0.  ,0.  ,0.  ,0.  ,0.  ,0.  ,0.  ,0.2 ,0.93,0.99,0.99,
 0.75,0.45,0.99,0.89,0.18,0.31,1.  ,0.66,0.  ,0.  ,0.  ,0.  ,0.  ,0.  ,
 0.  ,0.  ,0.  ,0.  ,0.  ,0.  ,0.  ,0.  ,0.  ,0.19,0.93,0.99,0.99,0.7 ,
 0.05,0.29,0.47,0.08,0.  ,0.  ,0.99,0.95,0.2 ,0.  ,0.  ,0.  ,0.  ,0.  ,
 0.  ,0.  ,0.  ,0.  ,0.  ,0.  ,0.  ,0.  ,0.15,0.65,0.99,0.91,0.82,0.33,
 0.  ,0.  ,0.  ,0.  ,0.  ,0.  ,0.99,0.99,0.65,0.  ,0.  ,0.  ,0.  ,0.  ,
 0.  ,0.  ,0.  ,0.  ,0.  ,0.  ,0.  ,0.03,0.7 ,0.99,0.94,0.28,0.07,0.11,
 0.  ,0.  ,0.  ,0.  ,0.  ,0.  ,0.99,0.99,0.76,0.  ,0.  ,0.  ,0.  ,0.  ,
 0.  ,0.  ,0.  ,0.  ,0.  ,0.  ,0.  ,0.22,0.99,0.99,0.25,0.  ,0.  ,0.  ,
 0.  ,0.  ,0.  ,0.  ,0.  ,0.  ,0.99,0.99,0.76,0.  ,0.  ,0.  ,0.  ,0.  ,
 0.  ,0.  ,0.  ,0.  ,0.  ,0.  ,0.  ,0.78,0.99,0.75,0.  ,0.  ,0.  ,0.  ,
 0.  ,0.  ,0.  ,0.  ,0.  ,0.  ,1.  ,0.99,0.77,0.  ,0.  ,0.  ,0.  ,0.  ,
 0.  ,0.  ,0.  ,0.  ,0.  ,0.  ,0.3 ,0.96,0.99,0.44,0.  ,0.  ,0.  ,0.  ,
 0.  ,0.  ,0.  ,0.  ,0.  ,0.  ,0.99,0.99,0.58,0.  ,0.  ,0.  ,0.  ,0.  ,
 0.  ,0.  ,0.  ,0.  ,0.  ,0.  ,0.33,0.99,0.9 ,0.1 ,0.  ,0.  ,0.  ,0.  ,
 0.  ,0.  ,0.  ,0.  ,0.03,0.53,0.99,0.73,0.05,0.  ,0.  ,0.  ,0.  ,0.  ,
 0.  ,0.  ,0.  ,0.  ,0.  ,0.  ,0.33,0.99,0.87,0.  ,0.  ,0.  ,0.  ,0.  ,
 0.  ,0.  ,0.  ,0.03,0.51,0.99,0.88,0.28,0.  ,0.  ,0.  ,0.  ,0.  ,0.  ,
 0.  ,0.  ,0.  ,0.  ,0.  ,0.  ,0.33,0.99,0.57,0.  ,0.  ,0.  ,0.  ,0.  ,
 0.  ,0.  ,0.19,0.65,0.99,0.68,0.  ,0.  ,0.  ,0.  ,0.  ,0.  ,0.  ,0.  ,
 0.  ,0.  ,0.  ,0.  ,0.  ,0.  ,0.34,0.99,0.88,0.  ,0.  ,0.  ,0.  ,0.  ,
 0.  ,0.45,0.93,0.99,0.64,0.  ,0.  ,0.  ,0.  ,0.  ,0.  ,0.  ,0.  ,0.  ,
 0.  ,0.  ,0.  ,0.  ,0.  ,0.  ,0.33,0.99,0.98,0.57,0.19,0.11,0.33,0.7 ,
 0.88,0.99,0.87,0.65,0.22,0.  ,0.  ,0.  ,0.  ,0.  ,0.  ,0.  ,0.  ,0.  ,
 0.  ,0.  ,0.  ,0.  ,0.  ,0.  ,0.33,0.99,0.99,0.99,0.9 ,0.84,0.99,0.99,
 0.99,0.77,0.51,0.  ,0.  ,0.  ,0.  ,0.  ,0.  ,0.  ,0.  ,0.  ,0.  ,0.  ,
 0.  ,0.  ,0.  ,0.  ,0.  ,0.  ,0.11,0.78,0.99,0.99,0.99,0.99,0.99,0.91,
 0.57,0.  ,0.  ,0.  ,0.  ,0.  ,0.  ,0.  ,0.  ,0.  ,0.  ,0.  ,0.  ,0.  ,
 0.  ,0.  ,0.  ,0.  ,0.  ,0.  ,0.  ,0.1 ,0.5 ,0.99,0.99,0.99,0.55,0.15,
 0.  ,0.  ,0.  ,0.  ,0.  ,0.  ,0.  ,0.  ,0.  ,0.  ,0.  ,0.  ,0.  ,0.  ,
 0.  ,0.  ,0.  ,0.  ,0.  ,0.  ,0.  ,0.  ,0.  ,0.  ,0.  ,0.  ,0.  ,0.  ,
 0.  ,0.  ,0.  ,0.  ,0.  ,0.  ,0.  ,0.  ,0.  ,0.  ,0.  ,0.  ,0.  ,0.  ,
 0.  ,0.  ,0.  ,0.  ,0.  ,0.  ,0.  ,0.  ,0.  ,0.  ,0.  ,0.  ,0.  ,0.  ,
 0.  ,0.  ,0.  ,0.  ,0.  ,0.  ,0.  ,0.  ,0.  ,0.  ,0.  ,0.  ,0.  ,0.  ,
 0.  ,0.  ,0.  ,0.  ,0.  ,0.  ,0.  ,0.  ,0.  ,0.  ,0.  ,0.  ,0.  ,0.  ,
 0.  ,0.  ,0.  ,0.  ,0.  ,0.  ,0.  ,0.  ,0.  ,0.  ,0.  ,0.  ,0.  ,0.  ,
 0.  ,0.  ,0.  ,0.  ,0.  ,0.  ,0.  ,0.  ,0.  ,0.  ,0.  ,0.  ,0.  ,0.  ,
 0.  ,0.  ,0.  ,0.  ,0.  ,0.  ,0.  ,0.  ,0.  ,0.  ,0.  ,0.  ,0.  ,0.  ]",0,"[[-1.3498e-02,-4.8979e-03, 3.8246e-04,...,-1.1013e-02, 1.8778e-05,
   6.3096e-03],
 [-3.5537e-03,-2.9871e-03,-1.3974e-02,...,-5.6679e-03,-8.3602e-04,
   3.3509e-03],
 [-9.8223e-03,-9.9293e-03, 7.9568e-03,...,-2.7545e-03,-1.1057e-03,
   2.5672e-03],
 ...,
 [-7.8604e-03, 8.0771e-03, 1.3596e-02,...,-1.0829e-03,-1.1537e-03,
   3.9063e-03],
 [-5.7794e-03, 6.6186e-03, 1.2320e-03,..., 2.1307e-03,-6.7002e-03,
   5.2298e-03],
 [-2.5870e-03, 1.2748e-02,-2.7763e-03,...,-8.5902e-03, 7.8897e-03,
  -3.5166e-03]]","[[-0.062 , 0.0951,-0.0193,-0.0668, 0.0526, 0.0257, 0.0058,-0.0026,-0.0225,
  -0.006 ]]","[ 5.2345e+00,-2.6110e+00,-1.1967e+00, 1.0804e-01,-2.5005e+00, 1.5111e+00,
  6.1308e-01,-5.4864e-01,-4.4310e-03,-4.8664e-01]","[9.4874e-01,3.7142e-04,1.5280e-03,5.6331e-03,4.1481e-04,2.2914e-02,
 9.3343e-03,2.9211e-03,5.0338e-03,3.1080e-03]","[[0.,0.,0.,...,0.,0.,0.],
 [0.,0.,0.,...,0.,0.,0.],
 [0.,0.,0.,...,0.,0.,0.],
 ...,
 [0.,0.,0.,...,0.,0.,0.],
 [0.,0.,0.,...,0.,0.,0.],
 [0.,0.,0.,...,0.,0.,0.]]","[-0.0513, 0.0004, 0.0015, 0.0056, 0.0004, 0.0229, 0.0093, 0.0029, 0.005 ,
  0.0031]","[[ 0.0034,-0.0062, 0.0003, 0.0049,-0.0043,-0.0025,-0.0002, 0.0004, 0.0024,
   0.0018]]"
69,"[0.  ,0.  ,0.  ,0.  ,0.  ,0.  ,0.  ,0.  ,0.  ,0.  ,0.  ,0.  ,0.  ,0.  ,
 0.  ,0.  ,0.  ,0.  ,0.  ,0.  ,0.  ,0.  ,0.  ,0.  ,0.  ,0.  ,0.  ,0.  ,
 0.  ,0.  ,0.  ,0.  ,0.  ,0.  ,0.  ,0.  ,0.  ,0.  ,0.  ,0.  ,0.  ,0.  ,
 0.  ,0.  ,0.  ,0.  ,0.  ,0.  ,0.  ,0.  ,0.  ,0.  ,0.  ,0.  ,0.  ,0.  ,
 0.  ,0.  ,0.  ,0.  ,0.  ,0.  ,0.  ,0.  ,0.  ,0.  ,0.  ,0.  ,0.  ,0.  ,
 0.  ,0.  ,0.  ,0.  ,0.  ,0.  ,0.  ,0.  ,0.  ,0.  ,0.  ,0.  ,0.  ,0.  ,
 0.  ,0.  ,0.  ,0.  ,0.  ,0.  ,0.  ,0.  ,0.  ,0.  ,0.  ,0.  ,0.  ,0.  ,
 0.  ,0.  ,0.  ,0.  ,0.  ,0.  ,0.  ,0.  ,0.  ,0.  ,0.  ,0.  ,0.  ,0.  ,
 0.  ,0.  ,0.  ,0.  ,0.  ,0.  ,0.  ,0.  ,0.  ,0.  ,0.  ,0.  ,0.  ,0.  ,
 0.  ,0.2 ,0.62,0.99,0.62,0.2 ,0.  ,0.  ,0.  ,0.  ,0.  ,0.  ,0.  ,0.  ,
 0.  ,0.  ,0.  ,0.  ,0.  ,0.  ,0.  ,0.  ,0.  ,0.  ,0.  ,0.  ,0.  ,0.  ,
 0.19,0.93,0.99,0.99,0.99,0.93,0.  ,0.  ,0.  ,0.  ,0.  ,0.  ,0.  ,0.  ,
 0.  ,0.  ,0.  ,0.  ,0.  ,0.  ,0.  ,0.  ,0.  ,0.  ,0.  ,0.  ,0.  ,0.21,
 0.89,0.99,0.99,0.94,0.91,0.99,0.22,0.02,0.  ,0.  ,0.  ,0.  ,0.  ,0.  ,
 0.  ,0.  ,0.  ,0.  ,0.  ,0.  ,0.  ,0.  ,0.  ,0.  ,0.  ,0.04,0.24,0.88,
 0.99,0.99,0.99,0.79,0.33,0.99,0.99,0.48,0.  ,0.  ,0.  ,0.  ,0.  ,0.  ,
 0.  ,0.  ,0.  ,0.  ,0.  ,0.  ,0.  ,0.  ,0.  ,0.  ,0.  ,0.64,0.99,0.99,
 0.99,0.99,0.99,0.99,0.38,0.74,0.99,0.65,0.  ,0.  ,0.  ,0.  ,0.  ,0.  ,
 0.  ,0.  ,0.  ,0.  ,0.  ,0.  ,0.  ,0.  ,0.  ,0.  ,0.2 ,0.93,0.99,0.99,
 0.75,0.45,0.99,0.89,0.18,0.31,1.  ,0.66,0.  ,0.  ,0.  ,0.  ,0.  ,0.  ,
 0.  ,0.  ,0.  ,0.  ,0.  ,0.  ,0.  ,0.  ,0.  ,0.19,0.93,0.99,0.99,0.7 ,
 0.05,0.29,0.47,0.08,0.  ,0.  ,0.99,0.95,0.2 ,0.  ,0.  ,0.  ,0.  ,0.  ,
 0.  ,0.  ,0.  ,0.  ,0.  ,0.  ,0.  ,0.  ,0.15,0.65,0.99,0.91,0.82,0.33,
 0.  ,0.  ,0.  ,0.  ,0.  ,0.  ,0.99,0.99,0.65,0.  ,0.  ,0.  ,0.  ,0.  ,
 0.  ,0.  ,0.  ,0.  ,0.  ,0.  ,0.  ,0.03,0.7 ,0.99,0.94,0.28,0.07,0.11,
 0.  ,0.  ,0.  ,0.  ,0.  ,0.  ,0.99,0.99,0.76,0.  ,0.  ,0.  ,0.  ,0.  ,
 0.  ,0.  ,0.  ,0.  ,0.  ,0.  ,0.  ,0.22,0.99,0.99,0.25,0.  ,0.  ,0.  ,
 0.  ,0.  ,0.  ,0.  ,0.  ,0.  ,0.99,0.99,0.76,0.  ,0.  ,0.  ,0.  ,0.  ,
 0.  ,0.  ,0.  ,0.  ,0.  ,0.  ,0.  ,0.78,0.99,0.75,0.  ,0.  ,0.  ,0.  ,
 0.  ,0.  ,0.  ,0.  ,0.  ,0.  ,1.  ,0.99,0.77,0.  ,0.  ,0.  ,0.  ,0.  ,
 0.  ,0.  ,0.  ,0.  ,0.  ,0.  ,0.3 ,0.96,0.99,0.44,0.  ,0.  ,0.  ,0.  ,
 0.  ,0.  ,0.  ,0.  ,0.  ,0.  ,0.99,0.99,0.58,0.  ,0.  ,0.  ,0.  ,0.  ,
 0.  ,0.  ,0.  ,0.  ,0.  ,0.  ,0.33,0.99,0.9 ,0.1 ,0.  ,0.  ,0.  ,0.  ,
 0.  ,0.  ,0.  ,0.  ,0.03,0.53,0.99,0.73,0.05,0.  ,0.  ,0.  ,0.  ,0.  ,
 0.  ,0.  ,0.  ,0.  ,0.  ,0.  ,0.33,0.99,0.87,0.  ,0.  ,0.  ,0.  ,0.  ,
 0.  ,0.  ,0.  ,0.03,0.51,0.99,0.88,0.28,0.  ,0.  ,0.  ,0.  ,0.  ,0.  ,
 0.  ,0.  ,0.  ,0.  ,0.  ,0.  ,0.33,0.99,0.57,0.  ,0.  ,0.  ,0.  ,0.  ,
 0.  ,0.  ,0.19,0.65,0.99,0.68,0.  ,0.  ,0.  ,0.  ,0.  ,0.  ,0.  ,0.  ,
 0.  ,0.  ,0.  ,0.  ,0.  ,0.  ,0.34,0.99,0.88,0.  ,0.  ,0.  ,0.  ,0.  ,
 0.  ,0.45,0.93,0.99,0.64,0.  ,0.  ,0.  ,0.  ,0.  ,0.  ,0.  ,0.  ,0.  ,
 0.  ,0.  ,0.  ,0.  ,0.  ,0.  ,0.33,0.99,0.98,0.57,0.19,0.11,0.33,0.7 ,
 0.88,0.99,0.87,0.65,0.22,0.  ,0.  ,0.  ,0.  ,0.  ,0.  ,0.  ,0.  ,0.  ,
 0.  ,0.  ,0.  ,0.  ,0.  ,0.  ,0.33,0.99,0.99,0.99,0.9 ,0.84,0.99,0.99,
 0.99,0.77,0.51,0.  ,0.  ,0.  ,0.  ,0.  ,0.  ,0.  ,0.  ,0.  ,0.  ,0.  ,
 0.  ,0.  ,0.  ,0.  ,0.  ,0.  ,0.11,0.78,0.99,0.99,0.99,0.99,0.99,0.91,
 0.57,0.  ,0.  ,0.  ,0.  ,0.  ,0.  ,0.  ,0.  ,0.  ,0.  ,0.  ,0.  ,0.  ,
 0.  ,0.  ,0.  ,0.  ,0.  ,0.  ,0.  ,0.1 ,0.5 ,0.99,0.99,0.99,0.55,0.15,
 0.  ,0.  ,0.  ,0.  ,0.  ,0.  ,0.  ,0.  ,0.  ,0.  ,0.  ,0.  ,0.  ,0.  ,
 0.  ,0.  ,0.  ,0.  ,0.  ,0.  ,0.  ,0.  ,0.  ,0.  ,0.  ,0.  ,0.  ,0.  ,
 0.  ,0.  ,0.  ,0.  ,0.  ,0.  ,0.  ,0.  ,0.  ,0.  ,0.  ,0.  ,0.  ,0.  ,
 0.  ,0.  ,0.  ,0.  ,0.  ,0.  ,0.  ,0.  ,0.  ,0.  ,0.  ,0.  ,0.  ,0.  ,
 0.  ,0.  ,0.  ,0.  ,0.  ,0.  ,0.  ,0.  ,0.  ,0.  ,0.  ,0.  ,0.  ,0.  ,
 0.  ,0.  ,0.  ,0.  ,0.  ,0.  ,0.  ,0.  ,0.  ,0.  ,0.  ,0.  ,0.  ,0.  ,
 0.  ,0.  ,0.  ,0.  ,0.  ,0.  ,0.  ,0.  ,0.  ,0.  ,0.  ,0.  ,0.  ,0.  ,
 0.  ,0.  ,0.  ,0.  ,0.  ,0.  ,0.  ,0.  ,0.  ,0.  ,0.  ,0.  ,0.  ,0.  ,
 0.  ,0.  ,0.  ,0.  ,0.  ,0.  ,0.  ,0.  ,0.  ,0.  ,0.  ,0.  ,0.  ,0.  ]",0,"[[-1.3498e-02,-4.8979e-03, 3.8246e-04,...,-1.1013e-02, 1.8778e-05,
   6.3096e-03],
 [-3.5537e-03,-2.9871e-03,-1.3974e-02,...,-5.6679e-03,-8.3602e-04,
   3.3509e-03],
 [-9.8223e-03,-9.9293e-03, 7.9568e-03,...,-2.7545e-03,-1.1057e-03,
   2.5672e-03],
 ...,
 [-7.8604e-03, 8.0771e-03, 1.3596e-02,...,-1.0829e-03,-1.1537e-03,
   3.9063e-03],
 [-5.7794e-03, 6.6186e-03, 1.2320e-03,..., 2.1307e-03,-6.7002e-03,
   5.2298e-03],
 [-2.5870e-03, 1.2748e-02,-2.7763e-03,...,-8.5902e-03, 7.8897e-03,
  -3.5166e-03]]","[[-0.0623, 0.0957,-0.0194,-0.0672, 0.053 , 0.0259, 0.0059,-0.0026,-0.0228,
  -0.0062]]","[ 5.2587e+00,-2.6265e+00,-1.2045e+00, 1.1134e-01,-2.5149e+00, 1.5193e+00,
  6.1941e-01,-5.5083e-01,-3.9732e-03,-4.8930e-01]","[9.4969e-01,3.5734e-04,1.4813e-03,5.5221e-03,3.9953e-04,2.2572e-02,
 9.1781e-03,2.8479e-03,4.9206e-03,3.0286e-03]","[[0.,0.,0.,...,0.,0.,0.],
 [0.,0.,0.,...,0.,0.,0.],
 [0.,0.,0.,...,0.,0.,0.],
 ...,
 [0.,0.,0.,...,0.,0.,0.],
 [0.,0.,0.,...,0.,0.,0.],
 [0.,0.,0.,...,0.,0.,0.]]","[-0.0503, 0.0004, 0.0015, 0.0055, 0.0004, 0.0226, 0.0092, 0.0028, 0.0049,
  0.003 ]","[[ 0.0033,-0.0062, 0.0003, 0.0048,-0.0042,-0.0024,-0.0002, 0.0004, 0.0024,
   0.0018]]"
70,"[0.  ,0.  ,0.  ,0.  ,0.  ,0.  ,0.  ,0.  ,0.  ,0.  ,0.  ,0.  ,0.  ,0.  ,
 0.  ,0.  ,0.  ,0.  ,0.  ,0.  ,0.  ,0.  ,0.  ,0.  ,0.  ,0.  ,0.  ,0.  ,
 0.  ,0.  ,0.  ,0.  ,0.  ,0.  ,0.  ,0.  ,0.  ,0.  ,0.  ,0.  ,0.  ,0.  ,
 0.  ,0.  ,0.  ,0.  ,0.  ,0.  ,0.  ,0.  ,0.  ,0.  ,0.  ,0.  ,0.  ,0.  ,
 0.  ,0.  ,0.  ,0.  ,0.  ,0.  ,0.  ,0.  ,0.  ,0.  ,0.  ,0.  ,0.  ,0.  ,
 0.  ,0.  ,0.  ,0.  ,0.  ,0.  ,0.  ,0.  ,0.  ,0.  ,0.  ,0.  ,0.  ,0.  ,
 0.  ,0.  ,0.  ,0.  ,0.  ,0.  ,0.  ,0.  ,0.  ,0.  ,0.  ,0.  ,0.  ,0.  ,
 0.  ,0.  ,0.  ,0.  ,0.  ,0.  ,0.  ,0.  ,0.  ,0.  ,0.  ,0.  ,0.  ,0.  ,
 0.  ,0.  ,0.  ,0.  ,0.  ,0.  ,0.  ,0.  ,0.  ,0.  ,0.  ,0.  ,0.  ,0.  ,
 0.  ,0.2 ,0.62,0.99,0.62,0.2 ,0.  ,0.  ,0.  ,0.  ,0.  ,0.  ,0.  ,0.  ,
 0.  ,0.  ,0.  ,0.  ,0.  ,0.  ,0.  ,0.  ,0.  ,0.  ,0.  ,0.  ,0.  ,0.  ,
 0.19,0.93,0.99,0.99,0.99,0.93,0.  ,0.  ,0.  ,0.  ,0.  ,0.  ,0.  ,0.  ,
 0.  ,0.  ,0.  ,0.  ,0.  ,0.  ,0.  ,0.  ,0.  ,0.  ,0.  ,0.  ,0.  ,0.21,
 0.89,0.99,0.99,0.94,0.91,0.99,0.22,0.02,0.  ,0.  ,0.  ,0.  ,0.  ,0.  ,
 0.  ,0.  ,0.  ,0.  ,0.  ,0.  ,0.  ,0.  ,0.  ,0.  ,0.  ,0.04,0.24,0.88,
 0.99,0.99,0.99,0.79,0.33,0.99,0.99,0.48,0.  ,0.  ,0.  ,0.  ,0.  ,0.  ,
 0.  ,0.  ,0.  ,0.  ,0.  ,0.  ,0.  ,0.  ,0.  ,0.  ,0.  ,0.64,0.99,0.99,
 0.99,0.99,0.99,0.99,0.38,0.74,0.99,0.65,0.  ,0.  ,0.  ,0.  ,0.  ,0.  ,
 0.  ,0.  ,0.  ,0.  ,0.  ,0.  ,0.  ,0.  ,0.  ,0.  ,0.2 ,0.93,0.99,0.99,
 0.75,0.45,0.99,0.89,0.18,0.31,1.  ,0.66,0.  ,0.  ,0.  ,0.  ,0.  ,0.  ,
 0.  ,0.  ,0.  ,0.  ,0.  ,0.  ,0.  ,0.  ,0.  ,0.19,0.93,0.99,0.99,0.7 ,
 0.05,0.29,0.47,0.08,0.  ,0.  ,0.99,0.95,0.2 ,0.  ,0.  ,0.  ,0.  ,0.  ,
 0.  ,0.  ,0.  ,0.  ,0.  ,0.  ,0.  ,0.  ,0.15,0.65,0.99,0.91,0.82,0.33,
 0.  ,0.  ,0.  ,0.  ,0.  ,0.  ,0.99,0.99,0.65,0.  ,0.  ,0.  ,0.  ,0.  ,
 0.  ,0.  ,0.  ,0.  ,0.  ,0.  ,0.  ,0.03,0.7 ,0.99,0.94,0.28,0.07,0.11,
 0.  ,0.  ,0.  ,0.  ,0.  ,0.  ,0.99,0.99,0.76,0.  ,0.  ,0.  ,0.  ,0.  ,
 0.  ,0.  ,0.  ,0.  ,0.  ,0.  ,0.  ,0.22,0.99,0.99,0.25,0.  ,0.  ,0.  ,
 0.  ,0.  ,0.  ,0.  ,0.  ,0.  ,0.99,0.99,0.76,0.  ,0.  ,0.  ,0.  ,0.  ,
 0.  ,0.  ,0.  ,0.  ,0.  ,0.  ,0.  ,0.78,0.99,0.75,0.  ,0.  ,0.  ,0.  ,
 0.  ,0.  ,0.  ,0.  ,0.  ,0.  ,1.  ,0.99,0.77,0.  ,0.  ,0.  ,0.  ,0.  ,
 0.  ,0.  ,0.  ,0.  ,0.  ,0.  ,0.3 ,0.96,0.99,0.44,0.  ,0.  ,0.  ,0.  ,
 0.  ,0.  ,0.  ,0.  ,0.  ,0.  ,0.99,0.99,0.58,0.  ,0.  ,0.  ,0.  ,0.  ,
 0.  ,0.  ,0.  ,0.  ,0.  ,0.  ,0.33,0.99,0.9 ,0.1 ,0.  ,0.  ,0.  ,0.  ,
 0.  ,0.  ,0.  ,0.  ,0.03,0.53,0.99,0.73,0.05,0.  ,0.  ,0.  ,0.  ,0.  ,
 0.  ,0.  ,0.  ,0.  ,0.  ,0.  ,0.33,0.99,0.87,0.  ,0.  ,0.  ,0.  ,0.  ,
 0.  ,0.  ,0.  ,0.03,0.51,0.99,0.88,0.28,0.  ,0.  ,0.  ,0.  ,0.  ,0.  ,
 0.  ,0.  ,0.  ,0.  ,0.  ,0.  ,0.33,0.99,0.57,0.  ,0.  ,0.  ,0.  ,0.  ,
 0.  ,0.  ,0.19,0.65,0.99,0.68,0.  ,0.  ,0.  ,0.  ,0.  ,0.  ,0.  ,0.  ,
 0.  ,0.  ,0.  ,0.  ,0.  ,0.  ,0.34,0.99,0.88,0.  ,0.  ,0.  ,0.  ,0.  ,
 0.  ,0.45,0.93,0.99,0.64,0.  ,0.  ,0.  ,0.  ,0.  ,0.  ,0.  ,0.  ,0.  ,
 0.  ,0.  ,0.  ,0.  ,0.  ,0.  ,0.33,0.99,0.98,0.57,0.19,0.11,0.33,0.7 ,
 0.88,0.99,0.87,0.65,0.22,0.  ,0.  ,0.  ,0.  ,0.  ,0.  ,0.  ,0.  ,0.  ,
 0.  ,0.  ,0.  ,0.  ,0.  ,0.  ,0.33,0.99,0.99,0.99,0.9 ,0.84,0.99,0.99,
 0.99,0.77,0.51,0.  ,0.  ,0.  ,0.  ,0.  ,0.  ,0.  ,0.  ,0.  ,0.  ,0.  ,
 0.  ,0.  ,0.  ,0.  ,0.  ,0.  ,0.11,0.78,0.99,0.99,0.99,0.99,0.99,0.91,
 0.57,0.  ,0.  ,0.  ,0.  ,0.  ,0.  ,0.  ,0.  ,0.  ,0.  ,0.  ,0.  ,0.  ,
 0.  ,0.  ,0.  ,0.  ,0.  ,0.  ,0.  ,0.1 ,0.5 ,0.99,0.99,0.99,0.55,0.15,
 0.  ,0.  ,0.  ,0.  ,0.  ,0.  ,0.  ,0.  ,0.  ,0.  ,0.  ,0.  ,0.  ,0.  ,
 0.  ,0.  ,0.  ,0.  ,0.  ,0.  ,0.  ,0.  ,0.  ,0.  ,0.  ,0.  ,0.  ,0.  ,
 0.  ,0.  ,0.  ,0.  ,0.  ,0.  ,0.  ,0.  ,0.  ,0.  ,0.  ,0.  ,0.  ,0.  ,
 0.  ,0.  ,0.  ,0.  ,0.  ,0.  ,0.  ,0.  ,0.  ,0.  ,0.  ,0.  ,0.  ,0.  ,
 0.  ,0.  ,0.  ,0.  ,0.  ,0.  ,0.  ,0.  ,0.  ,0.  ,0.  ,0.  ,0.  ,0.  ,
 0.  ,0.  ,0.  ,0.  ,0.  ,0.  ,0.  ,0.  ,0.  ,0.  ,0.  ,0.  ,0.  ,0.  ,
 0.  ,0.  ,0.  ,0.  ,0.  ,0.  ,0.  ,0.  ,0.  ,0.  ,0.  ,0.  ,0.  ,0.  ,
 0.  ,0.  ,0.  ,0.  ,0.  ,0.  ,0.  ,0.  ,0.  ,0.  ,0.  ,0.  ,0.  ,0.  ,
 0.  ,0.  ,0.  ,0.  ,0.  ,0.  ,0.  ,0.  ,0.  ,0.  ,0.  ,0.  ,0.  ,0.  ]",0,"[[-1.3498e-02,-4.8979e-03, 3.8246e-04,...,-1.1013e-02, 1.8778e-05,
   6.3096e-03],
 [-3.5537e-03,-2.9871e-03,-1.3974e-02,...,-5.6679e-03,-8.3602e-04,
   3.3509e-03],
 [-9.8223e-03,-9.9293e-03, 7.9568e-03,...,-2.7545e-03,-1.1057e-03,
   2.5672e-03],
 ...,
 [-7.8604e-03, 8.0771e-03, 1.3596e-02,...,-1.0829e-03,-1.1537e-03,
   3.9063e-03],
 [-5.7794e-03, 6.6186e-03, 1.2320e-03,..., 2.1307e-03,-6.7002e-03,
   5.2298e-03],
 [-2.5870e-03, 1.2748e-02,-2.7763e-03,...,-8.5902e-03, 7.8897e-03,
  -3.5166e-03]]","[[-0.0626, 0.0963,-0.0194,-0.0677, 0.0534, 0.0262, 0.0059,-0.0027,-0.023 ,
  -0.0064]]","[ 5.2826e+00,-2.6417e+00,-1.2123e+00, 1.1463e-01,-2.5290e+00, 1.5273e+00,
  6.2569e-01,-5.5297e-01,-3.5499e-03,-4.9192e-01]","[9.5061e-01,3.4398e-04,1.4366e-03,5.4149e-03,3.8502e-04,2.2239e-02,
 9.0270e-03,2.7775e-03,4.8113e-03,2.9524e-03]","[[0.,0.,0.,...,0.,0.,0.],
 [0.,0.,0.,...,0.,0.,0.],
 [0.,0.,0.,...,0.,0.,0.],
 ...,
 [0.,0.,0.,...,0.,0.,0.],
 [0.,0.,0.,...,0.,0.,0.],
 [0.,0.,0.,...,0.,0.,0.]]","[-0.0494, 0.0003, 0.0014, 0.0054, 0.0004, 0.0222, 0.009 , 0.0028, 0.0048,
  0.003 ]","[[ 0.0033,-0.0061, 0.0003, 0.0047,-0.0042,-0.0024,-0.0002, 0.0004, 0.0024,
   0.0017]]"
71,"[0.  ,0.  ,0.  ,0.  ,0.  ,0.  ,0.  ,0.  ,0.  ,0.  ,0.  ,0.  ,0.  ,0.  ,
 0.  ,0.  ,0.  ,0.  ,0.  ,0.  ,0.  ,0.  ,0.  ,0.  ,0.  ,0.  ,0.  ,0.  ,
 0.  ,0.  ,0.  ,0.  ,0.  ,0.  ,0.  ,0.  ,0.  ,0.  ,0.  ,0.  ,0.  ,0.  ,
 0.  ,0.  ,0.  ,0.  ,0.  ,0.  ,0.  ,0.  ,0.  ,0.  ,0.  ,0.  ,0.  ,0.  ,
 0.  ,0.  ,0.  ,0.  ,0.  ,0.  ,0.  ,0.  ,0.  ,0.  ,0.  ,0.  ,0.  ,0.  ,
 0.  ,0.  ,0.  ,0.  ,0.  ,0.  ,0.  ,0.  ,0.  ,0.  ,0.  ,0.  ,0.  ,0.  ,
 0.  ,0.  ,0.  ,0.  ,0.  ,0.  ,0.  ,0.  ,0.  ,0.  ,0.  ,0.  ,0.  ,0.  ,
 0.  ,0.  ,0.  ,0.  ,0.  ,0.  ,0.  ,0.  ,0.  ,0.  ,0.  ,0.  ,0.  ,0.  ,
 0.  ,0.  ,0.  ,0.  ,0.  ,0.  ,0.  ,0.  ,0.  ,0.  ,0.  ,0.  ,0.  ,0.  ,
 0.  ,0.2 ,0.62,0.99,0.62,0.2 ,0.  ,0.  ,0.  ,0.  ,0.  ,0.  ,0.  ,0.  ,
 0.  ,0.  ,0.  ,0.  ,0.  ,0.  ,0.  ,0.  ,0.  ,0.  ,0.  ,0.  ,0.  ,0.  ,
 0.19,0.93,0.99,0.99,0.99,0.93,0.  ,0.  ,0.  ,0.  ,0.  ,0.  ,0.  ,0.  ,
 0.  ,0.  ,0.  ,0.  ,0.  ,0.  ,0.  ,0.  ,0.  ,0.  ,0.  ,0.  ,0.  ,0.21,
 0.89,0.99,0.99,0.94,0.91,0.99,0.22,0.02,0.  ,0.  ,0.  ,0.  ,0.  ,0.  ,
 0.  ,0.  ,0.  ,0.  ,0.  ,0.  ,0.  ,0.  ,0.  ,0.  ,0.  ,0.04,0.24,0.88,
 0.99,0.99,0.99,0.79,0.33,0.99,0.99,0.48,0.  ,0.  ,0.  ,0.  ,0.  ,0.  ,
 0.  ,0.  ,0.  ,0.  ,0.  ,0.  ,0.  ,0.  ,0.  ,0.  ,0.  ,0.64,0.99,0.99,
 0.99,0.99,0.99,0.99,0.38,0.74,0.99,0.65,0.  ,0.  ,0.  ,0.  ,0.  ,0.  ,
 0.  ,0.  ,0.  ,0.  ,0.  ,0.  ,0.  ,0.  ,0.  ,0.  ,0.2 ,0.93,0.99,0.99,
 0.75,0.45,0.99,0.89,0.18,0.31,1.  ,0.66,0.  ,0.  ,0.  ,0.  ,0.  ,0.  ,
 0.  ,0.  ,0.  ,0.  ,0.  ,0.  ,0.  ,0.  ,0.  ,0.19,0.93,0.99,0.99,0.7 ,
 0.05,0.29,0.47,0.08,0.  ,0.  ,0.99,0.95,0.2 ,0.  ,0.  ,0.  ,0.  ,0.  ,
 0.  ,0.  ,0.  ,0.  ,0.  ,0.  ,0.  ,0.  ,0.15,0.65,0.99,0.91,0.82,0.33,
 0.  ,0.  ,0.  ,0.  ,0.  ,0.  ,0.99,0.99,0.65,0.  ,0.  ,0.  ,0.  ,0.  ,
 0.  ,0.  ,0.  ,0.  ,0.  ,0.  ,0.  ,0.03,0.7 ,0.99,0.94,0.28,0.07,0.11,
 0.  ,0.  ,0.  ,0.  ,0.  ,0.  ,0.99,0.99,0.76,0.  ,0.  ,0.  ,0.  ,0.  ,
 0.  ,0.  ,0.  ,0.  ,0.  ,0.  ,0.  ,0.22,0.99,0.99,0.25,0.  ,0.  ,0.  ,
 0.  ,0.  ,0.  ,0.  ,0.  ,0.  ,0.99,0.99,0.76,0.  ,0.  ,0.  ,0.  ,0.  ,
 0.  ,0.  ,0.  ,0.  ,0.  ,0.  ,0.  ,0.78,0.99,0.75,0.  ,0.  ,0.  ,0.  ,
 0.  ,0.  ,0.  ,0.  ,0.  ,0.  ,1.  ,0.99,0.77,0.  ,0.  ,0.  ,0.  ,0.  ,
 0.  ,0.  ,0.  ,0.  ,0.  ,0.  ,0.3 ,0.96,0.99,0.44,0.  ,0.  ,0.  ,0.  ,
 0.  ,0.  ,0.  ,0.  ,0.  ,0.  ,0.99,0.99,0.58,0.  ,0.  ,0.  ,0.  ,0.  ,
 0.  ,0.  ,0.  ,0.  ,0.  ,0.  ,0.33,0.99,0.9 ,0.1 ,0.  ,0.  ,0.  ,0.  ,
 0.  ,0.  ,0.  ,0.  ,0.03,0.53,0.99,0.73,0.05,0.  ,0.  ,0.  ,0.  ,0.  ,
 0.  ,0.  ,0.  ,0.  ,0.  ,0.  ,0.33,0.99,0.87,0.  ,0.  ,0.  ,0.  ,0.  ,
 0.  ,0.  ,0.  ,0.03,0.51,0.99,0.88,0.28,0.  ,0.  ,0.  ,0.  ,0.  ,0.  ,
 0.  ,0.  ,0.  ,0.  ,0.  ,0.  ,0.33,0.99,0.57,0.  ,0.  ,0.  ,0.  ,0.  ,
 0.  ,0.  ,0.19,0.65,0.99,0.68,0.  ,0.  ,0.  ,0.  ,0.  ,0.  ,0.  ,0.  ,
 0.  ,0.  ,0.  ,0.  ,0.  ,0.  ,0.34,0.99,0.88,0.  ,0.  ,0.  ,0.  ,0.  ,
 0.  ,0.45,0.93,0.99,0.64,0.  ,0.  ,0.  ,0.  ,0.  ,0.  ,0.  ,0.  ,0.  ,
 0.  ,0.  ,0.  ,0.  ,0.  ,0.  ,0.33,0.99,0.98,0.57,0.19,0.11,0.33,0.7 ,
 0.88,0.99,0.87,0.65,0.22,0.  ,0.  ,0.  ,0.  ,0.  ,0.  ,0.  ,0.  ,0.  ,
 0.  ,0.  ,0.  ,0.  ,0.  ,0.  ,0.33,0.99,0.99,0.99,0.9 ,0.84,0.99,0.99,
 0.99,0.77,0.51,0.  ,0.  ,0.  ,0.  ,0.  ,0.  ,0.  ,0.  ,0.  ,0.  ,0.  ,
 0.  ,0.  ,0.  ,0.  ,0.  ,0.  ,0.11,0.78,0.99,0.99,0.99,0.99,0.99,0.91,
 0.57,0.  ,0.  ,0.  ,0.  ,0.  ,0.  ,0.  ,0.  ,0.  ,0.  ,0.  ,0.  ,0.  ,
 0.  ,0.  ,0.  ,0.  ,0.  ,0.  ,0.  ,0.1 ,0.5 ,0.99,0.99,0.99,0.55,0.15,
 0.  ,0.  ,0.  ,0.  ,0.  ,0.  ,0.  ,0.  ,0.  ,0.  ,0.  ,0.  ,0.  ,0.  ,
 0.  ,0.  ,0.  ,0.  ,0.  ,0.  ,0.  ,0.  ,0.  ,0.  ,0.  ,0.  ,0.  ,0.  ,
 0.  ,0.  ,0.  ,0.  ,0.  ,0.  ,0.  ,0.  ,0.  ,0.  ,0.  ,0.  ,0.  ,0.  ,
 0.  ,0.  ,0.  ,0.  ,0.  ,0.  ,0.  ,0.  ,0.  ,0.  ,0.  ,0.  ,0.  ,0.  ,
 0.  ,0.  ,0.  ,0.  ,0.  ,0.  ,0.  ,0.  ,0.  ,0.  ,0.  ,0.  ,0.  ,0.  ,
 0.  ,0.  ,0.  ,0.  ,0.  ,0.  ,0.  ,0.  ,0.  ,0.  ,0.  ,0.  ,0.  ,0.  ,
 0.  ,0.  ,0.  ,0.  ,0.  ,0.  ,0.  ,0.  ,0.  ,0.  ,0.  ,0.  ,0.  ,0.  ,
 0.  ,0.  ,0.  ,0.  ,0.  ,0.  ,0.  ,0.  ,0.  ,0.  ,0.  ,0.  ,0.  ,0.  ,
 0.  ,0.  ,0.  ,0.  ,0.  ,0.  ,0.  ,0.  ,0.  ,0.  ,0.  ,0.  ,0.  ,0.  ]",0,"[[-1.3498e-02,-4.8979e-03, 3.8246e-04,...,-1.1013e-02, 1.8778e-05,
   6.3096e-03],
 [-3.5537e-03,-2.9871e-03,-1.3974e-02,...,-5.6679e-03,-8.3602e-04,
   3.3509e-03],
 [-9.8223e-03,-9.9293e-03, 7.9568e-03,...,-2.7545e-03,-1.1057e-03,
   2.5672e-03],
 ...,
 [-7.8604e-03, 8.0771e-03, 1.3596e-02,...,-1.0829e-03,-1.1537e-03,
   3.9063e-03],
 [-5.7794e-03, 6.6186e-03, 1.2320e-03,..., 2.1307e-03,-6.7002e-03,
   5.2298e-03],
 [-2.5870e-03, 1.2748e-02,-2.7763e-03,...,-8.5902e-03, 7.8897e-03,
  -3.5166e-03]]","[[-0.063 , 0.0969,-0.0194,-0.0682, 0.0538, 0.0264, 0.0059,-0.0027,-0.0233,
  -0.0066]]","[ 5.3061e+00,-2.6567e+00,-1.2199e+00, 1.1789e-01,-2.5429e+00, 1.5352e+00,
  6.3192e-01,-5.5507e-01,-3.1599e-03,-4.9450e-01]","[9.5150e-01,3.3130e-04,1.3938e-03,5.3114e-03,3.7122e-04,2.1915e-02,
 8.8807e-03,2.7099e-03,4.7058e-03,2.8791e-03]","[[0.,0.,0.,...,0.,0.,0.],
 [0.,0.,0.,...,0.,0.,0.],
 [0.,0.,0.,...,0.,0.,0.],
 ...,
 [0.,0.,0.,...,0.,0.,0.],
 [0.,0.,0.,...,0.,0.,0.],
 [0.,0.,0.,...,0.,0.,0.]]","[-0.0485, 0.0003, 0.0014, 0.0053, 0.0004, 0.0219, 0.0089, 0.0027, 0.0047,
  0.0029]","[[ 0.0032,-0.006 , 0.0003, 0.0047,-0.0041,-0.0024,-0.0002, 0.0004, 0.0024,
   0.0017]]"
72,"[0.  ,0.  ,0.  ,0.  ,0.  ,0.  ,0.  ,0.  ,0.  ,0.  ,0.  ,0.  ,0.  ,0.  ,
 0.  ,0.  ,0.  ,0.  ,0.  ,0.  ,0.  ,0.  ,0.  ,0.  ,0.  ,0.  ,0.  ,0.  ,
 0.  ,0.  ,0.  ,0.  ,0.  ,0.  ,0.  ,0.  ,0.  ,0.  ,0.  ,0.  ,0.  ,0.  ,
 0.  ,0.  ,0.  ,0.  ,0.  ,0.  ,0.  ,0.  ,0.  ,0.  ,0.  ,0.  ,0.  ,0.  ,
 0.  ,0.  ,0.  ,0.  ,0.  ,0.  ,0.  ,0.  ,0.  ,0.  ,0.  ,0.  ,0.  ,0.  ,
 0.  ,0.  ,0.  ,0.  ,0.  ,0.  ,0.  ,0.  ,0.  ,0.  ,0.  ,0.  ,0.  ,0.  ,
 0.  ,0.  ,0.  ,0.  ,0.  ,0.  ,0.  ,0.  ,0.  ,0.  ,0.  ,0.  ,0.  ,0.  ,
 0.  ,0.  ,0.  ,0.  ,0.  ,0.  ,0.  ,0.  ,0.  ,0.  ,0.  ,0.  ,0.  ,0.  ,
 0.  ,0.  ,0.  ,0.  ,0.  ,0.  ,0.  ,0.  ,0.  ,0.  ,0.  ,0.  ,0.  ,0.  ,
 0.  ,0.2 ,0.62,0.99,0.62,0.2 ,0.  ,0.  ,0.  ,0.  ,0.  ,0.  ,0.  ,0.  ,
 0.  ,0.  ,0.  ,0.  ,0.  ,0.  ,0.  ,0.  ,0.  ,0.  ,0.  ,0.  ,0.  ,0.  ,
 0.19,0.93,0.99,0.99,0.99,0.93,0.  ,0.  ,0.  ,0.  ,0.  ,0.  ,0.  ,0.  ,
 0.  ,0.  ,0.  ,0.  ,0.  ,0.  ,0.  ,0.  ,0.  ,0.  ,0.  ,0.  ,0.  ,0.21,
 0.89,0.99,0.99,0.94,0.91,0.99,0.22,0.02,0.  ,0.  ,0.  ,0.  ,0.  ,0.  ,
 0.  ,0.  ,0.  ,0.  ,0.  ,0.  ,0.  ,0.  ,0.  ,0.  ,0.  ,0.04,0.24,0.88,
 0.99,0.99,0.99,0.79,0.33,0.99,0.99,0.48,0.  ,0.  ,0.  ,0.  ,0.  ,0.  ,
 0.  ,0.  ,0.  ,0.  ,0.  ,0.  ,0.  ,0.  ,0.  ,0.  ,0.  ,0.64,0.99,0.99,
 0.99,0.99,0.99,0.99,0.38,0.74,0.99,0.65,0.  ,0.  ,0.  ,0.  ,0.  ,0.  ,
 0.  ,0.  ,0.  ,0.  ,0.  ,0.  ,0.  ,0.  ,0.  ,0.  ,0.2 ,0.93,0.99,0.99,
 0.75,0.45,0.99,0.89,0.18,0.31,1.  ,0.66,0.  ,0.  ,0.  ,0.  ,0.  ,0.  ,
 0.  ,0.  ,0.  ,0.  ,0.  ,0.  ,0.  ,0.  ,0.  ,0.19,0.93,0.99,0.99,0.7 ,
 0.05,0.29,0.47,0.08,0.  ,0.  ,0.99,0.95,0.2 ,0.  ,0.  ,0.  ,0.  ,0.  ,
 0.  ,0.  ,0.  ,0.  ,0.  ,0.  ,0.  ,0.  ,0.15,0.65,0.99,0.91,0.82,0.33,
 0.  ,0.  ,0.  ,0.  ,0.  ,0.  ,0.99,0.99,0.65,0.  ,0.  ,0.  ,0.  ,0.  ,
 0.  ,0.  ,0.  ,0.  ,0.  ,0.  ,0.  ,0.03,0.7 ,0.99,0.94,0.28,0.07,0.11,
 0.  ,0.  ,0.  ,0.  ,0.  ,0.  ,0.99,0.99,0.76,0.  ,0.  ,0.  ,0.  ,0.  ,
 0.  ,0.  ,0.  ,0.  ,0.  ,0.  ,0.  ,0.22,0.99,0.99,0.25,0.  ,0.  ,0.  ,
 0.  ,0.  ,0.  ,0.  ,0.  ,0.  ,0.99,0.99,0.76,0.  ,0.  ,0.  ,0.  ,0.  ,
 0.  ,0.  ,0.  ,0.  ,0.  ,0.  ,0.  ,0.78,0.99,0.75,0.  ,0.  ,0.  ,0.  ,
 0.  ,0.  ,0.  ,0.  ,0.  ,0.  ,1.  ,0.99,0.77,0.  ,0.  ,0.  ,0.  ,0.  ,
 0.  ,0.  ,0.  ,0.  ,0.  ,0.  ,0.3 ,0.96,0.99,0.44,0.  ,0.  ,0.  ,0.  ,
 0.  ,0.  ,0.  ,0.  ,0.  ,0.  ,0.99,0.99,0.58,0.  ,0.  ,0.  ,0.  ,0.  ,
 0.  ,0.  ,0.  ,0.  ,0.  ,0.  ,0.33,0.99,0.9 ,0.1 ,0.  ,0.  ,0.  ,0.  ,
 0.  ,0.  ,0.  ,0.  ,0.03,0.53,0.99,0.73,0.05,0.  ,0.  ,0.  ,0.  ,0.  ,
 0.  ,0.  ,0.  ,0.  ,0.  ,0.  ,0.33,0.99,0.87,0.  ,0.  ,0.  ,0.  ,0.  ,
 0.  ,0.  ,0.  ,0.03,0.51,0.99,0.88,0.28,0.  ,0.  ,0.  ,0.  ,0.  ,0.  ,
 0.  ,0.  ,0.  ,0.  ,0.  ,0.  ,0.33,0.99,0.57,0.  ,0.  ,0.  ,0.  ,0.  ,
 0.  ,0.  ,0.19,0.65,0.99,0.68,0.  ,0.  ,0.  ,0.  ,0.  ,0.  ,0.  ,0.  ,
 0.  ,0.  ,0.  ,0.  ,0.  ,0.  ,0.34,0.99,0.88,0.  ,0.  ,0.  ,0.  ,0.  ,
 0.  ,0.45,0.93,0.99,0.64,0.  ,0.  ,0.  ,0.  ,0.  ,0.  ,0.  ,0.  ,0.  ,
 0.  ,0.  ,0.  ,0.  ,0.  ,0.  ,0.33,0.99,0.98,0.57,0.19,0.11,0.33,0.7 ,
 0.88,0.99,0.87,0.65,0.22,0.  ,0.  ,0.  ,0.  ,0.  ,0.  ,0.  ,0.  ,0.  ,
 0.  ,0.  ,0.  ,0.  ,0.  ,0.  ,0.33,0.99,0.99,0.99,0.9 ,0.84,0.99,0.99,
 0.99,0.77,0.51,0.  ,0.  ,0.  ,0.  ,0.  ,0.  ,0.  ,0.  ,0.  ,0.  ,0.  ,
 0.  ,0.  ,0.  ,0.  ,0.  ,0.  ,0.11,0.78,0.99,0.99,0.99,0.99,0.99,0.91,
 0.57,0.  ,0.  ,0.  ,0.  ,0.  ,0.  ,0.  ,0.  ,0.  ,0.  ,0.  ,0.  ,0.  ,
 0.  ,0.  ,0.  ,0.  ,0.  ,0.  ,0.  ,0.1 ,0.5 ,0.99,0.99,0.99,0.55,0.15,
 0.  ,0.  ,0.  ,0.  ,0.  ,0.  ,0.  ,0.  ,0.  ,0.  ,0.  ,0.  ,0.  ,0.  ,
 0.  ,0.  ,0.  ,0.  ,0.  ,0.  ,0.  ,0.  ,0.  ,0.  ,0.  ,0.  ,0.  ,0.  ,
 0.  ,0.  ,0.  ,0.  ,0.  ,0.  ,0.  ,0.  ,0.  ,0.  ,0.  ,0.  ,0.  ,0.  ,
 0.  ,0.  ,0.  ,0.  ,0.  ,0.  ,0.  ,0.  ,0.  ,0.  ,0.  ,0.  ,0.  ,0.  ,
 0.  ,0.  ,0.  ,0.  ,0.  ,0.  ,0.  ,0.  ,0.  ,0.  ,0.  ,0.  ,0.  ,0.  ,
 0.  ,0.  ,0.  ,0.  ,0.  ,0.  ,0.  ,0.  ,0.  ,0.  ,0.  ,0.  ,0.  ,0.  ,
 0.  ,0.  ,0.  ,0.  ,0.  ,0.  ,0.  ,0.  ,0.  ,0.  ,0.  ,0.  ,0.  ,0.  ,
 0.  ,0.  ,0.  ,0.  ,0.  ,0.  ,0.  ,0.  ,0.  ,0.  ,0.  ,0.  ,0.  ,0.  ,
 0.  ,0.  ,0.  ,0.  ,0.  ,0.  ,0.  ,0.  ,0.  ,0.  ,0.  ,0.  ,0.  ,0.  ]",0,"[[-1.3498e-02,-4.8979e-03, 3.8246e-04,...,-1.1013e-02, 1.8778e-05,
   6.3096e-03],
 [-3.5537e-03,-2.9871e-03,-1.3974e-02,...,-5.6679e-03,-8.3602e-04,
   3.3509e-03],
 [-9.8223e-03,-9.9293e-03, 7.9568e-03,...,-2.7545e-03,-1.1057e-03,
   2.5672e-03],
 ...,
 [-7.8604e-03, 8.0771e-03, 1.3596e-02,...,-1.0829e-03,-1.1537e-03,
   3.9063e-03],
 [-5.7794e-03, 6.6186e-03, 1.2320e-03,..., 2.1307e-03,-6.7002e-03,
   5.2298e-03],
 [-2.5870e-03, 1.2748e-02,-2.7763e-03,...,-8.5902e-03, 7.8897e-03,
  -3.5166e-03]]","[[-0.0633, 0.0975,-0.0195,-0.0686, 0.0543, 0.0267, 0.0059,-0.0027,-0.0235,
  -0.0067]]","[ 5.3292e+00,-2.6714e+00,-1.2275e+00, 1.2113e-01,-2.5567e+00, 1.5430e+00,
  6.3809e-01,-5.5712e-01,-2.8021e-03,-4.9705e-01]","[9.5236e-01,3.1926e-04,1.3528e-03,5.2113e-03,3.5810e-04,2.1600e-02,
 8.7390e-03,2.6448e-03,4.6039e-03,2.8085e-03]","[[0.,0.,0.,...,0.,0.,0.],
 [0.,0.,0.,...,0.,0.,0.],
 [0.,0.,0.,...,0.,0.,0.],
 ...,
 [0.,0.,0.,...,0.,0.,0.],
 [0.,0.,0.,...,0.,0.,0.],
 [0.,0.,0.,...,0.,0.,0.]]","[-0.0476, 0.0003, 0.0014, 0.0052, 0.0004, 0.0216, 0.0087, 0.0026, 0.0046,
  0.0028]","[[ 0.0032,-0.0059, 0.0003, 0.0046,-0.0041,-0.0024,-0.0001, 0.0004, 0.0023,
   0.0017]]"
73,"[0.  ,0.  ,0.  ,0.  ,0.  ,0.  ,0.  ,0.  ,0.  ,0.  ,0.  ,0.  ,0.  ,0.  ,
 0.  ,0.  ,0.  ,0.  ,0.  ,0.  ,0.  ,0.  ,0.  ,0.  ,0.  ,0.  ,0.  ,0.  ,
 0.  ,0.  ,0.  ,0.  ,0.  ,0.  ,0.  ,0.  ,0.  ,0.  ,0.  ,0.  ,0.  ,0.  ,
 0.  ,0.  ,0.  ,0.  ,0.  ,0.  ,0.  ,0.  ,0.  ,0.  ,0.  ,0.  ,0.  ,0.  ,
 0.  ,0.  ,0.  ,0.  ,0.  ,0.  ,0.  ,0.  ,0.  ,0.  ,0.  ,0.  ,0.  ,0.  ,
 0.  ,0.  ,0.  ,0.  ,0.  ,0.  ,0.  ,0.  ,0.  ,0.  ,0.  ,0.  ,0.  ,0.  ,
 0.  ,0.  ,0.  ,0.  ,0.  ,0.  ,0.  ,0.  ,0.  ,0.  ,0.  ,0.  ,0.  ,0.  ,
 0.  ,0.  ,0.  ,0.  ,0.  ,0.  ,0.  ,0.  ,0.  ,0.  ,0.  ,0.  ,0.  ,0.  ,
 0.  ,0.  ,0.  ,0.  ,0.  ,0.  ,0.  ,0.  ,0.  ,0.  ,0.  ,0.  ,0.  ,0.  ,
 0.  ,0.2 ,0.62,0.99,0.62,0.2 ,0.  ,0.  ,0.  ,0.  ,0.  ,0.  ,0.  ,0.  ,
 0.  ,0.  ,0.  ,0.  ,0.  ,0.  ,0.  ,0.  ,0.  ,0.  ,0.  ,0.  ,0.  ,0.  ,
 0.19,0.93,0.99,0.99,0.99,0.93,0.  ,0.  ,0.  ,0.  ,0.  ,0.  ,0.  ,0.  ,
 0.  ,0.  ,0.  ,0.  ,0.  ,0.  ,0.  ,0.  ,0.  ,0.  ,0.  ,0.  ,0.  ,0.21,
 0.89,0.99,0.99,0.94,0.91,0.99,0.22,0.02,0.  ,0.  ,0.  ,0.  ,0.  ,0.  ,
 0.  ,0.  ,0.  ,0.  ,0.  ,0.  ,0.  ,0.  ,0.  ,0.  ,0.  ,0.04,0.24,0.88,
 0.99,0.99,0.99,0.79,0.33,0.99,0.99,0.48,0.  ,0.  ,0.  ,0.  ,0.  ,0.  ,
 0.  ,0.  ,0.  ,0.  ,0.  ,0.  ,0.  ,0.  ,0.  ,0.  ,0.  ,0.64,0.99,0.99,
 0.99,0.99,0.99,0.99,0.38,0.74,0.99,0.65,0.  ,0.  ,0.  ,0.  ,0.  ,0.  ,
 0.  ,0.  ,0.  ,0.  ,0.  ,0.  ,0.  ,0.  ,0.  ,0.  ,0.2 ,0.93,0.99,0.99,
 0.75,0.45,0.99,0.89,0.18,0.31,1.  ,0.66,0.  ,0.  ,0.  ,0.  ,0.  ,0.  ,
 0.  ,0.  ,0.  ,0.  ,0.  ,0.  ,0.  ,0.  ,0.  ,0.19,0.93,0.99,0.99,0.7 ,
 0.05,0.29,0.47,0.08,0.  ,0.  ,0.99,0.95,0.2 ,0.  ,0.  ,0.  ,0.  ,0.  ,
 0.  ,0.  ,0.  ,0.  ,0.  ,0.  ,0.  ,0.  ,0.15,0.65,0.99,0.91,0.82,0.33,
 0.  ,0.  ,0.  ,0.  ,0.  ,0.  ,0.99,0.99,0.65,0.  ,0.  ,0.  ,0.  ,0.  ,
 0.  ,0.  ,0.  ,0.  ,0.  ,0.  ,0.  ,0.03,0.7 ,0.99,0.94,0.28,0.07,0.11,
 0.  ,0.  ,0.  ,0.  ,0.  ,0.  ,0.99,0.99,0.76,0.  ,0.  ,0.  ,0.  ,0.  ,
 0.  ,0.  ,0.  ,0.  ,0.  ,0.  ,0.  ,0.22,0.99,0.99,0.25,0.  ,0.  ,0.  ,
 0.  ,0.  ,0.  ,0.  ,0.  ,0.  ,0.99,0.99,0.76,0.  ,0.  ,0.  ,0.  ,0.  ,
 0.  ,0.  ,0.  ,0.  ,0.  ,0.  ,0.  ,0.78,0.99,0.75,0.  ,0.  ,0.  ,0.  ,
 0.  ,0.  ,0.  ,0.  ,0.  ,0.  ,1.  ,0.99,0.77,0.  ,0.  ,0.  ,0.  ,0.  ,
 0.  ,0.  ,0.  ,0.  ,0.  ,0.  ,0.3 ,0.96,0.99,0.44,0.  ,0.  ,0.  ,0.  ,
 0.  ,0.  ,0.  ,0.  ,0.  ,0.  ,0.99,0.99,0.58,0.  ,0.  ,0.  ,0.  ,0.  ,
 0.  ,0.  ,0.  ,0.  ,0.  ,0.  ,0.33,0.99,0.9 ,0.1 ,0.  ,0.  ,0.  ,0.  ,
 0.  ,0.  ,0.  ,0.  ,0.03,0.53,0.99,0.73,0.05,0.  ,0.  ,0.  ,0.  ,0.  ,
 0.  ,0.  ,0.  ,0.  ,0.  ,0.  ,0.33,0.99,0.87,0.  ,0.  ,0.  ,0.  ,0.  ,
 0.  ,0.  ,0.  ,0.03,0.51,0.99,0.88,0.28,0.  ,0.  ,0.  ,0.  ,0.  ,0.  ,
 0.  ,0.  ,0.  ,0.  ,0.  ,0.  ,0.33,0.99,0.57,0.  ,0.  ,0.  ,0.  ,0.  ,
 0.  ,0.  ,0.19,0.65,0.99,0.68,0.  ,0.  ,0.  ,0.  ,0.  ,0.  ,0.  ,0.  ,
 0.  ,0.  ,0.  ,0.  ,0.  ,0.  ,0.34,0.99,0.88,0.  ,0.  ,0.  ,0.  ,0.  ,
 0.  ,0.45,0.93,0.99,0.64,0.  ,0.  ,0.  ,0.  ,0.  ,0.  ,0.  ,0.  ,0.  ,
 0.  ,0.  ,0.  ,0.  ,0.  ,0.  ,0.33,0.99,0.98,0.57,0.19,0.11,0.33,0.7 ,
 0.88,0.99,0.87,0.65,0.22,0.  ,0.  ,0.  ,0.  ,0.  ,0.  ,0.  ,0.  ,0.  ,
 0.  ,0.  ,0.  ,0.  ,0.  ,0.  ,0.33,0.99,0.99,0.99,0.9 ,0.84,0.99,0.99,
 0.99,0.77,0.51,0.  ,0.  ,0.  ,0.  ,0.  ,0.  ,0.  ,0.  ,0.  ,0.  ,0.  ,
 0.  ,0.  ,0.  ,0.  ,0.  ,0.  ,0.11,0.78,0.99,0.99,0.99,0.99,0.99,0.91,
 0.57,0.  ,0.  ,0.  ,0.  ,0.  ,0.  ,0.  ,0.  ,0.  ,0.  ,0.  ,0.  ,0.  ,
 0.  ,0.  ,0.  ,0.  ,0.  ,0.  ,0.  ,0.1 ,0.5 ,0.99,0.99,0.99,0.55,0.15,
 0.  ,0.  ,0.  ,0.  ,0.  ,0.  ,0.  ,0.  ,0.  ,0.  ,0.  ,0.  ,0.  ,0.  ,
 0.  ,0.  ,0.  ,0.  ,0.  ,0.  ,0.  ,0.  ,0.  ,0.  ,0.  ,0.  ,0.  ,0.  ,
 0.  ,0.  ,0.  ,0.  ,0.  ,0.  ,0.  ,0.  ,0.  ,0.  ,0.  ,0.  ,0.  ,0.  ,
 0.  ,0.  ,0.  ,0.  ,0.  ,0.  ,0.  ,0.  ,0.  ,0.  ,0.  ,0.  ,0.  ,0.  ,
 0.  ,0.  ,0.  ,0.  ,0.  ,0.  ,0.  ,0.  ,0.  ,0.  ,0.  ,0.  ,0.  ,0.  ,
 0.  ,0.  ,0.  ,0.  ,0.  ,0.  ,0.  ,0.  ,0.  ,0.  ,0.  ,0.  ,0.  ,0.  ,
 0.  ,0.  ,0.  ,0.  ,0.  ,0.  ,0.  ,0.  ,0.  ,0.  ,0.  ,0.  ,0.  ,0.  ,
 0.  ,0.  ,0.  ,0.  ,0.  ,0.  ,0.  ,0.  ,0.  ,0.  ,0.  ,0.  ,0.  ,0.  ,
 0.  ,0.  ,0.  ,0.  ,0.  ,0.  ,0.  ,0.  ,0.  ,0.  ,0.  ,0.  ,0.  ,0.  ]",0,"[[-1.3498e-02,-4.8979e-03, 3.8246e-04,...,-1.1013e-02, 1.8778e-05,
   6.3096e-03],
 [-3.5537e-03,-2.9871e-03,-1.3974e-02,...,-5.6679e-03,-8.3602e-04,
   3.3509e-03],
 [-9.8223e-03,-9.9293e-03, 7.9568e-03,...,-2.7545e-03,-1.1057e-03,
   2.5672e-03],
 ...,
 [-7.8604e-03, 8.0771e-03, 1.3596e-02,...,-1.0829e-03,-1.1537e-03,
   3.9063e-03],
 [-5.7794e-03, 6.6186e-03, 1.2320e-03,..., 2.1307e-03,-6.7002e-03,
   5.2298e-03],
 [-2.5870e-03, 1.2748e-02,-2.7763e-03,...,-8.5902e-03, 7.8897e-03,
  -3.5166e-03]]","[[-0.0636, 0.0981,-0.0195,-0.0691, 0.0547, 0.0269, 0.0059,-0.0028,-0.0237,
  -0.0069]]","[ 5.3521e+00,-2.6860e+00,-1.2350e+00, 1.2435e-01,-2.5702e+00, 1.5506e+00,
  6.4421e-01,-5.5914e-01,-2.4752e-03,-4.9957e-01]","[9.5320e-01,3.0782e-04,1.3135e-03,5.1146e-03,3.4560e-04,2.1293e-02,
 8.6017e-03,2.5821e-03,4.5054e-03,2.7406e-03]","[[0.,0.,0.,...,0.,0.,0.],
 [0.,0.,0.,...,0.,0.,0.],
 [0.,0.,0.,...,0.,0.,0.],
 ...,
 [0.,0.,0.,...,0.,0.,0.],
 [0.,0.,0.,...,0.,0.,0.],
 [0.,0.,0.,...,0.,0.,0.]]","[-0.0468, 0.0003, 0.0013, 0.0051, 0.0003, 0.0213, 0.0086, 0.0026, 0.0045,
  0.0027]","[[ 0.0031,-0.0058, 0.0003, 0.0046,-0.004 ,-0.0023,-0.0001, 0.0004, 0.0023,
   0.0017]]"
74,"[0.  ,0.  ,0.  ,0.  ,0.  ,0.  ,0.  ,0.  ,0.  ,0.  ,0.  ,0.  ,0.  ,0.  ,
 0.  ,0.  ,0.  ,0.  ,0.  ,0.  ,0.  ,0.  ,0.  ,0.  ,0.  ,0.  ,0.  ,0.  ,
 0.  ,0.  ,0.  ,0.  ,0.  ,0.  ,0.  ,0.  ,0.  ,0.  ,0.  ,0.  ,0.  ,0.  ,
 0.  ,0.  ,0.  ,0.  ,0.  ,0.  ,0.  ,0.  ,0.  ,0.  ,0.  ,0.  ,0.  ,0.  ,
 0.  ,0.  ,0.  ,0.  ,0.  ,0.  ,0.  ,0.  ,0.  ,0.  ,0.  ,0.  ,0.  ,0.  ,
 0.  ,0.  ,0.  ,0.  ,0.  ,0.  ,0.  ,0.  ,0.  ,0.  ,0.  ,0.  ,0.  ,0.  ,
 0.  ,0.  ,0.  ,0.  ,0.  ,0.  ,0.  ,0.  ,0.  ,0.  ,0.  ,0.  ,0.  ,0.  ,
 0.  ,0.  ,0.  ,0.  ,0.  ,0.  ,0.  ,0.  ,0.  ,0.  ,0.  ,0.  ,0.  ,0.  ,
 0.  ,0.  ,0.  ,0.  ,0.  ,0.  ,0.  ,0.  ,0.  ,0.  ,0.  ,0.  ,0.  ,0.  ,
 0.  ,0.2 ,0.62,0.99,0.62,0.2 ,0.  ,0.  ,0.  ,0.  ,0.  ,0.  ,0.  ,0.  ,
 0.  ,0.  ,0.  ,0.  ,0.  ,0.  ,0.  ,0.  ,0.  ,0.  ,0.  ,0.  ,0.  ,0.  ,
 0.19,0.93,0.99,0.99,0.99,0.93,0.  ,0.  ,0.  ,0.  ,0.  ,0.  ,0.  ,0.  ,
 0.  ,0.  ,0.  ,0.  ,0.  ,0.  ,0.  ,0.  ,0.  ,0.  ,0.  ,0.  ,0.  ,0.21,
 0.89,0.99,0.99,0.94,0.91,0.99,0.22,0.02,0.  ,0.  ,0.  ,0.  ,0.  ,0.  ,
 0.  ,0.  ,0.  ,0.  ,0.  ,0.  ,0.  ,0.  ,0.  ,0.  ,0.  ,0.04,0.24,0.88,
 0.99,0.99,0.99,0.79,0.33,0.99,0.99,0.48,0.  ,0.  ,0.  ,0.  ,0.  ,0.  ,
 0.  ,0.  ,0.  ,0.  ,0.  ,0.  ,0.  ,0.  ,0.  ,0.  ,0.  ,0.64,0.99,0.99,
 0.99,0.99,0.99,0.99,0.38,0.74,0.99,0.65,0.  ,0.  ,0.  ,0.  ,0.  ,0.  ,
 0.  ,0.  ,0.  ,0.  ,0.  ,0.  ,0.  ,0.  ,0.  ,0.  ,0.2 ,0.93,0.99,0.99,
 0.75,0.45,0.99,0.89,0.18,0.31,1.  ,0.66,0.  ,0.  ,0.  ,0.  ,0.  ,0.  ,
 0.  ,0.  ,0.  ,0.  ,0.  ,0.  ,0.  ,0.  ,0.  ,0.19,0.93,0.99,0.99,0.7 ,
 0.05,0.29,0.47,0.08,0.  ,0.  ,0.99,0.95,0.2 ,0.  ,0.  ,0.  ,0.  ,0.  ,
 0.  ,0.  ,0.  ,0.  ,0.  ,0.  ,0.  ,0.  ,0.15,0.65,0.99,0.91,0.82,0.33,
 0.  ,0.  ,0.  ,0.  ,0.  ,0.  ,0.99,0.99,0.65,0.  ,0.  ,0.  ,0.  ,0.  ,
 0.  ,0.  ,0.  ,0.  ,0.  ,0.  ,0.  ,0.03,0.7 ,0.99,0.94,0.28,0.07,0.11,
 0.  ,0.  ,0.  ,0.  ,0.  ,0.  ,0.99,0.99,0.76,0.  ,0.  ,0.  ,0.  ,0.  ,
 0.  ,0.  ,0.  ,0.  ,0.  ,0.  ,0.  ,0.22,0.99,0.99,0.25,0.  ,0.  ,0.  ,
 0.  ,0.  ,0.  ,0.  ,0.  ,0.  ,0.99,0.99,0.76,0.  ,0.  ,0.  ,0.  ,0.  ,
 0.  ,0.  ,0.  ,0.  ,0.  ,0.  ,0.  ,0.78,0.99,0.75,0.  ,0.  ,0.  ,0.  ,
 0.  ,0.  ,0.  ,0.  ,0.  ,0.  ,1.  ,0.99,0.77,0.  ,0.  ,0.  ,0.  ,0.  ,
 0.  ,0.  ,0.  ,0.  ,0.  ,0.  ,0.3 ,0.96,0.99,0.44,0.  ,0.  ,0.  ,0.  ,
 0.  ,0.  ,0.  ,0.  ,0.  ,0.  ,0.99,0.99,0.58,0.  ,0.  ,0.  ,0.  ,0.  ,
 0.  ,0.  ,0.  ,0.  ,0.  ,0.  ,0.33,0.99,0.9 ,0.1 ,0.  ,0.  ,0.  ,0.  ,
 0.  ,0.  ,0.  ,0.  ,0.03,0.53,0.99,0.73,0.05,0.  ,0.  ,0.  ,0.  ,0.  ,
 0.  ,0.  ,0.  ,0.  ,0.  ,0.  ,0.33,0.99,0.87,0.  ,0.  ,0.  ,0.  ,0.  ,
 0.  ,0.  ,0.  ,0.03,0.51,0.99,0.88,0.28,0.  ,0.  ,0.  ,0.  ,0.  ,0.  ,
 0.  ,0.  ,0.  ,0.  ,0.  ,0.  ,0.33,0.99,0.57,0.  ,0.  ,0.  ,0.  ,0.  ,
 0.  ,0.  ,0.19,0.65,0.99,0.68,0.  ,0.  ,0.  ,0.  ,0.  ,0.  ,0.  ,0.  ,
 0.  ,0.  ,0.  ,0.  ,0.  ,0.  ,0.34,0.99,0.88,0.  ,0.  ,0.  ,0.  ,0.  ,
 0.  ,0.45,0.93,0.99,0.64,0.  ,0.  ,0.  ,0.  ,0.  ,0.  ,0.  ,0.  ,0.  ,
 0.  ,0.  ,0.  ,0.  ,0.  ,0.  ,0.33,0.99,0.98,0.57,0.19,0.11,0.33,0.7 ,
 0.88,0.99,0.87,0.65,0.22,0.  ,0.  ,0.  ,0.  ,0.  ,0.  ,0.  ,0.  ,0.  ,
 0.  ,0.  ,0.  ,0.  ,0.  ,0.  ,0.33,0.99,0.99,0.99,0.9 ,0.84,0.99,0.99,
 0.99,0.77,0.51,0.  ,0.  ,0.  ,0.  ,0.  ,0.  ,0.  ,0.  ,0.  ,0.  ,0.  ,
 0.  ,0.  ,0.  ,0.  ,0.  ,0.  ,0.11,0.78,0.99,0.99,0.99,0.99,0.99,0.91,
 0.57,0.  ,0.  ,0.  ,0.  ,0.  ,0.  ,0.  ,0.  ,0.  ,0.  ,0.  ,0.  ,0.  ,
 0.  ,0.  ,0.  ,0.  ,0.  ,0.  ,0.  ,0.1 ,0.5 ,0.99,0.99,0.99,0.55,0.15,
 0.  ,0.  ,0.  ,0.  ,0.  ,0.  ,0.  ,0.  ,0.  ,0.  ,0.  ,0.  ,0.  ,0.  ,
 0.  ,0.  ,0.  ,0.  ,0.  ,0.  ,0.  ,0.  ,0.  ,0.  ,0.  ,0.  ,0.  ,0.  ,
 0.  ,0.  ,0.  ,0.  ,0.  ,0.  ,0.  ,0.  ,0.  ,0.  ,0.  ,0.  ,0.  ,0.  ,
 0.  ,0.  ,0.  ,0.  ,0.  ,0.  ,0.  ,0.  ,0.  ,0.  ,0.  ,0.  ,0.  ,0.  ,
 0.  ,0.  ,0.  ,0.  ,0.  ,0.  ,0.  ,0.  ,0.  ,0.  ,0.  ,0.  ,0.  ,0.  ,
 0.  ,0.  ,0.  ,0.  ,0.  ,0.  ,0.  ,0.  ,0.  ,0.  ,0.  ,0.  ,0.  ,0.  ,
 0.  ,0.  ,0.  ,0.  ,0.  ,0.  ,0.  ,0.  ,0.  ,0.  ,0.  ,0.  ,0.  ,0.  ,
 0.  ,0.  ,0.  ,0.  ,0.  ,0.  ,0.  ,0.  ,0.  ,0.  ,0.  ,0.  ,0.  ,0.  ,
 0.  ,0.  ,0.  ,0.  ,0.  ,0.  ,0.  ,0.  ,0.  ,0.  ,0.  ,0.  ,0.  ,0.  ]",0,"[[-1.3498e-02,-4.8979e-03, 3.8246e-04,...,-1.1013e-02, 1.8778e-05,
   6.3096e-03],
 [-3.5537e-03,-2.9871e-03,-1.3974e-02,...,-5.6679e-03,-8.3602e-04,
   3.3509e-03],
 [-9.8223e-03,-9.9293e-03, 7.9568e-03,...,-2.7545e-03,-1.1057e-03,
   2.5672e-03],
 ...,
 [-7.8604e-03, 8.0771e-03, 1.3596e-02,...,-1.0829e-03,-1.1537e-03,
   3.9063e-03],
 [-5.7794e-03, 6.6186e-03, 1.2320e-03,..., 2.1307e-03,-6.7002e-03,
   5.2298e-03],
 [-2.5870e-03, 1.2748e-02,-2.7763e-03,...,-8.5902e-03, 7.8897e-03,
  -3.5166e-03]]","[[-0.0639, 0.0987,-0.0195,-0.0696, 0.0551, 0.0271, 0.0059,-0.0028,-0.024 ,
  -0.0071]]","[ 5.3746e+00,-2.7003e+00,-1.2425e+00, 1.2754e-01,-2.5836e+00, 1.5582e+00,
  6.5027e-01,-5.6111e-01,-2.1783e-03,-5.0206e-01]","[9.5400e-01,2.9694e-04,1.2759e-03,5.0210e-03,3.3370e-04,2.0994e-02,
 8.4686e-03,2.5218e-03,4.4102e-03,2.6752e-03]","[[0.,0.,0.,...,0.,0.,0.],
 [0.,0.,0.,...,0.,0.,0.],
 [0.,0.,0.,...,0.,0.,0.],
 ...,
 [0.,0.,0.,...,0.,0.,0.],
 [0.,0.,0.,...,0.,0.,0.],
 [0.,0.,0.,...,0.,0.,0.]]","[-0.046 , 0.0003, 0.0013, 0.005 , 0.0003, 0.021 , 0.0085, 0.0025, 0.0044,
  0.0027]","[[ 0.0031,-0.0058, 0.0002, 0.0045,-0.004 ,-0.0023,-0.0001, 0.0003, 0.0023,
   0.0017]]"
75,"[0.  ,0.  ,0.  ,0.  ,0.  ,0.  ,0.  ,0.  ,0.  ,0.  ,0.  ,0.  ,0.  ,0.  ,
 0.  ,0.  ,0.  ,0.  ,0.  ,0.  ,0.  ,0.  ,0.  ,0.  ,0.  ,0.  ,0.  ,0.  ,
 0.  ,0.  ,0.  ,0.  ,0.  ,0.  ,0.  ,0.  ,0.  ,0.  ,0.  ,0.  ,0.  ,0.  ,
 0.  ,0.  ,0.  ,0.  ,0.  ,0.  ,0.  ,0.  ,0.  ,0.  ,0.  ,0.  ,0.  ,0.  ,
 0.  ,0.  ,0.  ,0.  ,0.  ,0.  ,0.  ,0.  ,0.  ,0.  ,0.  ,0.  ,0.  ,0.  ,
 0.  ,0.  ,0.  ,0.  ,0.  ,0.  ,0.  ,0.  ,0.  ,0.  ,0.  ,0.  ,0.  ,0.  ,
 0.  ,0.  ,0.  ,0.  ,0.  ,0.  ,0.  ,0.  ,0.  ,0.  ,0.  ,0.  ,0.  ,0.  ,
 0.  ,0.  ,0.  ,0.  ,0.  ,0.  ,0.  ,0.  ,0.  ,0.  ,0.  ,0.  ,0.  ,0.  ,
 0.  ,0.  ,0.  ,0.  ,0.  ,0.  ,0.  ,0.  ,0.  ,0.  ,0.  ,0.  ,0.  ,0.  ,
 0.  ,0.2 ,0.62,0.99,0.62,0.2 ,0.  ,0.  ,0.  ,0.  ,0.  ,0.  ,0.  ,0.  ,
 0.  ,0.  ,0.  ,0.  ,0.  ,0.  ,0.  ,0.  ,0.  ,0.  ,0.  ,0.  ,0.  ,0.  ,
 0.19,0.93,0.99,0.99,0.99,0.93,0.  ,0.  ,0.  ,0.  ,0.  ,0.  ,0.  ,0.  ,
 0.  ,0.  ,0.  ,0.  ,0.  ,0.  ,0.  ,0.  ,0.  ,0.  ,0.  ,0.  ,0.  ,0.21,
 0.89,0.99,0.99,0.94,0.91,0.99,0.22,0.02,0.  ,0.  ,0.  ,0.  ,0.  ,0.  ,
 0.  ,0.  ,0.  ,0.  ,0.  ,0.  ,0.  ,0.  ,0.  ,0.  ,0.  ,0.04,0.24,0.88,
 0.99,0.99,0.99,0.79,0.33,0.99,0.99,0.48,0.  ,0.  ,0.  ,0.  ,0.  ,0.  ,
 0.  ,0.  ,0.  ,0.  ,0.  ,0.  ,0.  ,0.  ,0.  ,0.  ,0.  ,0.64,0.99,0.99,
 0.99,0.99,0.99,0.99,0.38,0.74,0.99,0.65,0.  ,0.  ,0.  ,0.  ,0.  ,0.  ,
 0.  ,0.  ,0.  ,0.  ,0.  ,0.  ,0.  ,0.  ,0.  ,0.  ,0.2 ,0.93,0.99,0.99,
 0.75,0.45,0.99,0.89,0.18,0.31,1.  ,0.66,0.  ,0.  ,0.  ,0.  ,0.  ,0.  ,
 0.  ,0.  ,0.  ,0.  ,0.  ,0.  ,0.  ,0.  ,0.  ,0.19,0.93,0.99,0.99,0.7 ,
 0.05,0.29,0.47,0.08,0.  ,0.  ,0.99,0.95,0.2 ,0.  ,0.  ,0.  ,0.  ,0.  ,
 0.  ,0.  ,0.  ,0.  ,0.  ,0.  ,0.  ,0.  ,0.15,0.65,0.99,0.91,0.82,0.33,
 0.  ,0.  ,0.  ,0.  ,0.  ,0.  ,0.99,0.99,0.65,0.  ,0.  ,0.  ,0.  ,0.  ,
 0.  ,0.  ,0.  ,0.  ,0.  ,0.  ,0.  ,0.03,0.7 ,0.99,0.94,0.28,0.07,0.11,
 0.  ,0.  ,0.  ,0.  ,0.  ,0.  ,0.99,0.99,0.76,0.  ,0.  ,0.  ,0.  ,0.  ,
 0.  ,0.  ,0.  ,0.  ,0.  ,0.  ,0.  ,0.22,0.99,0.99,0.25,0.  ,0.  ,0.  ,
 0.  ,0.  ,0.  ,0.  ,0.  ,0.  ,0.99,0.99,0.76,0.  ,0.  ,0.  ,0.  ,0.  ,
 0.  ,0.  ,0.  ,0.  ,0.  ,0.  ,0.  ,0.78,0.99,0.75,0.  ,0.  ,0.  ,0.  ,
 0.  ,0.  ,0.  ,0.  ,0.  ,0.  ,1.  ,0.99,0.77,0.  ,0.  ,0.  ,0.  ,0.  ,
 0.  ,0.  ,0.  ,0.  ,0.  ,0.  ,0.3 ,0.96,0.99,0.44,0.  ,0.  ,0.  ,0.  ,
 0.  ,0.  ,0.  ,0.  ,0.  ,0.  ,0.99,0.99,0.58,0.  ,0.  ,0.  ,0.  ,0.  ,
 0.  ,0.  ,0.  ,0.  ,0.  ,0.  ,0.33,0.99,0.9 ,0.1 ,0.  ,0.  ,0.  ,0.  ,
 0.  ,0.  ,0.  ,0.  ,0.03,0.53,0.99,0.73,0.05,0.  ,0.  ,0.  ,0.  ,0.  ,
 0.  ,0.  ,0.  ,0.  ,0.  ,0.  ,0.33,0.99,0.87,0.  ,0.  ,0.  ,0.  ,0.  ,
 0.  ,0.  ,0.  ,0.03,0.51,0.99,0.88,0.28,0.  ,0.  ,0.  ,0.  ,0.  ,0.  ,
 0.  ,0.  ,0.  ,0.  ,0.  ,0.  ,0.33,0.99,0.57,0.  ,0.  ,0.  ,0.  ,0.  ,
 0.  ,0.  ,0.19,0.65,0.99,0.68,0.  ,0.  ,0.  ,0.  ,0.  ,0.  ,0.  ,0.  ,
 0.  ,0.  ,0.  ,0.  ,0.  ,0.  ,0.34,0.99,0.88,0.  ,0.  ,0.  ,0.  ,0.  ,
 0.  ,0.45,0.93,0.99,0.64,0.  ,0.  ,0.  ,0.  ,0.  ,0.  ,0.  ,0.  ,0.  ,
 0.  ,0.  ,0.  ,0.  ,0.  ,0.  ,0.33,0.99,0.98,0.57,0.19,0.11,0.33,0.7 ,
 0.88,0.99,0.87,0.65,0.22,0.  ,0.  ,0.  ,0.  ,0.  ,0.  ,0.  ,0.  ,0.  ,
 0.  ,0.  ,0.  ,0.  ,0.  ,0.  ,0.33,0.99,0.99,0.99,0.9 ,0.84,0.99,0.99,
 0.99,0.77,0.51,0.  ,0.  ,0.  ,0.  ,0.  ,0.  ,0.  ,0.  ,0.  ,0.  ,0.  ,
 0.  ,0.  ,0.  ,0.  ,0.  ,0.  ,0.11,0.78,0.99,0.99,0.99,0.99,0.99,0.91,
 0.57,0.  ,0.  ,0.  ,0.  ,0.  ,0.  ,0.  ,0.  ,0.  ,0.  ,0.  ,0.  ,0.  ,
 0.  ,0.  ,0.  ,0.  ,0.  ,0.  ,0.  ,0.1 ,0.5 ,0.99,0.99,0.99,0.55,0.15,
 0.  ,0.  ,0.  ,0.  ,0.  ,0.  ,0.  ,0.  ,0.  ,0.  ,0.  ,0.  ,0.  ,0.  ,
 0.  ,0.  ,0.  ,0.  ,0.  ,0.  ,0.  ,0.  ,0.  ,0.  ,0.  ,0.  ,0.  ,0.  ,
 0.  ,0.  ,0.  ,0.  ,0.  ,0.  ,0.  ,0.  ,0.  ,0.  ,0.  ,0.  ,0.  ,0.  ,
 0.  ,0.  ,0.  ,0.  ,0.  ,0.  ,0.  ,0.  ,0.  ,0.  ,0.  ,0.  ,0.  ,0.  ,
 0.  ,0.  ,0.  ,0.  ,0.  ,0.  ,0.  ,0.  ,0.  ,0.  ,0.  ,0.  ,0.  ,0.  ,
 0.  ,0.  ,0.  ,0.  ,0.  ,0.  ,0.  ,0.  ,0.  ,0.  ,0.  ,0.  ,0.  ,0.  ,
 0.  ,0.  ,0.  ,0.  ,0.  ,0.  ,0.  ,0.  ,0.  ,0.  ,0.  ,0.  ,0.  ,0.  ,
 0.  ,0.  ,0.  ,0.  ,0.  ,0.  ,0.  ,0.  ,0.  ,0.  ,0.  ,0.  ,0.  ,0.  ,
 0.  ,0.  ,0.  ,0.  ,0.  ,0.  ,0.  ,0.  ,0.  ,0.  ,0.  ,0.  ,0.  ,0.  ]",0,"[[-1.3498e-02,-4.8979e-03, 3.8246e-04,...,-1.1013e-02, 1.8778e-05,
   6.3096e-03],
 [-3.5537e-03,-2.9871e-03,-1.3974e-02,...,-5.6679e-03,-8.3602e-04,
   3.3509e-03],
 [-9.8223e-03,-9.9293e-03, 7.9568e-03,...,-2.7545e-03,-1.1057e-03,
   2.5672e-03],
 ...,
 [-7.8604e-03, 8.0771e-03, 1.3596e-02,...,-1.0829e-03,-1.1537e-03,
   3.9063e-03],
 [-5.7794e-03, 6.6186e-03, 1.2320e-03,..., 2.1307e-03,-6.7002e-03,
   5.2298e-03],
 [-2.5870e-03, 1.2748e-02,-2.7763e-03,...,-8.5902e-03, 7.8897e-03,
  -3.5166e-03]]","[[-0.0642, 0.0992,-0.0195,-0.07  , 0.0554, 0.0274, 0.0059,-0.0028,-0.0242,
  -0.0072]]","[ 5.3968e+00,-2.7144e+00,-1.2498e+00, 1.3072e-01,-2.5968e+00, 1.5656e+00,
  6.5628e-01,-5.6304e-01,-1.9102e-03,-5.0451e-01]","[9.5478e-01,2.8658e-04,1.2398e-03,4.9305e-03,3.2236e-04,2.0703e-02,
 8.3394e-03,2.4637e-03,4.3180e-03,2.6122e-03]","[[0.,0.,0.,...,0.,0.,0.],
 [0.,0.,0.,...,0.,0.,0.],
 [0.,0.,0.,...,0.,0.,0.],
 ...,
 [0.,0.,0.,...,0.,0.,0.],
 [0.,0.,0.,...,0.,0.,0.],
 [0.,0.,0.,...,0.,0.,0.]]","[-0.0452, 0.0003, 0.0012, 0.0049, 0.0003, 0.0207, 0.0083, 0.0025, 0.0043,
  0.0026]","[[ 0.0031,-0.0057, 0.0002, 0.0044,-0.0039,-0.0023,-0.0001, 0.0003, 0.0023,
   0.0017]]"
76,"[0.  ,0.  ,0.  ,0.  ,0.  ,0.  ,0.  ,0.  ,0.  ,0.  ,0.  ,0.  ,0.  ,0.  ,
 0.  ,0.  ,0.  ,0.  ,0.  ,0.  ,0.  ,0.  ,0.  ,0.  ,0.  ,0.  ,0.  ,0.  ,
 0.  ,0.  ,0.  ,0.  ,0.  ,0.  ,0.  ,0.  ,0.  ,0.  ,0.  ,0.  ,0.  ,0.  ,
 0.  ,0.  ,0.  ,0.  ,0.  ,0.  ,0.  ,0.  ,0.  ,0.  ,0.  ,0.  ,0.  ,0.  ,
 0.  ,0.  ,0.  ,0.  ,0.  ,0.  ,0.  ,0.  ,0.  ,0.  ,0.  ,0.  ,0.  ,0.  ,
 0.  ,0.  ,0.  ,0.  ,0.  ,0.  ,0.  ,0.  ,0.  ,0.  ,0.  ,0.  ,0.  ,0.  ,
 0.  ,0.  ,0.  ,0.  ,0.  ,0.  ,0.  ,0.  ,0.  ,0.  ,0.  ,0.  ,0.  ,0.  ,
 0.  ,0.  ,0.  ,0.  ,0.  ,0.  ,0.  ,0.  ,0.  ,0.  ,0.  ,0.  ,0.  ,0.  ,
 0.  ,0.  ,0.  ,0.  ,0.  ,0.  ,0.  ,0.  ,0.  ,0.  ,0.  ,0.  ,0.  ,0.  ,
 0.  ,0.2 ,0.62,0.99,0.62,0.2 ,0.  ,0.  ,0.  ,0.  ,0.  ,0.  ,0.  ,0.  ,
 0.  ,0.  ,0.  ,0.  ,0.  ,0.  ,0.  ,0.  ,0.  ,0.  ,0.  ,0.  ,0.  ,0.  ,
 0.19,0.93,0.99,0.99,0.99,0.93,0.  ,0.  ,0.  ,0.  ,0.  ,0.  ,0.  ,0.  ,
 0.  ,0.  ,0.  ,0.  ,0.  ,0.  ,0.  ,0.  ,0.  ,0.  ,0.  ,0.  ,0.  ,0.21,
 0.89,0.99,0.99,0.94,0.91,0.99,0.22,0.02,0.  ,0.  ,0.  ,0.  ,0.  ,0.  ,
 0.  ,0.  ,0.  ,0.  ,0.  ,0.  ,0.  ,0.  ,0.  ,0.  ,0.  ,0.04,0.24,0.88,
 0.99,0.99,0.99,0.79,0.33,0.99,0.99,0.48,0.  ,0.  ,0.  ,0.  ,0.  ,0.  ,
 0.  ,0.  ,0.  ,0.  ,0.  ,0.  ,0.  ,0.  ,0.  ,0.  ,0.  ,0.64,0.99,0.99,
 0.99,0.99,0.99,0.99,0.38,0.74,0.99,0.65,0.  ,0.  ,0.  ,0.  ,0.  ,0.  ,
 0.  ,0.  ,0.  ,0.  ,0.  ,0.  ,0.  ,0.  ,0.  ,0.  ,0.2 ,0.93,0.99,0.99,
 0.75,0.45,0.99,0.89,0.18,0.31,1.  ,0.66,0.  ,0.  ,0.  ,0.  ,0.  ,0.  ,
 0.  ,0.  ,0.  ,0.  ,0.  ,0.  ,0.  ,0.  ,0.  ,0.19,0.93,0.99,0.99,0.7 ,
 0.05,0.29,0.47,0.08,0.  ,0.  ,0.99,0.95,0.2 ,0.  ,0.  ,0.  ,0.  ,0.  ,
 0.  ,0.  ,0.  ,0.  ,0.  ,0.  ,0.  ,0.  ,0.15,0.65,0.99,0.91,0.82,0.33,
 0.  ,0.  ,0.  ,0.  ,0.  ,0.  ,0.99,0.99,0.65,0.  ,0.  ,0.  ,0.  ,0.  ,
 0.  ,0.  ,0.  ,0.  ,0.  ,0.  ,0.  ,0.03,0.7 ,0.99,0.94,0.28,0.07,0.11,
 0.  ,0.  ,0.  ,0.  ,0.  ,0.  ,0.99,0.99,0.76,0.  ,0.  ,0.  ,0.  ,0.  ,
 0.  ,0.  ,0.  ,0.  ,0.  ,0.  ,0.  ,0.22,0.99,0.99,0.25,0.  ,0.  ,0.  ,
 0.  ,0.  ,0.  ,0.  ,0.  ,0.  ,0.99,0.99,0.76,0.  ,0.  ,0.  ,0.  ,0.  ,
 0.  ,0.  ,0.  ,0.  ,0.  ,0.  ,0.  ,0.78,0.99,0.75,0.  ,0.  ,0.  ,0.  ,
 0.  ,0.  ,0.  ,0.  ,0.  ,0.  ,1.  ,0.99,0.77,0.  ,0.  ,0.  ,0.  ,0.  ,
 0.  ,0.  ,0.  ,0.  ,0.  ,0.  ,0.3 ,0.96,0.99,0.44,0.  ,0.  ,0.  ,0.  ,
 0.  ,0.  ,0.  ,0.  ,0.  ,0.  ,0.99,0.99,0.58,0.  ,0.  ,0.  ,0.  ,0.  ,
 0.  ,0.  ,0.  ,0.  ,0.  ,0.  ,0.33,0.99,0.9 ,0.1 ,0.  ,0.  ,0.  ,0.  ,
 0.  ,0.  ,0.  ,0.  ,0.03,0.53,0.99,0.73,0.05,0.  ,0.  ,0.  ,0.  ,0.  ,
 0.  ,0.  ,0.  ,0.  ,0.  ,0.  ,0.33,0.99,0.87,0.  ,0.  ,0.  ,0.  ,0.  ,
 0.  ,0.  ,0.  ,0.03,0.51,0.99,0.88,0.28,0.  ,0.  ,0.  ,0.  ,0.  ,0.  ,
 0.  ,0.  ,0.  ,0.  ,0.  ,0.  ,0.33,0.99,0.57,0.  ,0.  ,0.  ,0.  ,0.  ,
 0.  ,0.  ,0.19,0.65,0.99,0.68,0.  ,0.  ,0.  ,0.  ,0.  ,0.  ,0.  ,0.  ,
 0.  ,0.  ,0.  ,0.  ,0.  ,0.  ,0.34,0.99,0.88,0.  ,0.  ,0.  ,0.  ,0.  ,
 0.  ,0.45,0.93,0.99,0.64,0.  ,0.  ,0.  ,0.  ,0.  ,0.  ,0.  ,0.  ,0.  ,
 0.  ,0.  ,0.  ,0.  ,0.  ,0.  ,0.33,0.99,0.98,0.57,0.19,0.11,0.33,0.7 ,
 0.88,0.99,0.87,0.65,0.22,0.  ,0.  ,0.  ,0.  ,0.  ,0.  ,0.  ,0.  ,0.  ,
 0.  ,0.  ,0.  ,0.  ,0.  ,0.  ,0.33,0.99,0.99,0.99,0.9 ,0.84,0.99,0.99,
 0.99,0.77,0.51,0.  ,0.  ,0.  ,0.  ,0.  ,0.  ,0.  ,0.  ,0.  ,0.  ,0.  ,
 0.  ,0.  ,0.  ,0.  ,0.  ,0.  ,0.11,0.78,0.99,0.99,0.99,0.99,0.99,0.91,
 0.57,0.  ,0.  ,0.  ,0.  ,0.  ,0.  ,0.  ,0.  ,0.  ,0.  ,0.  ,0.  ,0.  ,
 0.  ,0.  ,0.  ,0.  ,0.  ,0.  ,0.  ,0.1 ,0.5 ,0.99,0.99,0.99,0.55,0.15,
 0.  ,0.  ,0.  ,0.  ,0.  ,0.  ,0.  ,0.  ,0.  ,0.  ,0.  ,0.  ,0.  ,0.  ,
 0.  ,0.  ,0.  ,0.  ,0.  ,0.  ,0.  ,0.  ,0.  ,0.  ,0.  ,0.  ,0.  ,0.  ,
 0.  ,0.  ,0.  ,0.  ,0.  ,0.  ,0.  ,0.  ,0.  ,0.  ,0.  ,0.  ,0.  ,0.  ,
 0.  ,0.  ,0.  ,0.  ,0.  ,0.  ,0.  ,0.  ,0.  ,0.  ,0.  ,0.  ,0.  ,0.  ,
 0.  ,0.  ,0.  ,0.  ,0.  ,0.  ,0.  ,0.  ,0.  ,0.  ,0.  ,0.  ,0.  ,0.  ,
 0.  ,0.  ,0.  ,0.  ,0.  ,0.  ,0.  ,0.  ,0.  ,0.  ,0.  ,0.  ,0.  ,0.  ,
 0.  ,0.  ,0.  ,0.  ,0.  ,0.  ,0.  ,0.  ,0.  ,0.  ,0.  ,0.  ,0.  ,0.  ,
 0.  ,0.  ,0.  ,0.  ,0.  ,0.  ,0.  ,0.  ,0.  ,0.  ,0.  ,0.  ,0.  ,0.  ,
 0.  ,0.  ,0.  ,0.  ,0.  ,0.  ,0.  ,0.  ,0.  ,0.  ,0.  ,0.  ,0.  ,0.  ]",0,"[[-1.3498e-02,-4.8979e-03, 3.8246e-04,...,-1.1013e-02, 1.8778e-05,
   6.3096e-03],
 [-3.5537e-03,-2.9871e-03,-1.3974e-02,...,-5.6679e-03,-8.3602e-04,
   3.3509e-03],
 [-9.8223e-03,-9.9293e-03, 7.9568e-03,...,-2.7545e-03,-1.1057e-03,
   2.5672e-03],
 ...,
 [-7.8604e-03, 8.0771e-03, 1.3596e-02,...,-1.0829e-03,-1.1537e-03,
   3.9063e-03],
 [-5.7794e-03, 6.6186e-03, 1.2320e-03,..., 2.1307e-03,-6.7002e-03,
   5.2298e-03],
 [-2.5870e-03, 1.2748e-02,-2.7763e-03,...,-8.5902e-03, 7.8897e-03,
  -3.5166e-03]]","[[-0.0645, 0.0998,-0.0196,-0.0704, 0.0558, 0.0276, 0.0059,-0.0029,-0.0244,
  -0.0074]]","[ 5.4187e+00,-2.7284e+00,-1.2571e+00, 1.3387e-01,-2.6098e+00, 1.5728e+00,
  6.6224e-01,-5.6494e-01,-1.6700e-03,-5.0693e-01]","[9.5554e-01,2.7672e-04,1.2051e-03,4.8428e-03,3.1155e-04,2.0419e-02,
 8.2141e-03,2.4077e-03,4.2289e-03,2.5515e-03]","[[0.,0.,0.,...,0.,0.,0.],
 [0.,0.,0.,...,0.,0.,0.],
 [0.,0.,0.,...,0.,0.,0.],
 ...,
 [0.,0.,0.,...,0.,0.,0.],
 [0.,0.,0.,...,0.,0.,0.],
 [0.,0.,0.,...,0.,0.,0.]]","[-0.0445, 0.0003, 0.0012, 0.0048, 0.0003, 0.0204, 0.0082, 0.0024, 0.0042,
  0.0026]","[[ 3.0082e-03,-5.6432e-03, 2.1921e-04, 4.3906e-03,-3.8952e-03,-2.2725e-03,
  -9.3636e-05, 3.3540e-04, 2.2503e-03, 1.7007e-03]]"
77,"[0.  ,0.  ,0.  ,0.  ,0.  ,0.  ,0.  ,0.  ,0.  ,0.  ,0.  ,0.  ,0.  ,0.  ,
 0.  ,0.  ,0.  ,0.  ,0.  ,0.  ,0.  ,0.  ,0.  ,0.  ,0.  ,0.  ,0.  ,0.  ,
 0.  ,0.  ,0.  ,0.  ,0.  ,0.  ,0.  ,0.  ,0.  ,0.  ,0.  ,0.  ,0.  ,0.  ,
 0.  ,0.  ,0.  ,0.  ,0.  ,0.  ,0.  ,0.  ,0.  ,0.  ,0.  ,0.  ,0.  ,0.  ,
 0.  ,0.  ,0.  ,0.  ,0.  ,0.  ,0.  ,0.  ,0.  ,0.  ,0.  ,0.  ,0.  ,0.  ,
 0.  ,0.  ,0.  ,0.  ,0.  ,0.  ,0.  ,0.  ,0.  ,0.  ,0.  ,0.  ,0.  ,0.  ,
 0.  ,0.  ,0.  ,0.  ,0.  ,0.  ,0.  ,0.  ,0.  ,0.  ,0.  ,0.  ,0.  ,0.  ,
 0.  ,0.  ,0.  ,0.  ,0.  ,0.  ,0.  ,0.  ,0.  ,0.  ,0.  ,0.  ,0.  ,0.  ,
 0.  ,0.  ,0.  ,0.  ,0.  ,0.  ,0.  ,0.  ,0.  ,0.  ,0.  ,0.  ,0.  ,0.  ,
 0.  ,0.2 ,0.62,0.99,0.62,0.2 ,0.  ,0.  ,0.  ,0.  ,0.  ,0.  ,0.  ,0.  ,
 0.  ,0.  ,0.  ,0.  ,0.  ,0.  ,0.  ,0.  ,0.  ,0.  ,0.  ,0.  ,0.  ,0.  ,
 0.19,0.93,0.99,0.99,0.99,0.93,0.  ,0.  ,0.  ,0.  ,0.  ,0.  ,0.  ,0.  ,
 0.  ,0.  ,0.  ,0.  ,0.  ,0.  ,0.  ,0.  ,0.  ,0.  ,0.  ,0.  ,0.  ,0.21,
 0.89,0.99,0.99,0.94,0.91,0.99,0.22,0.02,0.  ,0.  ,0.  ,0.  ,0.  ,0.  ,
 0.  ,0.  ,0.  ,0.  ,0.  ,0.  ,0.  ,0.  ,0.  ,0.  ,0.  ,0.04,0.24,0.88,
 0.99,0.99,0.99,0.79,0.33,0.99,0.99,0.48,0.  ,0.  ,0.  ,0.  ,0.  ,0.  ,
 0.  ,0.  ,0.  ,0.  ,0.  ,0.  ,0.  ,0.  ,0.  ,0.  ,0.  ,0.64,0.99,0.99,
 0.99,0.99,0.99,0.99,0.38,0.74,0.99,0.65,0.  ,0.  ,0.  ,0.  ,0.  ,0.  ,
 0.  ,0.  ,0.  ,0.  ,0.  ,0.  ,0.  ,0.  ,0.  ,0.  ,0.2 ,0.93,0.99,0.99,
 0.75,0.45,0.99,0.89,0.18,0.31,1.  ,0.66,0.  ,0.  ,0.  ,0.  ,0.  ,0.  ,
 0.  ,0.  ,0.  ,0.  ,0.  ,0.  ,0.  ,0.  ,0.  ,0.19,0.93,0.99,0.99,0.7 ,
 0.05,0.29,0.47,0.08,0.  ,0.  ,0.99,0.95,0.2 ,0.  ,0.  ,0.  ,0.  ,0.  ,
 0.  ,0.  ,0.  ,0.  ,0.  ,0.  ,0.  ,0.  ,0.15,0.65,0.99,0.91,0.82,0.33,
 0.  ,0.  ,0.  ,0.  ,0.  ,0.  ,0.99,0.99,0.65,0.  ,0.  ,0.  ,0.  ,0.  ,
 0.  ,0.  ,0.  ,0.  ,0.  ,0.  ,0.  ,0.03,0.7 ,0.99,0.94,0.28,0.07,0.11,
 0.  ,0.  ,0.  ,0.  ,0.  ,0.  ,0.99,0.99,0.76,0.  ,0.  ,0.  ,0.  ,0.  ,
 0.  ,0.  ,0.  ,0.  ,0.  ,0.  ,0.  ,0.22,0.99,0.99,0.25,0.  ,0.  ,0.  ,
 0.  ,0.  ,0.  ,0.  ,0.  ,0.  ,0.99,0.99,0.76,0.  ,0.  ,0.  ,0.  ,0.  ,
 0.  ,0.  ,0.  ,0.  ,0.  ,0.  ,0.  ,0.78,0.99,0.75,0.  ,0.  ,0.  ,0.  ,
 0.  ,0.  ,0.  ,0.  ,0.  ,0.  ,1.  ,0.99,0.77,0.  ,0.  ,0.  ,0.  ,0.  ,
 0.  ,0.  ,0.  ,0.  ,0.  ,0.  ,0.3 ,0.96,0.99,0.44,0.  ,0.  ,0.  ,0.  ,
 0.  ,0.  ,0.  ,0.  ,0.  ,0.  ,0.99,0.99,0.58,0.  ,0.  ,0.  ,0.  ,0.  ,
 0.  ,0.  ,0.  ,0.  ,0.  ,0.  ,0.33,0.99,0.9 ,0.1 ,0.  ,0.  ,0.  ,0.  ,
 0.  ,0.  ,0.  ,0.  ,0.03,0.53,0.99,0.73,0.05,0.  ,0.  ,0.  ,0.  ,0.  ,
 0.  ,0.  ,0.  ,0.  ,0.  ,0.  ,0.33,0.99,0.87,0.  ,0.  ,0.  ,0.  ,0.  ,
 0.  ,0.  ,0.  ,0.03,0.51,0.99,0.88,0.28,0.  ,0.  ,0.  ,0.  ,0.  ,0.  ,
 0.  ,0.  ,0.  ,0.  ,0.  ,0.  ,0.33,0.99,0.57,0.  ,0.  ,0.  ,0.  ,0.  ,
 0.  ,0.  ,0.19,0.65,0.99,0.68,0.  ,0.  ,0.  ,0.  ,0.  ,0.  ,0.  ,0.  ,
 0.  ,0.  ,0.  ,0.  ,0.  ,0.  ,0.34,0.99,0.88,0.  ,0.  ,0.  ,0.  ,0.  ,
 0.  ,0.45,0.93,0.99,0.64,0.  ,0.  ,0.  ,0.  ,0.  ,0.  ,0.  ,0.  ,0.  ,
 0.  ,0.  ,0.  ,0.  ,0.  ,0.  ,0.33,0.99,0.98,0.57,0.19,0.11,0.33,0.7 ,
 0.88,0.99,0.87,0.65,0.22,0.  ,0.  ,0.  ,0.  ,0.  ,0.  ,0.  ,0.  ,0.  ,
 0.  ,0.  ,0.  ,0.  ,0.  ,0.  ,0.33,0.99,0.99,0.99,0.9 ,0.84,0.99,0.99,
 0.99,0.77,0.51,0.  ,0.  ,0.  ,0.  ,0.  ,0.  ,0.  ,0.  ,0.  ,0.  ,0.  ,
 0.  ,0.  ,0.  ,0.  ,0.  ,0.  ,0.11,0.78,0.99,0.99,0.99,0.99,0.99,0.91,
 0.57,0.  ,0.  ,0.  ,0.  ,0.  ,0.  ,0.  ,0.  ,0.  ,0.  ,0.  ,0.  ,0.  ,
 0.  ,0.  ,0.  ,0.  ,0.  ,0.  ,0.  ,0.1 ,0.5 ,0.99,0.99,0.99,0.55,0.15,
 0.  ,0.  ,0.  ,0.  ,0.  ,0.  ,0.  ,0.  ,0.  ,0.  ,0.  ,0.  ,0.  ,0.  ,
 0.  ,0.  ,0.  ,0.  ,0.  ,0.  ,0.  ,0.  ,0.  ,0.  ,0.  ,0.  ,0.  ,0.  ,
 0.  ,0.  ,0.  ,0.  ,0.  ,0.  ,0.  ,0.  ,0.  ,0.  ,0.  ,0.  ,0.  ,0.  ,
 0.  ,0.  ,0.  ,0.  ,0.  ,0.  ,0.  ,0.  ,0.  ,0.  ,0.  ,0.  ,0.  ,0.  ,
 0.  ,0.  ,0.  ,0.  ,0.  ,0.  ,0.  ,0.  ,0.  ,0.  ,0.  ,0.  ,0.  ,0.  ,
 0.  ,0.  ,0.  ,0.  ,0.  ,0.  ,0.  ,0.  ,0.  ,0.  ,0.  ,0.  ,0.  ,0.  ,
 0.  ,0.  ,0.  ,0.  ,0.  ,0.  ,0.  ,0.  ,0.  ,0.  ,0.  ,0.  ,0.  ,0.  ,
 0.  ,0.  ,0.  ,0.  ,0.  ,0.  ,0.  ,0.  ,0.  ,0.  ,0.  ,0.  ,0.  ,0.  ,
 0.  ,0.  ,0.  ,0.  ,0.  ,0.  ,0.  ,0.  ,0.  ,0.  ,0.  ,0.  ,0.  ,0.  ]",0,"[[-1.3498e-02,-4.8979e-03, 3.8246e-04,...,-1.1013e-02, 1.8778e-05,
   6.3096e-03],
 [-3.5537e-03,-2.9871e-03,-1.3974e-02,...,-5.6679e-03,-8.3602e-04,
   3.3509e-03],
 [-9.8223e-03,-9.9293e-03, 7.9568e-03,...,-2.7545e-03,-1.1057e-03,
   2.5672e-03],
 ...,
 [-7.8604e-03, 8.0771e-03, 1.3596e-02,...,-1.0829e-03,-1.1537e-03,
   3.9063e-03],
 [-5.7794e-03, 6.6186e-03, 1.2320e-03,..., 2.1307e-03,-6.7002e-03,
   5.2298e-03],
 [-2.5870e-03, 1.2748e-02,-2.7763e-03,...,-8.5902e-03, 7.8897e-03,
  -3.5166e-03]]","[[-0.0648, 0.1004,-0.0196,-0.0709, 0.0562, 0.0278, 0.006 ,-0.0029,-0.0246,
  -0.0076]]","[ 5.4403e+00,-2.7421e+00,-1.2643e+00, 1.3700e-01,-2.6227e+00, 1.5800e+00,
  6.6815e-01,-5.6680e-01,-1.4568e-03,-5.0932e-01]","[9.5628e-01,2.6733e-04,1.1718e-03,4.7578e-03,3.0123e-04,2.0142e-02,
 8.0925e-03,2.3537e-03,4.1426e-03,2.4930e-03]","[[0.,0.,0.,...,0.,0.,0.],
 [0.,0.,0.,...,0.,0.,0.],
 [0.,0.,0.,...,0.,0.,0.],
 ...,
 [0.,0.,0.,...,0.,0.,0.],
 [0.,0.,0.,...,0.,0.,0.],
 [0.,0.,0.,...,0.,0.,0.]]","[-0.0437, 0.0003, 0.0012, 0.0048, 0.0003, 0.0201, 0.0081, 0.0024, 0.0041,
  0.0025]","[[ 2.9674e-03,-5.5779e-03, 2.0733e-04, 4.3389e-03,-3.8538e-03,-2.2512e-03,
  -8.1711e-05, 3.2892e-04, 2.2299e-03, 1.6922e-03]]"
78,"[0.  ,0.  ,0.  ,0.  ,0.  ,0.  ,0.  ,0.  ,0.  ,0.  ,0.  ,0.  ,0.  ,0.  ,
 0.  ,0.  ,0.  ,0.  ,0.  ,0.  ,0.  ,0.  ,0.  ,0.  ,0.  ,0.  ,0.  ,0.  ,
 0.  ,0.  ,0.  ,0.  ,0.  ,0.  ,0.  ,0.  ,0.  ,0.  ,0.  ,0.  ,0.  ,0.  ,
 0.  ,0.  ,0.  ,0.  ,0.  ,0.  ,0.  ,0.  ,0.  ,0.  ,0.  ,0.  ,0.  ,0.  ,
 0.  ,0.  ,0.  ,0.  ,0.  ,0.  ,0.  ,0.  ,0.  ,0.  ,0.  ,0.  ,0.  ,0.  ,
 0.  ,0.  ,0.  ,0.  ,0.  ,0.  ,0.  ,0.  ,0.  ,0.  ,0.  ,0.  ,0.  ,0.  ,
 0.  ,0.  ,0.  ,0.  ,0.  ,0.  ,0.  ,0.  ,0.  ,0.  ,0.  ,0.  ,0.  ,0.  ,
 0.  ,0.  ,0.  ,0.  ,0.  ,0.  ,0.  ,0.  ,0.  ,0.  ,0.  ,0.  ,0.  ,0.  ,
 0.  ,0.  ,0.  ,0.  ,0.  ,0.  ,0.  ,0.  ,0.  ,0.  ,0.  ,0.  ,0.  ,0.  ,
 0.  ,0.2 ,0.62,0.99,0.62,0.2 ,0.  ,0.  ,0.  ,0.  ,0.  ,0.  ,0.  ,0.  ,
 0.  ,0.  ,0.  ,0.  ,0.  ,0.  ,0.  ,0.  ,0.  ,0.  ,0.  ,0.  ,0.  ,0.  ,
 0.19,0.93,0.99,0.99,0.99,0.93,0.  ,0.  ,0.  ,0.  ,0.  ,0.  ,0.  ,0.  ,
 0.  ,0.  ,0.  ,0.  ,0.  ,0.  ,0.  ,0.  ,0.  ,0.  ,0.  ,0.  ,0.  ,0.21,
 0.89,0.99,0.99,0.94,0.91,0.99,0.22,0.02,0.  ,0.  ,0.  ,0.  ,0.  ,0.  ,
 0.  ,0.  ,0.  ,0.  ,0.  ,0.  ,0.  ,0.  ,0.  ,0.  ,0.  ,0.04,0.24,0.88,
 0.99,0.99,0.99,0.79,0.33,0.99,0.99,0.48,0.  ,0.  ,0.  ,0.  ,0.  ,0.  ,
 0.  ,0.  ,0.  ,0.  ,0.  ,0.  ,0.  ,0.  ,0.  ,0.  ,0.  ,0.64,0.99,0.99,
 0.99,0.99,0.99,0.99,0.38,0.74,0.99,0.65,0.  ,0.  ,0.  ,0.  ,0.  ,0.  ,
 0.  ,0.  ,0.  ,0.  ,0.  ,0.  ,0.  ,0.  ,0.  ,0.  ,0.2 ,0.93,0.99,0.99,
 0.75,0.45,0.99,0.89,0.18,0.31,1.  ,0.66,0.  ,0.  ,0.  ,0.  ,0.  ,0.  ,
 0.  ,0.  ,0.  ,0.  ,0.  ,0.  ,0.  ,0.  ,0.  ,0.19,0.93,0.99,0.99,0.7 ,
 0.05,0.29,0.47,0.08,0.  ,0.  ,0.99,0.95,0.2 ,0.  ,0.  ,0.  ,0.  ,0.  ,
 0.  ,0.  ,0.  ,0.  ,0.  ,0.  ,0.  ,0.  ,0.15,0.65,0.99,0.91,0.82,0.33,
 0.  ,0.  ,0.  ,0.  ,0.  ,0.  ,0.99,0.99,0.65,0.  ,0.  ,0.  ,0.  ,0.  ,
 0.  ,0.  ,0.  ,0.  ,0.  ,0.  ,0.  ,0.03,0.7 ,0.99,0.94,0.28,0.07,0.11,
 0.  ,0.  ,0.  ,0.  ,0.  ,0.  ,0.99,0.99,0.76,0.  ,0.  ,0.  ,0.  ,0.  ,
 0.  ,0.  ,0.  ,0.  ,0.  ,0.  ,0.  ,0.22,0.99,0.99,0.25,0.  ,0.  ,0.  ,
 0.  ,0.  ,0.  ,0.  ,0.  ,0.  ,0.99,0.99,0.76,0.  ,0.  ,0.  ,0.  ,0.  ,
 0.  ,0.  ,0.  ,0.  ,0.  ,0.  ,0.  ,0.78,0.99,0.75,0.  ,0.  ,0.  ,0.  ,
 0.  ,0.  ,0.  ,0.  ,0.  ,0.  ,1.  ,0.99,0.77,0.  ,0.  ,0.  ,0.  ,0.  ,
 0.  ,0.  ,0.  ,0.  ,0.  ,0.  ,0.3 ,0.96,0.99,0.44,0.  ,0.  ,0.  ,0.  ,
 0.  ,0.  ,0.  ,0.  ,0.  ,0.  ,0.99,0.99,0.58,0.  ,0.  ,0.  ,0.  ,0.  ,
 0.  ,0.  ,0.  ,0.  ,0.  ,0.  ,0.33,0.99,0.9 ,0.1 ,0.  ,0.  ,0.  ,0.  ,
 0.  ,0.  ,0.  ,0.  ,0.03,0.53,0.99,0.73,0.05,0.  ,0.  ,0.  ,0.  ,0.  ,
 0.  ,0.  ,0.  ,0.  ,0.  ,0.  ,0.33,0.99,0.87,0.  ,0.  ,0.  ,0.  ,0.  ,
 0.  ,0.  ,0.  ,0.03,0.51,0.99,0.88,0.28,0.  ,0.  ,0.  ,0.  ,0.  ,0.  ,
 0.  ,0.  ,0.  ,0.  ,0.  ,0.  ,0.33,0.99,0.57,0.  ,0.  ,0.  ,0.  ,0.  ,
 0.  ,0.  ,0.19,0.65,0.99,0.68,0.  ,0.  ,0.  ,0.  ,0.  ,0.  ,0.  ,0.  ,
 0.  ,0.  ,0.  ,0.  ,0.  ,0.  ,0.34,0.99,0.88,0.  ,0.  ,0.  ,0.  ,0.  ,
 0.  ,0.45,0.93,0.99,0.64,0.  ,0.  ,0.  ,0.  ,0.  ,0.  ,0.  ,0.  ,0.  ,
 0.  ,0.  ,0.  ,0.  ,0.  ,0.  ,0.33,0.99,0.98,0.57,0.19,0.11,0.33,0.7 ,
 0.88,0.99,0.87,0.65,0.22,0.  ,0.  ,0.  ,0.  ,0.  ,0.  ,0.  ,0.  ,0.  ,
 0.  ,0.  ,0.  ,0.  ,0.  ,0.  ,0.33,0.99,0.99,0.99,0.9 ,0.84,0.99,0.99,
 0.99,0.77,0.51,0.  ,0.  ,0.  ,0.  ,0.  ,0.  ,0.  ,0.  ,0.  ,0.  ,0.  ,
 0.  ,0.  ,0.  ,0.  ,0.  ,0.  ,0.11,0.78,0.99,0.99,0.99,0.99,0.99,0.91,
 0.57,0.  ,0.  ,0.  ,0.  ,0.  ,0.  ,0.  ,0.  ,0.  ,0.  ,0.  ,0.  ,0.  ,
 0.  ,0.  ,0.  ,0.  ,0.  ,0.  ,0.  ,0.1 ,0.5 ,0.99,0.99,0.99,0.55,0.15,
 0.  ,0.  ,0.  ,0.  ,0.  ,0.  ,0.  ,0.  ,0.  ,0.  ,0.  ,0.  ,0.  ,0.  ,
 0.  ,0.  ,0.  ,0.  ,0.  ,0.  ,0.  ,0.  ,0.  ,0.  ,0.  ,0.  ,0.  ,0.  ,
 0.  ,0.  ,0.  ,0.  ,0.  ,0.  ,0.  ,0.  ,0.  ,0.  ,0.  ,0.  ,0.  ,0.  ,
 0.  ,0.  ,0.  ,0.  ,0.  ,0.  ,0.  ,0.  ,0.  ,0.  ,0.  ,0.  ,0.  ,0.  ,
 0.  ,0.  ,0.  ,0.  ,0.  ,0.  ,0.  ,0.  ,0.  ,0.  ,0.  ,0.  ,0.  ,0.  ,
 0.  ,0.  ,0.  ,0.  ,0.  ,0.  ,0.  ,0.  ,0.  ,0.  ,0.  ,0.  ,0.  ,0.  ,
 0.  ,0.  ,0.  ,0.  ,0.  ,0.  ,0.  ,0.  ,0.  ,0.  ,0.  ,0.  ,0.  ,0.  ,
 0.  ,0.  ,0.  ,0.  ,0.  ,0.  ,0.  ,0.  ,0.  ,0.  ,0.  ,0.  ,0.  ,0.  ,
 0.  ,0.  ,0.  ,0.  ,0.  ,0.  ,0.  ,0.  ,0.  ,0.  ,0.  ,0.  ,0.  ,0.  ]",0,"[[-1.3498e-02,-4.8979e-03, 3.8246e-04,...,-1.1013e-02, 1.8778e-05,
   6.3096e-03],
 [-3.5537e-03,-2.9871e-03,-1.3974e-02,...,-5.6679e-03,-8.3602e-04,
   3.3509e-03],
 [-9.8223e-03,-9.9293e-03, 7.9568e-03,...,-2.7545e-03,-1.1057e-03,
   2.5672e-03],
 ...,
 [-7.8604e-03, 8.0771e-03, 1.3596e-02,...,-1.0829e-03,-1.1537e-03,
   3.9063e-03],
 [-5.7794e-03, 6.6186e-03, 1.2320e-03,..., 2.1307e-03,-6.7002e-03,
   5.2298e-03],
 [-2.5870e-03, 1.2748e-02,-2.7763e-03,...,-8.5902e-03, 7.8897e-03,
  -3.5166e-03]]","[[-0.0651, 0.1009,-0.0196,-0.0713, 0.0566, 0.028 , 0.006 ,-0.0029,-0.0249,
  -0.0077]]","[ 5.4616e+00,-2.7556e+00,-1.2714e+00, 1.4011e-01,-2.6354e+00, 1.5871e+00,
  6.7400e-01,-5.6862e-01,-1.2695e-03,-5.1168e-01]","[9.5699e-01,2.5837e-04,1.1398e-03,4.6755e-03,2.9138e-04,1.9872e-02,
 7.9744e-03,2.3016e-03,4.0591e-03,2.4365e-03]","[[0.,0.,0.,...,0.,0.,0.],
 [0.,0.,0.,...,0.,0.,0.],
 [0.,0.,0.,...,0.,0.,0.],
 ...,
 [0.,0.,0.,...,0.,0.,0.],
 [0.,0.,0.,...,0.,0.,0.],
 [0.,0.,0.,...,0.,0.,0.]]","[-0.043 , 0.0003, 0.0011, 0.0047, 0.0003, 0.0199, 0.008 , 0.0023, 0.0041,
  0.0024]","[[ 2.9275e-03,-5.5144e-03, 1.9604e-04, 4.2883e-03,-3.8132e-03,-2.2302e-03,
  -7.0190e-05, 3.2259e-04, 2.2099e-03, 1.6836e-03]]"
79,"[0.  ,0.  ,0.  ,0.  ,0.  ,0.  ,0.  ,0.  ,0.  ,0.  ,0.  ,0.  ,0.  ,0.  ,
 0.  ,0.  ,0.  ,0.  ,0.  ,0.  ,0.  ,0.  ,0.  ,0.  ,0.  ,0.  ,0.  ,0.  ,
 0.  ,0.  ,0.  ,0.  ,0.  ,0.  ,0.  ,0.  ,0.  ,0.  ,0.  ,0.  ,0.  ,0.  ,
 0.  ,0.  ,0.  ,0.  ,0.  ,0.  ,0.  ,0.  ,0.  ,0.  ,0.  ,0.  ,0.  ,0.  ,
 0.  ,0.  ,0.  ,0.  ,0.  ,0.  ,0.  ,0.  ,0.  ,0.  ,0.  ,0.  ,0.  ,0.  ,
 0.  ,0.  ,0.  ,0.  ,0.  ,0.  ,0.  ,0.  ,0.  ,0.  ,0.  ,0.  ,0.  ,0.  ,
 0.  ,0.  ,0.  ,0.  ,0.  ,0.  ,0.  ,0.  ,0.  ,0.  ,0.  ,0.  ,0.  ,0.  ,
 0.  ,0.  ,0.  ,0.  ,0.  ,0.  ,0.  ,0.  ,0.  ,0.  ,0.  ,0.  ,0.  ,0.  ,
 0.  ,0.  ,0.  ,0.  ,0.  ,0.  ,0.  ,0.  ,0.  ,0.  ,0.  ,0.  ,0.  ,0.  ,
 0.  ,0.2 ,0.62,0.99,0.62,0.2 ,0.  ,0.  ,0.  ,0.  ,0.  ,0.  ,0.  ,0.  ,
 0.  ,0.  ,0.  ,0.  ,0.  ,0.  ,0.  ,0.  ,0.  ,0.  ,0.  ,0.  ,0.  ,0.  ,
 0.19,0.93,0.99,0.99,0.99,0.93,0.  ,0.  ,0.  ,0.  ,0.  ,0.  ,0.  ,0.  ,
 0.  ,0.  ,0.  ,0.  ,0.  ,0.  ,0.  ,0.  ,0.  ,0.  ,0.  ,0.  ,0.  ,0.21,
 0.89,0.99,0.99,0.94,0.91,0.99,0.22,0.02,0.  ,0.  ,0.  ,0.  ,0.  ,0.  ,
 0.  ,0.  ,0.  ,0.  ,0.  ,0.  ,0.  ,0.  ,0.  ,0.  ,0.  ,0.04,0.24,0.88,
 0.99,0.99,0.99,0.79,0.33,0.99,0.99,0.48,0.  ,0.  ,0.  ,0.  ,0.  ,0.  ,
 0.  ,0.  ,0.  ,0.  ,0.  ,0.  ,0.  ,0.  ,0.  ,0.  ,0.  ,0.64,0.99,0.99,
 0.99,0.99,0.99,0.99,0.38,0.74,0.99,0.65,0.  ,0.  ,0.  ,0.  ,0.  ,0.  ,
 0.  ,0.  ,0.  ,0.  ,0.  ,0.  ,0.  ,0.  ,0.  ,0.  ,0.2 ,0.93,0.99,0.99,
 0.75,0.45,0.99,0.89,0.18,0.31,1.  ,0.66,0.  ,0.  ,0.  ,0.  ,0.  ,0.  ,
 0.  ,0.  ,0.  ,0.  ,0.  ,0.  ,0.  ,0.  ,0.  ,0.19,0.93,0.99,0.99,0.7 ,
 0.05,0.29,0.47,0.08,0.  ,0.  ,0.99,0.95,0.2 ,0.  ,0.  ,0.  ,0.  ,0.  ,
 0.  ,0.  ,0.  ,0.  ,0.  ,0.  ,0.  ,0.  ,0.15,0.65,0.99,0.91,0.82,0.33,
 0.  ,0.  ,0.  ,0.  ,0.  ,0.  ,0.99,0.99,0.65,0.  ,0.  ,0.  ,0.  ,0.  ,
 0.  ,0.  ,0.  ,0.  ,0.  ,0.  ,0.  ,0.03,0.7 ,0.99,0.94,0.28,0.07,0.11,
 0.  ,0.  ,0.  ,0.  ,0.  ,0.  ,0.99,0.99,0.76,0.  ,0.  ,0.  ,0.  ,0.  ,
 0.  ,0.  ,0.  ,0.  ,0.  ,0.  ,0.  ,0.22,0.99,0.99,0.25,0.  ,0.  ,0.  ,
 0.  ,0.  ,0.  ,0.  ,0.  ,0.  ,0.99,0.99,0.76,0.  ,0.  ,0.  ,0.  ,0.  ,
 0.  ,0.  ,0.  ,0.  ,0.  ,0.  ,0.  ,0.78,0.99,0.75,0.  ,0.  ,0.  ,0.  ,
 0.  ,0.  ,0.  ,0.  ,0.  ,0.  ,1.  ,0.99,0.77,0.  ,0.  ,0.  ,0.  ,0.  ,
 0.  ,0.  ,0.  ,0.  ,0.  ,0.  ,0.3 ,0.96,0.99,0.44,0.  ,0.  ,0.  ,0.  ,
 0.  ,0.  ,0.  ,0.  ,0.  ,0.  ,0.99,0.99,0.58,0.  ,0.  ,0.  ,0.  ,0.  ,
 0.  ,0.  ,0.  ,0.  ,0.  ,0.  ,0.33,0.99,0.9 ,0.1 ,0.  ,0.  ,0.  ,0.  ,
 0.  ,0.  ,0.  ,0.  ,0.03,0.53,0.99,0.73,0.05,0.  ,0.  ,0.  ,0.  ,0.  ,
 0.  ,0.  ,0.  ,0.  ,0.  ,0.  ,0.33,0.99,0.87,0.  ,0.  ,0.  ,0.  ,0.  ,
 0.  ,0.  ,0.  ,0.03,0.51,0.99,0.88,0.28,0.  ,0.  ,0.  ,0.  ,0.  ,0.  ,
 0.  ,0.  ,0.  ,0.  ,0.  ,0.  ,0.33,0.99,0.57,0.  ,0.  ,0.  ,0.  ,0.  ,
 0.  ,0.  ,0.19,0.65,0.99,0.68,0.  ,0.  ,0.  ,0.  ,0.  ,0.  ,0.  ,0.  ,
 0.  ,0.  ,0.  ,0.  ,0.  ,0.  ,0.34,0.99,0.88,0.  ,0.  ,0.  ,0.  ,0.  ,
 0.  ,0.45,0.93,0.99,0.64,0.  ,0.  ,0.  ,0.  ,0.  ,0.  ,0.  ,0.  ,0.  ,
 0.  ,0.  ,0.  ,0.  ,0.  ,0.  ,0.33,0.99,0.98,0.57,0.19,0.11,0.33,0.7 ,
 0.88,0.99,0.87,0.65,0.22,0.  ,0.  ,0.  ,0.  ,0.  ,0.  ,0.  ,0.  ,0.  ,
 0.  ,0.  ,0.  ,0.  ,0.  ,0.  ,0.33,0.99,0.99,0.99,0.9 ,0.84,0.99,0.99,
 0.99,0.77,0.51,0.  ,0.  ,0.  ,0.  ,0.  ,0.  ,0.  ,0.  ,0.  ,0.  ,0.  ,
 0.  ,0.  ,0.  ,0.  ,0.  ,0.  ,0.11,0.78,0.99,0.99,0.99,0.99,0.99,0.91,
 0.57,0.  ,0.  ,0.  ,0.  ,0.  ,0.  ,0.  ,0.  ,0.  ,0.  ,0.  ,0.  ,0.  ,
 0.  ,0.  ,0.  ,0.  ,0.  ,0.  ,0.  ,0.1 ,0.5 ,0.99,0.99,0.99,0.55,0.15,
 0.  ,0.  ,0.  ,0.  ,0.  ,0.  ,0.  ,0.  ,0.  ,0.  ,0.  ,0.  ,0.  ,0.  ,
 0.  ,0.  ,0.  ,0.  ,0.  ,0.  ,0.  ,0.  ,0.  ,0.  ,0.  ,0.  ,0.  ,0.  ,
 0.  ,0.  ,0.  ,0.  ,0.  ,0.  ,0.  ,0.  ,0.  ,0.  ,0.  ,0.  ,0.  ,0.  ,
 0.  ,0.  ,0.  ,0.  ,0.  ,0.  ,0.  ,0.  ,0.  ,0.  ,0.  ,0.  ,0.  ,0.  ,
 0.  ,0.  ,0.  ,0.  ,0.  ,0.  ,0.  ,0.  ,0.  ,0.  ,0.  ,0.  ,0.  ,0.  ,
 0.  ,0.  ,0.  ,0.  ,0.  ,0.  ,0.  ,0.  ,0.  ,0.  ,0.  ,0.  ,0.  ,0.  ,
 0.  ,0.  ,0.  ,0.  ,0.  ,0.  ,0.  ,0.  ,0.  ,0.  ,0.  ,0.  ,0.  ,0.  ,
 0.  ,0.  ,0.  ,0.  ,0.  ,0.  ,0.  ,0.  ,0.  ,0.  ,0.  ,0.  ,0.  ,0.  ,
 0.  ,0.  ,0.  ,0.  ,0.  ,0.  ,0.  ,0.  ,0.  ,0.  ,0.  ,0.  ,0.  ,0.  ]",0,"[[-1.3498e-02,-4.8979e-03, 3.8246e-04,...,-1.1013e-02, 1.8778e-05,
   6.3096e-03],
 [-3.5537e-03,-2.9871e-03,-1.3974e-02,...,-5.6679e-03,-8.3602e-04,
   3.3509e-03],
 [-9.8223e-03,-9.9293e-03, 7.9568e-03,...,-2.7545e-03,-1.1057e-03,
   2.5672e-03],
 ...,
 [-7.8604e-03, 8.0771e-03, 1.3596e-02,...,-1.0829e-03,-1.1537e-03,
   3.9063e-03],
 [-5.7794e-03, 6.6186e-03, 1.2320e-03,..., 2.1307e-03,-6.7002e-03,
   5.2298e-03],
 [-2.5870e-03, 1.2748e-02,-2.7763e-03,...,-8.5902e-03, 7.8897e-03,
  -3.5166e-03]]","[[-0.0654, 0.1015,-0.0196,-0.0717, 0.057 , 0.0282, 0.006 ,-0.003 ,-0.0251,
  -0.0079]]","[ 5.4826e+00,-2.7689e+00,-1.2784e+00, 1.4320e-01,-2.6479e+00, 1.5941e+00,
  6.7980e-01,-5.7040e-01,-1.1073e-03,-5.1401e-01]","[9.5768e-01,2.4982e-04,1.1090e-03,4.5957e-03,2.8196e-04,1.9609e-02,
 7.8596e-03,2.2513e-03,3.9782e-03,2.3819e-03]","[[0.,0.,0.,...,0.,0.,0.],
 [0.,0.,0.,...,0.,0.,0.],
 [0.,0.,0.,...,0.,0.,0.],
 ...,
 [0.,0.,0.,...,0.,0.,0.],
 [0.,0.,0.,...,0.,0.,0.],
 [0.,0.,0.,...,0.,0.,0.]]","[-0.0423, 0.0002, 0.0011, 0.0046, 0.0003, 0.0196, 0.0079, 0.0023, 0.004 ,
  0.0024]","[[ 2.8886e-03,-5.4524e-03, 1.8532e-04, 4.2389e-03,-3.7733e-03,-2.2097e-03,
  -5.9063e-05, 3.1639e-04, 2.1903e-03, 1.6750e-03]]"
80,"[0.  ,0.  ,0.  ,0.  ,0.  ,0.  ,0.  ,0.  ,0.  ,0.  ,0.  ,0.  ,0.  ,0.  ,
 0.  ,0.  ,0.  ,0.  ,0.  ,0.  ,0.  ,0.  ,0.  ,0.  ,0.  ,0.  ,0.  ,0.  ,
 0.  ,0.  ,0.  ,0.  ,0.  ,0.  ,0.  ,0.  ,0.  ,0.  ,0.  ,0.  ,0.  ,0.  ,
 0.  ,0.  ,0.  ,0.  ,0.  ,0.  ,0.  ,0.  ,0.  ,0.  ,0.  ,0.  ,0.  ,0.  ,
 0.  ,0.  ,0.  ,0.  ,0.  ,0.  ,0.  ,0.  ,0.  ,0.  ,0.  ,0.  ,0.  ,0.  ,
 0.  ,0.  ,0.  ,0.  ,0.  ,0.  ,0.  ,0.  ,0.  ,0.  ,0.  ,0.  ,0.  ,0.  ,
 0.  ,0.  ,0.  ,0.  ,0.  ,0.  ,0.  ,0.  ,0.  ,0.  ,0.  ,0.  ,0.  ,0.  ,
 0.  ,0.  ,0.  ,0.  ,0.  ,0.  ,0.  ,0.  ,0.  ,0.  ,0.  ,0.  ,0.  ,0.  ,
 0.  ,0.  ,0.  ,0.  ,0.  ,0.  ,0.  ,0.  ,0.  ,0.  ,0.  ,0.  ,0.  ,0.  ,
 0.  ,0.2 ,0.62,0.99,0.62,0.2 ,0.  ,0.  ,0.  ,0.  ,0.  ,0.  ,0.  ,0.  ,
 0.  ,0.  ,0.  ,0.  ,0.  ,0.  ,0.  ,0.  ,0.  ,0.  ,0.  ,0.  ,0.  ,0.  ,
 0.19,0.93,0.99,0.99,0.99,0.93,0.  ,0.  ,0.  ,0.  ,0.  ,0.  ,0.  ,0.  ,
 0.  ,0.  ,0.  ,0.  ,0.  ,0.  ,0.  ,0.  ,0.  ,0.  ,0.  ,0.  ,0.  ,0.21,
 0.89,0.99,0.99,0.94,0.91,0.99,0.22,0.02,0.  ,0.  ,0.  ,0.  ,0.  ,0.  ,
 0.  ,0.  ,0.  ,0.  ,0.  ,0.  ,0.  ,0.  ,0.  ,0.  ,0.  ,0.04,0.24,0.88,
 0.99,0.99,0.99,0.79,0.33,0.99,0.99,0.48,0.  ,0.  ,0.  ,0.  ,0.  ,0.  ,
 0.  ,0.  ,0.  ,0.  ,0.  ,0.  ,0.  ,0.  ,0.  ,0.  ,0.  ,0.64,0.99,0.99,
 0.99,0.99,0.99,0.99,0.38,0.74,0.99,0.65,0.  ,0.  ,0.  ,0.  ,0.  ,0.  ,
 0.  ,0.  ,0.  ,0.  ,0.  ,0.  ,0.  ,0.  ,0.  ,0.  ,0.2 ,0.93,0.99,0.99,
 0.75,0.45,0.99,0.89,0.18,0.31,1.  ,0.66,0.  ,0.  ,0.  ,0.  ,0.  ,0.  ,
 0.  ,0.  ,0.  ,0.  ,0.  ,0.  ,0.  ,0.  ,0.  ,0.19,0.93,0.99,0.99,0.7 ,
 0.05,0.29,0.47,0.08,0.  ,0.  ,0.99,0.95,0.2 ,0.  ,0.  ,0.  ,0.  ,0.  ,
 0.  ,0.  ,0.  ,0.  ,0.  ,0.  ,0.  ,0.  ,0.15,0.65,0.99,0.91,0.82,0.33,
 0.  ,0.  ,0.  ,0.  ,0.  ,0.  ,0.99,0.99,0.65,0.  ,0.  ,0.  ,0.  ,0.  ,
 0.  ,0.  ,0.  ,0.  ,0.  ,0.  ,0.  ,0.03,0.7 ,0.99,0.94,0.28,0.07,0.11,
 0.  ,0.  ,0.  ,0.  ,0.  ,0.  ,0.99,0.99,0.76,0.  ,0.  ,0.  ,0.  ,0.  ,
 0.  ,0.  ,0.  ,0.  ,0.  ,0.  ,0.  ,0.22,0.99,0.99,0.25,0.  ,0.  ,0.  ,
 0.  ,0.  ,0.  ,0.  ,0.  ,0.  ,0.99,0.99,0.76,0.  ,0.  ,0.  ,0.  ,0.  ,
 0.  ,0.  ,0.  ,0.  ,0.  ,0.  ,0.  ,0.78,0.99,0.75,0.  ,0.  ,0.  ,0.  ,
 0.  ,0.  ,0.  ,0.  ,0.  ,0.  ,1.  ,0.99,0.77,0.  ,0.  ,0.  ,0.  ,0.  ,
 0.  ,0.  ,0.  ,0.  ,0.  ,0.  ,0.3 ,0.96,0.99,0.44,0.  ,0.  ,0.  ,0.  ,
 0.  ,0.  ,0.  ,0.  ,0.  ,0.  ,0.99,0.99,0.58,0.  ,0.  ,0.  ,0.  ,0.  ,
 0.  ,0.  ,0.  ,0.  ,0.  ,0.  ,0.33,0.99,0.9 ,0.1 ,0.  ,0.  ,0.  ,0.  ,
 0.  ,0.  ,0.  ,0.  ,0.03,0.53,0.99,0.73,0.05,0.  ,0.  ,0.  ,0.  ,0.  ,
 0.  ,0.  ,0.  ,0.  ,0.  ,0.  ,0.33,0.99,0.87,0.  ,0.  ,0.  ,0.  ,0.  ,
 0.  ,0.  ,0.  ,0.03,0.51,0.99,0.88,0.28,0.  ,0.  ,0.  ,0.  ,0.  ,0.  ,
 0.  ,0.  ,0.  ,0.  ,0.  ,0.  ,0.33,0.99,0.57,0.  ,0.  ,0.  ,0.  ,0.  ,
 0.  ,0.  ,0.19,0.65,0.99,0.68,0.  ,0.  ,0.  ,0.  ,0.  ,0.  ,0.  ,0.  ,
 0.  ,0.  ,0.  ,0.  ,0.  ,0.  ,0.34,0.99,0.88,0.  ,0.  ,0.  ,0.  ,0.  ,
 0.  ,0.45,0.93,0.99,0.64,0.  ,0.  ,0.  ,0.  ,0.  ,0.  ,0.  ,0.  ,0.  ,
 0.  ,0.  ,0.  ,0.  ,0.  ,0.  ,0.33,0.99,0.98,0.57,0.19,0.11,0.33,0.7 ,
 0.88,0.99,0.87,0.65,0.22,0.  ,0.  ,0.  ,0.  ,0.  ,0.  ,0.  ,0.  ,0.  ,
 0.  ,0.  ,0.  ,0.  ,0.  ,0.  ,0.33,0.99,0.99,0.99,0.9 ,0.84,0.99,0.99,
 0.99,0.77,0.51,0.  ,0.  ,0.  ,0.  ,0.  ,0.  ,0.  ,0.  ,0.  ,0.  ,0.  ,
 0.  ,0.  ,0.  ,0.  ,0.  ,0.  ,0.11,0.78,0.99,0.99,0.99,0.99,0.99,0.91,
 0.57,0.  ,0.  ,0.  ,0.  ,0.  ,0.  ,0.  ,0.  ,0.  ,0.  ,0.  ,0.  ,0.  ,
 0.  ,0.  ,0.  ,0.  ,0.  ,0.  ,0.  ,0.1 ,0.5 ,0.99,0.99,0.99,0.55,0.15,
 0.  ,0.  ,0.  ,0.  ,0.  ,0.  ,0.  ,0.  ,0.  ,0.  ,0.  ,0.  ,0.  ,0.  ,
 0.  ,0.  ,0.  ,0.  ,0.  ,0.  ,0.  ,0.  ,0.  ,0.  ,0.  ,0.  ,0.  ,0.  ,
 0.  ,0.  ,0.  ,0.  ,0.  ,0.  ,0.  ,0.  ,0.  ,0.  ,0.  ,0.  ,0.  ,0.  ,
 0.  ,0.  ,0.  ,0.  ,0.  ,0.  ,0.  ,0.  ,0.  ,0.  ,0.  ,0.  ,0.  ,0.  ,
 0.  ,0.  ,0.  ,0.  ,0.  ,0.  ,0.  ,0.  ,0.  ,0.  ,0.  ,0.  ,0.  ,0.  ,
 0.  ,0.  ,0.  ,0.  ,0.  ,0.  ,0.  ,0.  ,0.  ,0.  ,0.  ,0.  ,0.  ,0.  ,
 0.  ,0.  ,0.  ,0.  ,0.  ,0.  ,0.  ,0.  ,0.  ,0.  ,0.  ,0.  ,0.  ,0.  ,
 0.  ,0.  ,0.  ,0.  ,0.  ,0.  ,0.  ,0.  ,0.  ,0.  ,0.  ,0.  ,0.  ,0.  ,
 0.  ,0.  ,0.  ,0.  ,0.  ,0.  ,0.  ,0.  ,0.  ,0.  ,0.  ,0.  ,0.  ,0.  ]",0,"[[-1.3498e-02,-4.8979e-03, 3.8246e-04,...,-1.1013e-02, 1.8778e-05,
   6.3096e-03],
 [-3.5537e-03,-2.9871e-03,-1.3974e-02,...,-5.6679e-03,-8.3602e-04,
   3.3509e-03],
 [-9.8223e-03,-9.9293e-03, 7.9568e-03,...,-2.7545e-03,-1.1057e-03,
   2.5672e-03],
 ...,
 [-7.8604e-03, 8.0771e-03, 1.3596e-02,...,-1.0829e-03,-1.1537e-03,
   3.9063e-03],
 [-5.7794e-03, 6.6186e-03, 1.2320e-03,..., 2.1307e-03,-6.7002e-03,
   5.2298e-03],
 [-2.5870e-03, 1.2748e-02,-2.7763e-03,...,-8.5902e-03, 7.8897e-03,
  -3.5166e-03]]","[[-0.0657, 0.102 ,-0.0196,-0.0721, 0.0574, 0.0285, 0.006 ,-0.003 ,-0.0253,
  -0.0081]]","[ 5.5033e+00,-2.7821e+00,-1.2854e+00, 1.4626e-01,-2.6603e+00, 1.6009e+00,
  6.8555e-01,-5.7215e-01,-9.6930e-04,-5.1631e-01]","[9.5836e-01,2.4167e-04,1.0795e-03,4.5184e-03,2.7297e-04,1.9352e-02,
 7.7480e-03,2.2028e-03,3.8998e-03,2.3293e-03]","[[0.,0.,0.,...,0.,0.,0.],
 [0.,0.,0.,...,0.,0.,0.],
 [0.,0.,0.,...,0.,0.,0.],
 ...,
 [0.,0.,0.,...,0.,0.,0.],
 [0.,0.,0.,...,0.,0.,0.],
 [0.,0.,0.,...,0.,0.,0.]]","[-0.0416, 0.0002, 0.0011, 0.0045, 0.0003, 0.0194, 0.0077, 0.0022, 0.0039,
  0.0023]","[[ 2.8507e-03,-5.3920e-03, 1.7514e-04, 4.1904e-03,-3.7340e-03,-2.1895e-03,
  -4.8323e-05, 3.1033e-04, 2.1711e-03, 1.6662e-03]]"
81,"[0.  ,0.  ,0.  ,0.  ,0.  ,0.  ,0.  ,0.  ,0.  ,0.  ,0.  ,0.  ,0.  ,0.  ,
 0.  ,0.  ,0.  ,0.  ,0.  ,0.  ,0.  ,0.  ,0.  ,0.  ,0.  ,0.  ,0.  ,0.  ,
 0.  ,0.  ,0.  ,0.  ,0.  ,0.  ,0.  ,0.  ,0.  ,0.  ,0.  ,0.  ,0.  ,0.  ,
 0.  ,0.  ,0.  ,0.  ,0.  ,0.  ,0.  ,0.  ,0.  ,0.  ,0.  ,0.  ,0.  ,0.  ,
 0.  ,0.  ,0.  ,0.  ,0.  ,0.  ,0.  ,0.  ,0.  ,0.  ,0.  ,0.  ,0.  ,0.  ,
 0.  ,0.  ,0.  ,0.  ,0.  ,0.  ,0.  ,0.  ,0.  ,0.  ,0.  ,0.  ,0.  ,0.  ,
 0.  ,0.  ,0.  ,0.  ,0.  ,0.  ,0.  ,0.  ,0.  ,0.  ,0.  ,0.  ,0.  ,0.  ,
 0.  ,0.  ,0.  ,0.  ,0.  ,0.  ,0.  ,0.  ,0.  ,0.  ,0.  ,0.  ,0.  ,0.  ,
 0.  ,0.  ,0.  ,0.  ,0.  ,0.  ,0.  ,0.  ,0.  ,0.  ,0.  ,0.  ,0.  ,0.  ,
 0.  ,0.2 ,0.62,0.99,0.62,0.2 ,0.  ,0.  ,0.  ,0.  ,0.  ,0.  ,0.  ,0.  ,
 0.  ,0.  ,0.  ,0.  ,0.  ,0.  ,0.  ,0.  ,0.  ,0.  ,0.  ,0.  ,0.  ,0.  ,
 0.19,0.93,0.99,0.99,0.99,0.93,0.  ,0.  ,0.  ,0.  ,0.  ,0.  ,0.  ,0.  ,
 0.  ,0.  ,0.  ,0.  ,0.  ,0.  ,0.  ,0.  ,0.  ,0.  ,0.  ,0.  ,0.  ,0.21,
 0.89,0.99,0.99,0.94,0.91,0.99,0.22,0.02,0.  ,0.  ,0.  ,0.  ,0.  ,0.  ,
 0.  ,0.  ,0.  ,0.  ,0.  ,0.  ,0.  ,0.  ,0.  ,0.  ,0.  ,0.04,0.24,0.88,
 0.99,0.99,0.99,0.79,0.33,0.99,0.99,0.48,0.  ,0.  ,0.  ,0.  ,0.  ,0.  ,
 0.  ,0.  ,0.  ,0.  ,0.  ,0.  ,0.  ,0.  ,0.  ,0.  ,0.  ,0.64,0.99,0.99,
 0.99,0.99,0.99,0.99,0.38,0.74,0.99,0.65,0.  ,0.  ,0.  ,0.  ,0.  ,0.  ,
 0.  ,0.  ,0.  ,0.  ,0.  ,0.  ,0.  ,0.  ,0.  ,0.  ,0.2 ,0.93,0.99,0.99,
 0.75,0.45,0.99,0.89,0.18,0.31,1.  ,0.66,0.  ,0.  ,0.  ,0.  ,0.  ,0.  ,
 0.  ,0.  ,0.  ,0.  ,0.  ,0.  ,0.  ,0.  ,0.  ,0.19,0.93,0.99,0.99,0.7 ,
 0.05,0.29,0.47,0.08,0.  ,0.  ,0.99,0.95,0.2 ,0.  ,0.  ,0.  ,0.  ,0.  ,
 0.  ,0.  ,0.  ,0.  ,0.  ,0.  ,0.  ,0.  ,0.15,0.65,0.99,0.91,0.82,0.33,
 0.  ,0.  ,0.  ,0.  ,0.  ,0.  ,0.99,0.99,0.65,0.  ,0.  ,0.  ,0.  ,0.  ,
 0.  ,0.  ,0.  ,0.  ,0.  ,0.  ,0.  ,0.03,0.7 ,0.99,0.94,0.28,0.07,0.11,
 0.  ,0.  ,0.  ,0.  ,0.  ,0.  ,0.99,0.99,0.76,0.  ,0.  ,0.  ,0.  ,0.  ,
 0.  ,0.  ,0.  ,0.  ,0.  ,0.  ,0.  ,0.22,0.99,0.99,0.25,0.  ,0.  ,0.  ,
 0.  ,0.  ,0.  ,0.  ,0.  ,0.  ,0.99,0.99,0.76,0.  ,0.  ,0.  ,0.  ,0.  ,
 0.  ,0.  ,0.  ,0.  ,0.  ,0.  ,0.  ,0.78,0.99,0.75,0.  ,0.  ,0.  ,0.  ,
 0.  ,0.  ,0.  ,0.  ,0.  ,0.  ,1.  ,0.99,0.77,0.  ,0.  ,0.  ,0.  ,0.  ,
 0.  ,0.  ,0.  ,0.  ,0.  ,0.  ,0.3 ,0.96,0.99,0.44,0.  ,0.  ,0.  ,0.  ,
 0.  ,0.  ,0.  ,0.  ,0.  ,0.  ,0.99,0.99,0.58,0.  ,0.  ,0.  ,0.  ,0.  ,
 0.  ,0.  ,0.  ,0.  ,0.  ,0.  ,0.33,0.99,0.9 ,0.1 ,0.  ,0.  ,0.  ,0.  ,
 0.  ,0.  ,0.  ,0.  ,0.03,0.53,0.99,0.73,0.05,0.  ,0.  ,0.  ,0.  ,0.  ,
 0.  ,0.  ,0.  ,0.  ,0.  ,0.  ,0.33,0.99,0.87,0.  ,0.  ,0.  ,0.  ,0.  ,
 0.  ,0.  ,0.  ,0.03,0.51,0.99,0.88,0.28,0.  ,0.  ,0.  ,0.  ,0.  ,0.  ,
 0.  ,0.  ,0.  ,0.  ,0.  ,0.  ,0.33,0.99,0.57,0.  ,0.  ,0.  ,0.  ,0.  ,
 0.  ,0.  ,0.19,0.65,0.99,0.68,0.  ,0.  ,0.  ,0.  ,0.  ,0.  ,0.  ,0.  ,
 0.  ,0.  ,0.  ,0.  ,0.  ,0.  ,0.34,0.99,0.88,0.  ,0.  ,0.  ,0.  ,0.  ,
 0.  ,0.45,0.93,0.99,0.64,0.  ,0.  ,0.  ,0.  ,0.  ,0.  ,0.  ,0.  ,0.  ,
 0.  ,0.  ,0.  ,0.  ,0.  ,0.  ,0.33,0.99,0.98,0.57,0.19,0.11,0.33,0.7 ,
 0.88,0.99,0.87,0.65,0.22,0.  ,0.  ,0.  ,0.  ,0.  ,0.  ,0.  ,0.  ,0.  ,
 0.  ,0.  ,0.  ,0.  ,0.  ,0.  ,0.33,0.99,0.99,0.99,0.9 ,0.84,0.99,0.99,
 0.99,0.77,0.51,0.  ,0.  ,0.  ,0.  ,0.  ,0.  ,0.  ,0.  ,0.  ,0.  ,0.  ,
 0.  ,0.  ,0.  ,0.  ,0.  ,0.  ,0.11,0.78,0.99,0.99,0.99,0.99,0.99,0.91,
 0.57,0.  ,0.  ,0.  ,0.  ,0.  ,0.  ,0.  ,0.  ,0.  ,0.  ,0.  ,0.  ,0.  ,
 0.  ,0.  ,0.  ,0.  ,0.  ,0.  ,0.  ,0.1 ,0.5 ,0.99,0.99,0.99,0.55,0.15,
 0.  ,0.  ,0.  ,0.  ,0.  ,0.  ,0.  ,0.  ,0.  ,0.  ,0.  ,0.  ,0.  ,0.  ,
 0.  ,0.  ,0.  ,0.  ,0.  ,0.  ,0.  ,0.  ,0.  ,0.  ,0.  ,0.  ,0.  ,0.  ,
 0.  ,0.  ,0.  ,0.  ,0.  ,0.  ,0.  ,0.  ,0.  ,0.  ,0.  ,0.  ,0.  ,0.  ,
 0.  ,0.  ,0.  ,0.  ,0.  ,0.  ,0.  ,0.  ,0.  ,0.  ,0.  ,0.  ,0.  ,0.  ,
 0.  ,0.  ,0.  ,0.  ,0.  ,0.  ,0.  ,0.  ,0.  ,0.  ,0.  ,0.  ,0.  ,0.  ,
 0.  ,0.  ,0.  ,0.  ,0.  ,0.  ,0.  ,0.  ,0.  ,0.  ,0.  ,0.  ,0.  ,0.  ,
 0.  ,0.  ,0.  ,0.  ,0.  ,0.  ,0.  ,0.  ,0.  ,0.  ,0.  ,0.  ,0.  ,0.  ,
 0.  ,0.  ,0.  ,0.  ,0.  ,0.  ,0.  ,0.  ,0.  ,0.  ,0.  ,0.  ,0.  ,0.  ,
 0.  ,0.  ,0.  ,0.  ,0.  ,0.  ,0.  ,0.  ,0.  ,0.  ,0.  ,0.  ,0.  ,0.  ]",0,"[[-1.3498e-02,-4.8979e-03, 3.8246e-04,...,-1.1013e-02, 1.8778e-05,
   6.3096e-03],
 [-3.5537e-03,-2.9871e-03,-1.3974e-02,...,-5.6679e-03,-8.3602e-04,
   3.3509e-03],
 [-9.8223e-03,-9.9293e-03, 7.9568e-03,...,-2.7545e-03,-1.1057e-03,
   2.5672e-03],
 ...,
 [-7.8604e-03, 8.0771e-03, 1.3596e-02,...,-1.0829e-03,-1.1537e-03,
   3.9063e-03],
 [-5.7794e-03, 6.6186e-03, 1.2320e-03,..., 2.1307e-03,-6.7002e-03,
   5.2298e-03],
 [-2.5870e-03, 1.2748e-02,-2.7763e-03,...,-8.5902e-03, 7.8897e-03,
  -3.5166e-03]]","[[-0.0659, 0.1025,-0.0196,-0.0726, 0.0577, 0.0287, 0.006 ,-0.003 ,-0.0255,
  -0.0082]]","[ 5.5238e+00,-2.7950e+00,-1.2923e+00, 1.4931e-01,-2.6725e+00, 1.6077e+00,
  6.9125e-01,-5.7387e-01,-8.5475e-04,-5.1858e-01]","[9.5901e-01,2.3388e-04,1.0510e-03,4.4433e-03,2.6436e-04,1.9102e-02,
 7.6395e-03,2.1559e-03,3.8237e-03,2.2785e-03]","[[0.,0.,0.,...,0.,0.,0.],
 [0.,0.,0.,...,0.,0.,0.],
 [0.,0.,0.,...,0.,0.,0.],
 ...,
 [0.,0.,0.,...,0.,0.,0.],
 [0.,0.,0.,...,0.,0.,0.],
 [0.,0.,0.,...,0.,0.,0.]]","[-0.041 , 0.0002, 0.0011, 0.0044, 0.0003, 0.0191, 0.0076, 0.0022, 0.0038,
  0.0023]","[[ 2.8137e-03,-5.3331e-03, 1.6547e-04, 4.1430e-03,-3.6955e-03,-2.1696e-03,
  -3.7958e-05, 3.0439e-04, 2.1523e-03, 1.6573e-03]]"
82,"[0.  ,0.  ,0.  ,0.  ,0.  ,0.  ,0.  ,0.  ,0.  ,0.  ,0.  ,0.  ,0.  ,0.  ,
 0.  ,0.  ,0.  ,0.  ,0.  ,0.  ,0.  ,0.  ,0.  ,0.  ,0.  ,0.  ,0.  ,0.  ,
 0.  ,0.  ,0.  ,0.  ,0.  ,0.  ,0.  ,0.  ,0.  ,0.  ,0.  ,0.  ,0.  ,0.  ,
 0.  ,0.  ,0.  ,0.  ,0.  ,0.  ,0.  ,0.  ,0.  ,0.  ,0.  ,0.  ,0.  ,0.  ,
 0.  ,0.  ,0.  ,0.  ,0.  ,0.  ,0.  ,0.  ,0.  ,0.  ,0.  ,0.  ,0.  ,0.  ,
 0.  ,0.  ,0.  ,0.  ,0.  ,0.  ,0.  ,0.  ,0.  ,0.  ,0.  ,0.  ,0.  ,0.  ,
 0.  ,0.  ,0.  ,0.  ,0.  ,0.  ,0.  ,0.  ,0.  ,0.  ,0.  ,0.  ,0.  ,0.  ,
 0.  ,0.  ,0.  ,0.  ,0.  ,0.  ,0.  ,0.  ,0.  ,0.  ,0.  ,0.  ,0.  ,0.  ,
 0.  ,0.  ,0.  ,0.  ,0.  ,0.  ,0.  ,0.  ,0.  ,0.  ,0.  ,0.  ,0.  ,0.  ,
 0.  ,0.2 ,0.62,0.99,0.62,0.2 ,0.  ,0.  ,0.  ,0.  ,0.  ,0.  ,0.  ,0.  ,
 0.  ,0.  ,0.  ,0.  ,0.  ,0.  ,0.  ,0.  ,0.  ,0.  ,0.  ,0.  ,0.  ,0.  ,
 0.19,0.93,0.99,0.99,0.99,0.93,0.  ,0.  ,0.  ,0.  ,0.  ,0.  ,0.  ,0.  ,
 0.  ,0.  ,0.  ,0.  ,0.  ,0.  ,0.  ,0.  ,0.  ,0.  ,0.  ,0.  ,0.  ,0.21,
 0.89,0.99,0.99,0.94,0.91,0.99,0.22,0.02,0.  ,0.  ,0.  ,0.  ,0.  ,0.  ,
 0.  ,0.  ,0.  ,0.  ,0.  ,0.  ,0.  ,0.  ,0.  ,0.  ,0.  ,0.04,0.24,0.88,
 0.99,0.99,0.99,0.79,0.33,0.99,0.99,0.48,0.  ,0.  ,0.  ,0.  ,0.  ,0.  ,
 0.  ,0.  ,0.  ,0.  ,0.  ,0.  ,0.  ,0.  ,0.  ,0.  ,0.  ,0.64,0.99,0.99,
 0.99,0.99,0.99,0.99,0.38,0.74,0.99,0.65,0.  ,0.  ,0.  ,0.  ,0.  ,0.  ,
 0.  ,0.  ,0.  ,0.  ,0.  ,0.  ,0.  ,0.  ,0.  ,0.  ,0.2 ,0.93,0.99,0.99,
 0.75,0.45,0.99,0.89,0.18,0.31,1.  ,0.66,0.  ,0.  ,0.  ,0.  ,0.  ,0.  ,
 0.  ,0.  ,0.  ,0.  ,0.  ,0.  ,0.  ,0.  ,0.  ,0.19,0.93,0.99,0.99,0.7 ,
 0.05,0.29,0.47,0.08,0.  ,0.  ,0.99,0.95,0.2 ,0.  ,0.  ,0.  ,0.  ,0.  ,
 0.  ,0.  ,0.  ,0.  ,0.  ,0.  ,0.  ,0.  ,0.15,0.65,0.99,0.91,0.82,0.33,
 0.  ,0.  ,0.  ,0.  ,0.  ,0.  ,0.99,0.99,0.65,0.  ,0.  ,0.  ,0.  ,0.  ,
 0.  ,0.  ,0.  ,0.  ,0.  ,0.  ,0.  ,0.03,0.7 ,0.99,0.94,0.28,0.07,0.11,
 0.  ,0.  ,0.  ,0.  ,0.  ,0.  ,0.99,0.99,0.76,0.  ,0.  ,0.  ,0.  ,0.  ,
 0.  ,0.  ,0.  ,0.  ,0.  ,0.  ,0.  ,0.22,0.99,0.99,0.25,0.  ,0.  ,0.  ,
 0.  ,0.  ,0.  ,0.  ,0.  ,0.  ,0.99,0.99,0.76,0.  ,0.  ,0.  ,0.  ,0.  ,
 0.  ,0.  ,0.  ,0.  ,0.  ,0.  ,0.  ,0.78,0.99,0.75,0.  ,0.  ,0.  ,0.  ,
 0.  ,0.  ,0.  ,0.  ,0.  ,0.  ,1.  ,0.99,0.77,0.  ,0.  ,0.  ,0.  ,0.  ,
 0.  ,0.  ,0.  ,0.  ,0.  ,0.  ,0.3 ,0.96,0.99,0.44,0.  ,0.  ,0.  ,0.  ,
 0.  ,0.  ,0.  ,0.  ,0.  ,0.  ,0.99,0.99,0.58,0.  ,0.  ,0.  ,0.  ,0.  ,
 0.  ,0.  ,0.  ,0.  ,0.  ,0.  ,0.33,0.99,0.9 ,0.1 ,0.  ,0.  ,0.  ,0.  ,
 0.  ,0.  ,0.  ,0.  ,0.03,0.53,0.99,0.73,0.05,0.  ,0.  ,0.  ,0.  ,0.  ,
 0.  ,0.  ,0.  ,0.  ,0.  ,0.  ,0.33,0.99,0.87,0.  ,0.  ,0.  ,0.  ,0.  ,
 0.  ,0.  ,0.  ,0.03,0.51,0.99,0.88,0.28,0.  ,0.  ,0.  ,0.  ,0.  ,0.  ,
 0.  ,0.  ,0.  ,0.  ,0.  ,0.  ,0.33,0.99,0.57,0.  ,0.  ,0.  ,0.  ,0.  ,
 0.  ,0.  ,0.19,0.65,0.99,0.68,0.  ,0.  ,0.  ,0.  ,0.  ,0.  ,0.  ,0.  ,
 0.  ,0.  ,0.  ,0.  ,0.  ,0.  ,0.34,0.99,0.88,0.  ,0.  ,0.  ,0.  ,0.  ,
 0.  ,0.45,0.93,0.99,0.64,0.  ,0.  ,0.  ,0.  ,0.  ,0.  ,0.  ,0.  ,0.  ,
 0.  ,0.  ,0.  ,0.  ,0.  ,0.  ,0.33,0.99,0.98,0.57,0.19,0.11,0.33,0.7 ,
 0.88,0.99,0.87,0.65,0.22,0.  ,0.  ,0.  ,0.  ,0.  ,0.  ,0.  ,0.  ,0.  ,
 0.  ,0.  ,0.  ,0.  ,0.  ,0.  ,0.33,0.99,0.99,0.99,0.9 ,0.84,0.99,0.99,
 0.99,0.77,0.51,0.  ,0.  ,0.  ,0.  ,0.  ,0.  ,0.  ,0.  ,0.  ,0.  ,0.  ,
 0.  ,0.  ,0.  ,0.  ,0.  ,0.  ,0.11,0.78,0.99,0.99,0.99,0.99,0.99,0.91,
 0.57,0.  ,0.  ,0.  ,0.  ,0.  ,0.  ,0.  ,0.  ,0.  ,0.  ,0.  ,0.  ,0.  ,
 0.  ,0.  ,0.  ,0.  ,0.  ,0.  ,0.  ,0.1 ,0.5 ,0.99,0.99,0.99,0.55,0.15,
 0.  ,0.  ,0.  ,0.  ,0.  ,0.  ,0.  ,0.  ,0.  ,0.  ,0.  ,0.  ,0.  ,0.  ,
 0.  ,0.  ,0.  ,0.  ,0.  ,0.  ,0.  ,0.  ,0.  ,0.  ,0.  ,0.  ,0.  ,0.  ,
 0.  ,0.  ,0.  ,0.  ,0.  ,0.  ,0.  ,0.  ,0.  ,0.  ,0.  ,0.  ,0.  ,0.  ,
 0.  ,0.  ,0.  ,0.  ,0.  ,0.  ,0.  ,0.  ,0.  ,0.  ,0.  ,0.  ,0.  ,0.  ,
 0.  ,0.  ,0.  ,0.  ,0.  ,0.  ,0.  ,0.  ,0.  ,0.  ,0.  ,0.  ,0.  ,0.  ,
 0.  ,0.  ,0.  ,0.  ,0.  ,0.  ,0.  ,0.  ,0.  ,0.  ,0.  ,0.  ,0.  ,0.  ,
 0.  ,0.  ,0.  ,0.  ,0.  ,0.  ,0.  ,0.  ,0.  ,0.  ,0.  ,0.  ,0.  ,0.  ,
 0.  ,0.  ,0.  ,0.  ,0.  ,0.  ,0.  ,0.  ,0.  ,0.  ,0.  ,0.  ,0.  ,0.  ,
 0.  ,0.  ,0.  ,0.  ,0.  ,0.  ,0.  ,0.  ,0.  ,0.  ,0.  ,0.  ,0.  ,0.  ]",0,"[[-1.3498e-02,-4.8979e-03, 3.8246e-04,...,-1.1013e-02, 1.8778e-05,
   6.3096e-03],
 [-3.5537e-03,-2.9871e-03,-1.3974e-02,...,-5.6679e-03,-8.3602e-04,
   3.3509e-03],
 [-9.8223e-03,-9.9293e-03, 7.9568e-03,...,-2.7545e-03,-1.1057e-03,
   2.5672e-03],
 ...,
 [-7.8604e-03, 8.0771e-03, 1.3596e-02,...,-1.0829e-03,-1.1537e-03,
   3.9063e-03],
 [-5.7794e-03, 6.6186e-03, 1.2320e-03,..., 2.1307e-03,-6.7002e-03,
   5.2298e-03],
 [-2.5870e-03, 1.2748e-02,-2.7763e-03,...,-8.5902e-03, 7.8897e-03,
  -3.5166e-03]]","[[-0.0662, 0.1031,-0.0197,-0.073 , 0.0581, 0.0289, 0.006 ,-0.0031,-0.0257,
  -0.0084]]","[ 5.5440e+00,-2.8078e+00,-1.2992e+00, 1.5233e-01,-2.6846e+00, 1.6144e+00,
  6.9690e-01,-5.7556e-01,-7.6282e-04,-5.2083e-01]","[9.5964e-01,2.2643e-04,1.0236e-03,4.3704e-03,2.5613e-04,1.8857e-02,
 7.5340e-03,2.1106e-03,3.7500e-03,2.2293e-03]","[[0.,0.,0.,...,0.,0.,0.],
 [0.,0.,0.,...,0.,0.,0.],
 [0.,0.,0.,...,0.,0.,0.],
 ...,
 [0.,0.,0.,...,0.,0.,0.],
 [0.,0.,0.,...,0.,0.,0.],
 [0.,0.,0.,...,0.,0.,0.]]","[-0.0404, 0.0002, 0.001 , 0.0044, 0.0003, 0.0189, 0.0075, 0.0021, 0.0038,
  0.0022]","[[ 2.7776e-03,-5.2756e-03, 1.5630e-04, 4.0965e-03,-3.6576e-03,-2.1501e-03,
  -2.7960e-05, 2.9859e-04, 2.1338e-03, 1.6484e-03]]"
83,"[0.  ,0.  ,0.  ,0.  ,0.  ,0.  ,0.  ,0.  ,0.  ,0.  ,0.  ,0.  ,0.  ,0.  ,
 0.  ,0.  ,0.  ,0.  ,0.  ,0.  ,0.  ,0.  ,0.  ,0.  ,0.  ,0.  ,0.  ,0.  ,
 0.  ,0.  ,0.  ,0.  ,0.  ,0.  ,0.  ,0.  ,0.  ,0.  ,0.  ,0.  ,0.  ,0.  ,
 0.  ,0.  ,0.  ,0.  ,0.  ,0.  ,0.  ,0.  ,0.  ,0.  ,0.  ,0.  ,0.  ,0.  ,
 0.  ,0.  ,0.  ,0.  ,0.  ,0.  ,0.  ,0.  ,0.  ,0.  ,0.  ,0.  ,0.  ,0.  ,
 0.  ,0.  ,0.  ,0.  ,0.  ,0.  ,0.  ,0.  ,0.  ,0.  ,0.  ,0.  ,0.  ,0.  ,
 0.  ,0.  ,0.  ,0.  ,0.  ,0.  ,0.  ,0.  ,0.  ,0.  ,0.  ,0.  ,0.  ,0.  ,
 0.  ,0.  ,0.  ,0.  ,0.  ,0.  ,0.  ,0.  ,0.  ,0.  ,0.  ,0.  ,0.  ,0.  ,
 0.  ,0.  ,0.  ,0.  ,0.  ,0.  ,0.  ,0.  ,0.  ,0.  ,0.  ,0.  ,0.  ,0.  ,
 0.  ,0.2 ,0.62,0.99,0.62,0.2 ,0.  ,0.  ,0.  ,0.  ,0.  ,0.  ,0.  ,0.  ,
 0.  ,0.  ,0.  ,0.  ,0.  ,0.  ,0.  ,0.  ,0.  ,0.  ,0.  ,0.  ,0.  ,0.  ,
 0.19,0.93,0.99,0.99,0.99,0.93,0.  ,0.  ,0.  ,0.  ,0.  ,0.  ,0.  ,0.  ,
 0.  ,0.  ,0.  ,0.  ,0.  ,0.  ,0.  ,0.  ,0.  ,0.  ,0.  ,0.  ,0.  ,0.21,
 0.89,0.99,0.99,0.94,0.91,0.99,0.22,0.02,0.  ,0.  ,0.  ,0.  ,0.  ,0.  ,
 0.  ,0.  ,0.  ,0.  ,0.  ,0.  ,0.  ,0.  ,0.  ,0.  ,0.  ,0.04,0.24,0.88,
 0.99,0.99,0.99,0.79,0.33,0.99,0.99,0.48,0.  ,0.  ,0.  ,0.  ,0.  ,0.  ,
 0.  ,0.  ,0.  ,0.  ,0.  ,0.  ,0.  ,0.  ,0.  ,0.  ,0.  ,0.64,0.99,0.99,
 0.99,0.99,0.99,0.99,0.38,0.74,0.99,0.65,0.  ,0.  ,0.  ,0.  ,0.  ,0.  ,
 0.  ,0.  ,0.  ,0.  ,0.  ,0.  ,0.  ,0.  ,0.  ,0.  ,0.2 ,0.93,0.99,0.99,
 0.75,0.45,0.99,0.89,0.18,0.31,1.  ,0.66,0.  ,0.  ,0.  ,0.  ,0.  ,0.  ,
 0.  ,0.  ,0.  ,0.  ,0.  ,0.  ,0.  ,0.  ,0.  ,0.19,0.93,0.99,0.99,0.7 ,
 0.05,0.29,0.47,0.08,0.  ,0.  ,0.99,0.95,0.2 ,0.  ,0.  ,0.  ,0.  ,0.  ,
 0.  ,0.  ,0.  ,0.  ,0.  ,0.  ,0.  ,0.  ,0.15,0.65,0.99,0.91,0.82,0.33,
 0.  ,0.  ,0.  ,0.  ,0.  ,0.  ,0.99,0.99,0.65,0.  ,0.  ,0.  ,0.  ,0.  ,
 0.  ,0.  ,0.  ,0.  ,0.  ,0.  ,0.  ,0.03,0.7 ,0.99,0.94,0.28,0.07,0.11,
 0.  ,0.  ,0.  ,0.  ,0.  ,0.  ,0.99,0.99,0.76,0.  ,0.  ,0.  ,0.  ,0.  ,
 0.  ,0.  ,0.  ,0.  ,0.  ,0.  ,0.  ,0.22,0.99,0.99,0.25,0.  ,0.  ,0.  ,
 0.  ,0.  ,0.  ,0.  ,0.  ,0.  ,0.99,0.99,0.76,0.  ,0.  ,0.  ,0.  ,0.  ,
 0.  ,0.  ,0.  ,0.  ,0.  ,0.  ,0.  ,0.78,0.99,0.75,0.  ,0.  ,0.  ,0.  ,
 0.  ,0.  ,0.  ,0.  ,0.  ,0.  ,1.  ,0.99,0.77,0.  ,0.  ,0.  ,0.  ,0.  ,
 0.  ,0.  ,0.  ,0.  ,0.  ,0.  ,0.3 ,0.96,0.99,0.44,0.  ,0.  ,0.  ,0.  ,
 0.  ,0.  ,0.  ,0.  ,0.  ,0.  ,0.99,0.99,0.58,0.  ,0.  ,0.  ,0.  ,0.  ,
 0.  ,0.  ,0.  ,0.  ,0.  ,0.  ,0.33,0.99,0.9 ,0.1 ,0.  ,0.  ,0.  ,0.  ,
 0.  ,0.  ,0.  ,0.  ,0.03,0.53,0.99,0.73,0.05,0.  ,0.  ,0.  ,0.  ,0.  ,
 0.  ,0.  ,0.  ,0.  ,0.  ,0.  ,0.33,0.99,0.87,0.  ,0.  ,0.  ,0.  ,0.  ,
 0.  ,0.  ,0.  ,0.03,0.51,0.99,0.88,0.28,0.  ,0.  ,0.  ,0.  ,0.  ,0.  ,
 0.  ,0.  ,0.  ,0.  ,0.  ,0.  ,0.33,0.99,0.57,0.  ,0.  ,0.  ,0.  ,0.  ,
 0.  ,0.  ,0.19,0.65,0.99,0.68,0.  ,0.  ,0.  ,0.  ,0.  ,0.  ,0.  ,0.  ,
 0.  ,0.  ,0.  ,0.  ,0.  ,0.  ,0.34,0.99,0.88,0.  ,0.  ,0.  ,0.  ,0.  ,
 0.  ,0.45,0.93,0.99,0.64,0.  ,0.  ,0.  ,0.  ,0.  ,0.  ,0.  ,0.  ,0.  ,
 0.  ,0.  ,0.  ,0.  ,0.  ,0.  ,0.33,0.99,0.98,0.57,0.19,0.11,0.33,0.7 ,
 0.88,0.99,0.87,0.65,0.22,0.  ,0.  ,0.  ,0.  ,0.  ,0.  ,0.  ,0.  ,0.  ,
 0.  ,0.  ,0.  ,0.  ,0.  ,0.  ,0.33,0.99,0.99,0.99,0.9 ,0.84,0.99,0.99,
 0.99,0.77,0.51,0.  ,0.  ,0.  ,0.  ,0.  ,0.  ,0.  ,0.  ,0.  ,0.  ,0.  ,
 0.  ,0.  ,0.  ,0.  ,0.  ,0.  ,0.11,0.78,0.99,0.99,0.99,0.99,0.99,0.91,
 0.57,0.  ,0.  ,0.  ,0.  ,0.  ,0.  ,0.  ,0.  ,0.  ,0.  ,0.  ,0.  ,0.  ,
 0.  ,0.  ,0.  ,0.  ,0.  ,0.  ,0.  ,0.1 ,0.5 ,0.99,0.99,0.99,0.55,0.15,
 0.  ,0.  ,0.  ,0.  ,0.  ,0.  ,0.  ,0.  ,0.  ,0.  ,0.  ,0.  ,0.  ,0.  ,
 0.  ,0.  ,0.  ,0.  ,0.  ,0.  ,0.  ,0.  ,0.  ,0.  ,0.  ,0.  ,0.  ,0.  ,
 0.  ,0.  ,0.  ,0.  ,0.  ,0.  ,0.  ,0.  ,0.  ,0.  ,0.  ,0.  ,0.  ,0.  ,
 0.  ,0.  ,0.  ,0.  ,0.  ,0.  ,0.  ,0.  ,0.  ,0.  ,0.  ,0.  ,0.  ,0.  ,
 0.  ,0.  ,0.  ,0.  ,0.  ,0.  ,0.  ,0.  ,0.  ,0.  ,0.  ,0.  ,0.  ,0.  ,
 0.  ,0.  ,0.  ,0.  ,0.  ,0.  ,0.  ,0.  ,0.  ,0.  ,0.  ,0.  ,0.  ,0.  ,
 0.  ,0.  ,0.  ,0.  ,0.  ,0.  ,0.  ,0.  ,0.  ,0.  ,0.  ,0.  ,0.  ,0.  ,
 0.  ,0.  ,0.  ,0.  ,0.  ,0.  ,0.  ,0.  ,0.  ,0.  ,0.  ,0.  ,0.  ,0.  ,
 0.  ,0.  ,0.  ,0.  ,0.  ,0.  ,0.  ,0.  ,0.  ,0.  ,0.  ,0.  ,0.  ,0.  ]",0,"[[-1.3498e-02,-4.8979e-03, 3.8246e-04,...,-1.1013e-02, 1.8778e-05,
   6.3096e-03],
 [-3.5537e-03,-2.9871e-03,-1.3974e-02,...,-5.6679e-03,-8.3602e-04,
   3.3509e-03],
 [-9.8223e-03,-9.9293e-03, 7.9568e-03,...,-2.7545e-03,-1.1057e-03,
   2.5672e-03],
 ...,
 [-7.8604e-03, 8.0771e-03, 1.3596e-02,...,-1.0829e-03,-1.1537e-03,
   3.9063e-03],
 [-5.7794e-03, 6.6186e-03, 1.2320e-03,..., 2.1307e-03,-6.7002e-03,
   5.2298e-03],
 [-2.5870e-03, 1.2748e-02,-2.7763e-03,...,-8.5902e-03, 7.8897e-03,
  -3.5166e-03]]","[[-0.0665, 0.1036,-0.0197,-0.0734, 0.0585, 0.0291, 0.006 ,-0.0031,-0.0259,
  -0.0086]]","[ 5.5640e+00,-2.8205e+00,-1.3060e+00, 1.5533e-01,-2.6966e+00, 1.6210e+00,
  7.0249e-01,-5.7721e-01,-6.9274e-04,-5.2304e-01]","[9.6026e-01,2.1932e-04,9.9724e-04,4.2997e-03,2.4824e-04,1.8619e-02,
 7.4313e-03,2.0668e-03,3.6785e-03,2.1818e-03]","[[0.,0.,0.,...,0.,0.,0.],
 [0.,0.,0.,...,0.,0.,0.],
 [0.,0.,0.,...,0.,0.,0.],
 ...,
 [0.,0.,0.,...,0.,0.,0.],
 [0.,0.,0.,...,0.,0.,0.],
 [0.,0.,0.,...,0.,0.,0.]]","[-0.0397, 0.0002, 0.001 , 0.0043, 0.0002, 0.0186, 0.0074, 0.0021, 0.0037,
  0.0022]","[[ 2.7423e-03,-5.2194e-03, 1.4759e-04, 4.0510e-03,-3.6203e-03,-2.1310e-03,
  -1.8320e-05, 2.9290e-04, 2.1158e-03, 1.6395e-03]]"
84,"[0.  ,0.  ,0.  ,0.  ,0.  ,0.  ,0.  ,0.  ,0.  ,0.  ,0.  ,0.  ,0.  ,0.  ,
 0.  ,0.  ,0.  ,0.  ,0.  ,0.  ,0.  ,0.  ,0.  ,0.  ,0.  ,0.  ,0.  ,0.  ,
 0.  ,0.  ,0.  ,0.  ,0.  ,0.  ,0.  ,0.  ,0.  ,0.  ,0.  ,0.  ,0.  ,0.  ,
 0.  ,0.  ,0.  ,0.  ,0.  ,0.  ,0.  ,0.  ,0.  ,0.  ,0.  ,0.  ,0.  ,0.  ,
 0.  ,0.  ,0.  ,0.  ,0.  ,0.  ,0.  ,0.  ,0.  ,0.  ,0.  ,0.  ,0.  ,0.  ,
 0.  ,0.  ,0.  ,0.  ,0.  ,0.  ,0.  ,0.  ,0.  ,0.  ,0.  ,0.  ,0.  ,0.  ,
 0.  ,0.  ,0.  ,0.  ,0.  ,0.  ,0.  ,0.  ,0.  ,0.  ,0.  ,0.  ,0.  ,0.  ,
 0.  ,0.  ,0.  ,0.  ,0.  ,0.  ,0.  ,0.  ,0.  ,0.  ,0.  ,0.  ,0.  ,0.  ,
 0.  ,0.  ,0.  ,0.  ,0.  ,0.  ,0.  ,0.  ,0.  ,0.  ,0.  ,0.  ,0.  ,0.  ,
 0.  ,0.2 ,0.62,0.99,0.62,0.2 ,0.  ,0.  ,0.  ,0.  ,0.  ,0.  ,0.  ,0.  ,
 0.  ,0.  ,0.  ,0.  ,0.  ,0.  ,0.  ,0.  ,0.  ,0.  ,0.  ,0.  ,0.  ,0.  ,
 0.19,0.93,0.99,0.99,0.99,0.93,0.  ,0.  ,0.  ,0.  ,0.  ,0.  ,0.  ,0.  ,
 0.  ,0.  ,0.  ,0.  ,0.  ,0.  ,0.  ,0.  ,0.  ,0.  ,0.  ,0.  ,0.  ,0.21,
 0.89,0.99,0.99,0.94,0.91,0.99,0.22,0.02,0.  ,0.  ,0.  ,0.  ,0.  ,0.  ,
 0.  ,0.  ,0.  ,0.  ,0.  ,0.  ,0.  ,0.  ,0.  ,0.  ,0.  ,0.04,0.24,0.88,
 0.99,0.99,0.99,0.79,0.33,0.99,0.99,0.48,0.  ,0.  ,0.  ,0.  ,0.  ,0.  ,
 0.  ,0.  ,0.  ,0.  ,0.  ,0.  ,0.  ,0.  ,0.  ,0.  ,0.  ,0.64,0.99,0.99,
 0.99,0.99,0.99,0.99,0.38,0.74,0.99,0.65,0.  ,0.  ,0.  ,0.  ,0.  ,0.  ,
 0.  ,0.  ,0.  ,0.  ,0.  ,0.  ,0.  ,0.  ,0.  ,0.  ,0.2 ,0.93,0.99,0.99,
 0.75,0.45,0.99,0.89,0.18,0.31,1.  ,0.66,0.  ,0.  ,0.  ,0.  ,0.  ,0.  ,
 0.  ,0.  ,0.  ,0.  ,0.  ,0.  ,0.  ,0.  ,0.  ,0.19,0.93,0.99,0.99,0.7 ,
 0.05,0.29,0.47,0.08,0.  ,0.  ,0.99,0.95,0.2 ,0.  ,0.  ,0.  ,0.  ,0.  ,
 0.  ,0.  ,0.  ,0.  ,0.  ,0.  ,0.  ,0.  ,0.15,0.65,0.99,0.91,0.82,0.33,
 0.  ,0.  ,0.  ,0.  ,0.  ,0.  ,0.99,0.99,0.65,0.  ,0.  ,0.  ,0.  ,0.  ,
 0.  ,0.  ,0.  ,0.  ,0.  ,0.  ,0.  ,0.03,0.7 ,0.99,0.94,0.28,0.07,0.11,
 0.  ,0.  ,0.  ,0.  ,0.  ,0.  ,0.99,0.99,0.76,0.  ,0.  ,0.  ,0.  ,0.  ,
 0.  ,0.  ,0.  ,0.  ,0.  ,0.  ,0.  ,0.22,0.99,0.99,0.25,0.  ,0.  ,0.  ,
 0.  ,0.  ,0.  ,0.  ,0.  ,0.  ,0.99,0.99,0.76,0.  ,0.  ,0.  ,0.  ,0.  ,
 0.  ,0.  ,0.  ,0.  ,0.  ,0.  ,0.  ,0.78,0.99,0.75,0.  ,0.  ,0.  ,0.  ,
 0.  ,0.  ,0.  ,0.  ,0.  ,0.  ,1.  ,0.99,0.77,0.  ,0.  ,0.  ,0.  ,0.  ,
 0.  ,0.  ,0.  ,0.  ,0.  ,0.  ,0.3 ,0.96,0.99,0.44,0.  ,0.  ,0.  ,0.  ,
 0.  ,0.  ,0.  ,0.  ,0.  ,0.  ,0.99,0.99,0.58,0.  ,0.  ,0.  ,0.  ,0.  ,
 0.  ,0.  ,0.  ,0.  ,0.  ,0.  ,0.33,0.99,0.9 ,0.1 ,0.  ,0.  ,0.  ,0.  ,
 0.  ,0.  ,0.  ,0.  ,0.03,0.53,0.99,0.73,0.05,0.  ,0.  ,0.  ,0.  ,0.  ,
 0.  ,0.  ,0.  ,0.  ,0.  ,0.  ,0.33,0.99,0.87,0.  ,0.  ,0.  ,0.  ,0.  ,
 0.  ,0.  ,0.  ,0.03,0.51,0.99,0.88,0.28,0.  ,0.  ,0.  ,0.  ,0.  ,0.  ,
 0.  ,0.  ,0.  ,0.  ,0.  ,0.  ,0.33,0.99,0.57,0.  ,0.  ,0.  ,0.  ,0.  ,
 0.  ,0.  ,0.19,0.65,0.99,0.68,0.  ,0.  ,0.  ,0.  ,0.  ,0.  ,0.  ,0.  ,
 0.  ,0.  ,0.  ,0.  ,0.  ,0.  ,0.34,0.99,0.88,0.  ,0.  ,0.  ,0.  ,0.  ,
 0.  ,0.45,0.93,0.99,0.64,0.  ,0.  ,0.  ,0.  ,0.  ,0.  ,0.  ,0.  ,0.  ,
 0.  ,0.  ,0.  ,0.  ,0.  ,0.  ,0.33,0.99,0.98,0.57,0.19,0.11,0.33,0.7 ,
 0.88,0.99,0.87,0.65,0.22,0.  ,0.  ,0.  ,0.  ,0.  ,0.  ,0.  ,0.  ,0.  ,
 0.  ,0.  ,0.  ,0.  ,0.  ,0.  ,0.33,0.99,0.99,0.99,0.9 ,0.84,0.99,0.99,
 0.99,0.77,0.51,0.  ,0.  ,0.  ,0.  ,0.  ,0.  ,0.  ,0.  ,0.  ,0.  ,0.  ,
 0.  ,0.  ,0.  ,0.  ,0.  ,0.  ,0.11,0.78,0.99,0.99,0.99,0.99,0.99,0.91,
 0.57,0.  ,0.  ,0.  ,0.  ,0.  ,0.  ,0.  ,0.  ,0.  ,0.  ,0.  ,0.  ,0.  ,
 0.  ,0.  ,0.  ,0.  ,0.  ,0.  ,0.  ,0.1 ,0.5 ,0.99,0.99,0.99,0.55,0.15,
 0.  ,0.  ,0.  ,0.  ,0.  ,0.  ,0.  ,0.  ,0.  ,0.  ,0.  ,0.  ,0.  ,0.  ,
 0.  ,0.  ,0.  ,0.  ,0.  ,0.  ,0.  ,0.  ,0.  ,0.  ,0.  ,0.  ,0.  ,0.  ,
 0.  ,0.  ,0.  ,0.  ,0.  ,0.  ,0.  ,0.  ,0.  ,0.  ,0.  ,0.  ,0.  ,0.  ,
 0.  ,0.  ,0.  ,0.  ,0.  ,0.  ,0.  ,0.  ,0.  ,0.  ,0.  ,0.  ,0.  ,0.  ,
 0.  ,0.  ,0.  ,0.  ,0.  ,0.  ,0.  ,0.  ,0.  ,0.  ,0.  ,0.  ,0.  ,0.  ,
 0.  ,0.  ,0.  ,0.  ,0.  ,0.  ,0.  ,0.  ,0.  ,0.  ,0.  ,0.  ,0.  ,0.  ,
 0.  ,0.  ,0.  ,0.  ,0.  ,0.  ,0.  ,0.  ,0.  ,0.  ,0.  ,0.  ,0.  ,0.  ,
 0.  ,0.  ,0.  ,0.  ,0.  ,0.  ,0.  ,0.  ,0.  ,0.  ,0.  ,0.  ,0.  ,0.  ,
 0.  ,0.  ,0.  ,0.  ,0.  ,0.  ,0.  ,0.  ,0.  ,0.  ,0.  ,0.  ,0.  ,0.  ]",0,"[[-1.3498e-02,-4.8979e-03, 3.8246e-04,...,-1.1013e-02, 1.8778e-05,
   6.3096e-03],
 [-3.5537e-03,-2.9871e-03,-1.3974e-02,...,-5.6679e-03,-8.3602e-04,
   3.3509e-03],
 [-9.8223e-03,-9.9293e-03, 7.9568e-03,...,-2.7545e-03,-1.1057e-03,
   2.5672e-03],
 ...,
 [-7.8604e-03, 8.0771e-03, 1.3596e-02,...,-1.0829e-03,-1.1537e-03,
   3.9063e-03],
 [-5.7794e-03, 6.6186e-03, 1.2320e-03,..., 2.1307e-03,-6.7002e-03,
   5.2298e-03],
 [-2.5870e-03, 1.2748e-02,-2.7763e-03,...,-8.5902e-03, 7.8897e-03,
  -3.5166e-03]]","[[-0.0668, 0.1041,-0.0197,-0.0738, 0.0588, 0.0293, 0.006 ,-0.0031,-0.0261,
  -0.0087]]","[ 5.5837e+00,-2.8329e+00,-1.3127e+00, 1.5831e-01,-2.7083e+00, 1.6274e+00,
  7.0804e-01,-5.7883e-01,-6.4377e-04,-5.2523e-01]","[9.6086e-01,2.1251e-04,9.7183e-04,4.2309e-03,2.4069e-04,1.8385e-02,
 7.3314e-03,2.0244e-03,3.6092e-03,2.1359e-03]","[[0.,0.,0.,...,0.,0.,0.],
 [0.,0.,0.,...,0.,0.,0.],
 [0.,0.,0.,...,0.,0.,0.],
 ...,
 [0.,0.,0.,...,0.,0.,0.],
 [0.,0.,0.,...,0.,0.,0.],
 [0.,0.,0.,...,0.,0.,0.]]","[-0.0391, 0.0002, 0.001 , 0.0042, 0.0002, 0.0184, 0.0073, 0.002 , 0.0036,
  0.0021]","[[ 2.7078e-03,-5.1646e-03, 1.3932e-04, 4.0065e-03,-3.5837e-03,-2.1121e-03,
  -9.0265e-06, 2.8733e-04, 2.0981e-03, 1.6305e-03]]"
85,"[0.  ,0.  ,0.  ,0.  ,0.  ,0.  ,0.  ,0.  ,0.  ,0.  ,0.  ,0.  ,0.  ,0.  ,
 0.  ,0.  ,0.  ,0.  ,0.  ,0.  ,0.  ,0.  ,0.  ,0.  ,0.  ,0.  ,0.  ,0.  ,
 0.  ,0.  ,0.  ,0.  ,0.  ,0.  ,0.  ,0.  ,0.  ,0.  ,0.  ,0.  ,0.  ,0.  ,
 0.  ,0.  ,0.  ,0.  ,0.  ,0.  ,0.  ,0.  ,0.  ,0.  ,0.  ,0.  ,0.  ,0.  ,
 0.  ,0.  ,0.  ,0.  ,0.  ,0.  ,0.  ,0.  ,0.  ,0.  ,0.  ,0.  ,0.  ,0.  ,
 0.  ,0.  ,0.  ,0.  ,0.  ,0.  ,0.  ,0.  ,0.  ,0.  ,0.  ,0.  ,0.  ,0.  ,
 0.  ,0.  ,0.  ,0.  ,0.  ,0.  ,0.  ,0.  ,0.  ,0.  ,0.  ,0.  ,0.  ,0.  ,
 0.  ,0.  ,0.  ,0.  ,0.  ,0.  ,0.  ,0.  ,0.  ,0.  ,0.  ,0.  ,0.  ,0.  ,
 0.  ,0.  ,0.  ,0.  ,0.  ,0.  ,0.  ,0.  ,0.  ,0.  ,0.  ,0.  ,0.  ,0.  ,
 0.  ,0.2 ,0.62,0.99,0.62,0.2 ,0.  ,0.  ,0.  ,0.  ,0.  ,0.  ,0.  ,0.  ,
 0.  ,0.  ,0.  ,0.  ,0.  ,0.  ,0.  ,0.  ,0.  ,0.  ,0.  ,0.  ,0.  ,0.  ,
 0.19,0.93,0.99,0.99,0.99,0.93,0.  ,0.  ,0.  ,0.  ,0.  ,0.  ,0.  ,0.  ,
 0.  ,0.  ,0.  ,0.  ,0.  ,0.  ,0.  ,0.  ,0.  ,0.  ,0.  ,0.  ,0.  ,0.21,
 0.89,0.99,0.99,0.94,0.91,0.99,0.22,0.02,0.  ,0.  ,0.  ,0.  ,0.  ,0.  ,
 0.  ,0.  ,0.  ,0.  ,0.  ,0.  ,0.  ,0.  ,0.  ,0.  ,0.  ,0.04,0.24,0.88,
 0.99,0.99,0.99,0.79,0.33,0.99,0.99,0.48,0.  ,0.  ,0.  ,0.  ,0.  ,0.  ,
 0.  ,0.  ,0.  ,0.  ,0.  ,0.  ,0.  ,0.  ,0.  ,0.  ,0.  ,0.64,0.99,0.99,
 0.99,0.99,0.99,0.99,0.38,0.74,0.99,0.65,0.  ,0.  ,0.  ,0.  ,0.  ,0.  ,
 0.  ,0.  ,0.  ,0.  ,0.  ,0.  ,0.  ,0.  ,0.  ,0.  ,0.2 ,0.93,0.99,0.99,
 0.75,0.45,0.99,0.89,0.18,0.31,1.  ,0.66,0.  ,0.  ,0.  ,0.  ,0.  ,0.  ,
 0.  ,0.  ,0.  ,0.  ,0.  ,0.  ,0.  ,0.  ,0.  ,0.19,0.93,0.99,0.99,0.7 ,
 0.05,0.29,0.47,0.08,0.  ,0.  ,0.99,0.95,0.2 ,0.  ,0.  ,0.  ,0.  ,0.  ,
 0.  ,0.  ,0.  ,0.  ,0.  ,0.  ,0.  ,0.  ,0.15,0.65,0.99,0.91,0.82,0.33,
 0.  ,0.  ,0.  ,0.  ,0.  ,0.  ,0.99,0.99,0.65,0.  ,0.  ,0.  ,0.  ,0.  ,
 0.  ,0.  ,0.  ,0.  ,0.  ,0.  ,0.  ,0.03,0.7 ,0.99,0.94,0.28,0.07,0.11,
 0.  ,0.  ,0.  ,0.  ,0.  ,0.  ,0.99,0.99,0.76,0.  ,0.  ,0.  ,0.  ,0.  ,
 0.  ,0.  ,0.  ,0.  ,0.  ,0.  ,0.  ,0.22,0.99,0.99,0.25,0.  ,0.  ,0.  ,
 0.  ,0.  ,0.  ,0.  ,0.  ,0.  ,0.99,0.99,0.76,0.  ,0.  ,0.  ,0.  ,0.  ,
 0.  ,0.  ,0.  ,0.  ,0.  ,0.  ,0.  ,0.78,0.99,0.75,0.  ,0.  ,0.  ,0.  ,
 0.  ,0.  ,0.  ,0.  ,0.  ,0.  ,1.  ,0.99,0.77,0.  ,0.  ,0.  ,0.  ,0.  ,
 0.  ,0.  ,0.  ,0.  ,0.  ,0.  ,0.3 ,0.96,0.99,0.44,0.  ,0.  ,0.  ,0.  ,
 0.  ,0.  ,0.  ,0.  ,0.  ,0.  ,0.99,0.99,0.58,0.  ,0.  ,0.  ,0.  ,0.  ,
 0.  ,0.  ,0.  ,0.  ,0.  ,0.  ,0.33,0.99,0.9 ,0.1 ,0.  ,0.  ,0.  ,0.  ,
 0.  ,0.  ,0.  ,0.  ,0.03,0.53,0.99,0.73,0.05,0.  ,0.  ,0.  ,0.  ,0.  ,
 0.  ,0.  ,0.  ,0.  ,0.  ,0.  ,0.33,0.99,0.87,0.  ,0.  ,0.  ,0.  ,0.  ,
 0.  ,0.  ,0.  ,0.03,0.51,0.99,0.88,0.28,0.  ,0.  ,0.  ,0.  ,0.  ,0.  ,
 0.  ,0.  ,0.  ,0.  ,0.  ,0.  ,0.33,0.99,0.57,0.  ,0.  ,0.  ,0.  ,0.  ,
 0.  ,0.  ,0.19,0.65,0.99,0.68,0.  ,0.  ,0.  ,0.  ,0.  ,0.  ,0.  ,0.  ,
 0.  ,0.  ,0.  ,0.  ,0.  ,0.  ,0.34,0.99,0.88,0.  ,0.  ,0.  ,0.  ,0.  ,
 0.  ,0.45,0.93,0.99,0.64,0.  ,0.  ,0.  ,0.  ,0.  ,0.  ,0.  ,0.  ,0.  ,
 0.  ,0.  ,0.  ,0.  ,0.  ,0.  ,0.33,0.99,0.98,0.57,0.19,0.11,0.33,0.7 ,
 0.88,0.99,0.87,0.65,0.22,0.  ,0.  ,0.  ,0.  ,0.  ,0.  ,0.  ,0.  ,0.  ,
 0.  ,0.  ,0.  ,0.  ,0.  ,0.  ,0.33,0.99,0.99,0.99,0.9 ,0.84,0.99,0.99,
 0.99,0.77,0.51,0.  ,0.  ,0.  ,0.  ,0.  ,0.  ,0.  ,0.  ,0.  ,0.  ,0.  ,
 0.  ,0.  ,0.  ,0.  ,0.  ,0.  ,0.11,0.78,0.99,0.99,0.99,0.99,0.99,0.91,
 0.57,0.  ,0.  ,0.  ,0.  ,0.  ,0.  ,0.  ,0.  ,0.  ,0.  ,0.  ,0.  ,0.  ,
 0.  ,0.  ,0.  ,0.  ,0.  ,0.  ,0.  ,0.1 ,0.5 ,0.99,0.99,0.99,0.55,0.15,
 0.  ,0.  ,0.  ,0.  ,0.  ,0.  ,0.  ,0.  ,0.  ,0.  ,0.  ,0.  ,0.  ,0.  ,
 0.  ,0.  ,0.  ,0.  ,0.  ,0.  ,0.  ,0.  ,0.  ,0.  ,0.  ,0.  ,0.  ,0.  ,
 0.  ,0.  ,0.  ,0.  ,0.  ,0.  ,0.  ,0.  ,0.  ,0.  ,0.  ,0.  ,0.  ,0.  ,
 0.  ,0.  ,0.  ,0.  ,0.  ,0.  ,0.  ,0.  ,0.  ,0.  ,0.  ,0.  ,0.  ,0.  ,
 0.  ,0.  ,0.  ,0.  ,0.  ,0.  ,0.  ,0.  ,0.  ,0.  ,0.  ,0.  ,0.  ,0.  ,
 0.  ,0.  ,0.  ,0.  ,0.  ,0.  ,0.  ,0.  ,0.  ,0.  ,0.  ,0.  ,0.  ,0.  ,
 0.  ,0.  ,0.  ,0.  ,0.  ,0.  ,0.  ,0.  ,0.  ,0.  ,0.  ,0.  ,0.  ,0.  ,
 0.  ,0.  ,0.  ,0.  ,0.  ,0.  ,0.  ,0.  ,0.  ,0.  ,0.  ,0.  ,0.  ,0.  ,
 0.  ,0.  ,0.  ,0.  ,0.  ,0.  ,0.  ,0.  ,0.  ,0.  ,0.  ,0.  ,0.  ,0.  ]",0,"[[-1.3498e-02,-4.8979e-03, 3.8246e-04,...,-1.1013e-02, 1.8778e-05,
   6.3096e-03],
 [-3.5537e-03,-2.9871e-03,-1.3974e-02,...,-5.6679e-03,-8.3602e-04,
   3.3509e-03],
 [-9.8223e-03,-9.9293e-03, 7.9568e-03,...,-2.7545e-03,-1.1057e-03,
   2.5672e-03],
 ...,
 [-7.8604e-03, 8.0771e-03, 1.3596e-02,...,-1.0829e-03,-1.1537e-03,
   3.9063e-03],
 [-5.7794e-03, 6.6186e-03, 1.2320e-03,..., 2.1307e-03,-6.7002e-03,
   5.2298e-03],
 [-2.5870e-03, 1.2748e-02,-2.7763e-03,...,-8.5902e-03, 7.8897e-03,
  -3.5166e-03]]","[[-0.067 , 0.1046,-0.0197,-0.0742, 0.0592, 0.0295, 0.006 ,-0.0031,-0.0263,
  -0.0089]]","[ 5.6032e+00,-2.8452e+00,-1.3193e+00, 1.6127e-01,-2.7200e+00, 1.6338e+00,
  7.1354e-01,-5.8042e-01,-6.1519e-04,-5.2739e-01]","[9.6144e-01,2.0599e-04,9.4734e-04,4.1642e-03,2.3346e-04,1.8158e-02,
 7.2340e-03,1.9834e-03,3.5418e-03,2.0915e-03]","[[0.,0.,0.,...,0.,0.,0.],
 [0.,0.,0.,...,0.,0.,0.],
 [0.,0.,0.,...,0.,0.,0.],
 ...,
 [0.,0.,0.,...,0.,0.,0.],
 [0.,0.,0.,...,0.,0.,0.],
 [0.,0.,0.,...,0.,0.,0.]]","[-0.0386, 0.0002, 0.0009, 0.0042, 0.0002, 0.0182, 0.0072, 0.002 , 0.0035,
  0.0021]","[[ 2.6741e-03,-5.1111e-03, 1.3148e-04, 3.9628e-03,-3.5477e-03,-2.0936e-03,
  -7.1696e-08, 2.8188e-04, 2.0808e-03, 1.6215e-03]]"
86,"[0.  ,0.  ,0.  ,0.  ,0.  ,0.  ,0.  ,0.  ,0.  ,0.  ,0.  ,0.  ,0.  ,0.  ,
 0.  ,0.  ,0.  ,0.  ,0.  ,0.  ,0.  ,0.  ,0.  ,0.  ,0.  ,0.  ,0.  ,0.  ,
 0.  ,0.  ,0.  ,0.  ,0.  ,0.  ,0.  ,0.  ,0.  ,0.  ,0.  ,0.  ,0.  ,0.  ,
 0.  ,0.  ,0.  ,0.  ,0.  ,0.  ,0.  ,0.  ,0.  ,0.  ,0.  ,0.  ,0.  ,0.  ,
 0.  ,0.  ,0.  ,0.  ,0.  ,0.  ,0.  ,0.  ,0.  ,0.  ,0.  ,0.  ,0.  ,0.  ,
 0.  ,0.  ,0.  ,0.  ,0.  ,0.  ,0.  ,0.  ,0.  ,0.  ,0.  ,0.  ,0.  ,0.  ,
 0.  ,0.  ,0.  ,0.  ,0.  ,0.  ,0.  ,0.  ,0.  ,0.  ,0.  ,0.  ,0.  ,0.  ,
 0.  ,0.  ,0.  ,0.  ,0.  ,0.  ,0.  ,0.  ,0.  ,0.  ,0.  ,0.  ,0.  ,0.  ,
 0.  ,0.  ,0.  ,0.  ,0.  ,0.  ,0.  ,0.  ,0.  ,0.  ,0.  ,0.  ,0.  ,0.  ,
 0.  ,0.2 ,0.62,0.99,0.62,0.2 ,0.  ,0.  ,0.  ,0.  ,0.  ,0.  ,0.  ,0.  ,
 0.  ,0.  ,0.  ,0.  ,0.  ,0.  ,0.  ,0.  ,0.  ,0.  ,0.  ,0.  ,0.  ,0.  ,
 0.19,0.93,0.99,0.99,0.99,0.93,0.  ,0.  ,0.  ,0.  ,0.  ,0.  ,0.  ,0.  ,
 0.  ,0.  ,0.  ,0.  ,0.  ,0.  ,0.  ,0.  ,0.  ,0.  ,0.  ,0.  ,0.  ,0.21,
 0.89,0.99,0.99,0.94,0.91,0.99,0.22,0.02,0.  ,0.  ,0.  ,0.  ,0.  ,0.  ,
 0.  ,0.  ,0.  ,0.  ,0.  ,0.  ,0.  ,0.  ,0.  ,0.  ,0.  ,0.04,0.24,0.88,
 0.99,0.99,0.99,0.79,0.33,0.99,0.99,0.48,0.  ,0.  ,0.  ,0.  ,0.  ,0.  ,
 0.  ,0.  ,0.  ,0.  ,0.  ,0.  ,0.  ,0.  ,0.  ,0.  ,0.  ,0.64,0.99,0.99,
 0.99,0.99,0.99,0.99,0.38,0.74,0.99,0.65,0.  ,0.  ,0.  ,0.  ,0.  ,0.  ,
 0.  ,0.  ,0.  ,0.  ,0.  ,0.  ,0.  ,0.  ,0.  ,0.  ,0.2 ,0.93,0.99,0.99,
 0.75,0.45,0.99,0.89,0.18,0.31,1.  ,0.66,0.  ,0.  ,0.  ,0.  ,0.  ,0.  ,
 0.  ,0.  ,0.  ,0.  ,0.  ,0.  ,0.  ,0.  ,0.  ,0.19,0.93,0.99,0.99,0.7 ,
 0.05,0.29,0.47,0.08,0.  ,0.  ,0.99,0.95,0.2 ,0.  ,0.  ,0.  ,0.  ,0.  ,
 0.  ,0.  ,0.  ,0.  ,0.  ,0.  ,0.  ,0.  ,0.15,0.65,0.99,0.91,0.82,0.33,
 0.  ,0.  ,0.  ,0.  ,0.  ,0.  ,0.99,0.99,0.65,0.  ,0.  ,0.  ,0.  ,0.  ,
 0.  ,0.  ,0.  ,0.  ,0.  ,0.  ,0.  ,0.03,0.7 ,0.99,0.94,0.28,0.07,0.11,
 0.  ,0.  ,0.  ,0.  ,0.  ,0.  ,0.99,0.99,0.76,0.  ,0.  ,0.  ,0.  ,0.  ,
 0.  ,0.  ,0.  ,0.  ,0.  ,0.  ,0.  ,0.22,0.99,0.99,0.25,0.  ,0.  ,0.  ,
 0.  ,0.  ,0.  ,0.  ,0.  ,0.  ,0.99,0.99,0.76,0.  ,0.  ,0.  ,0.  ,0.  ,
 0.  ,0.  ,0.  ,0.  ,0.  ,0.  ,0.  ,0.78,0.99,0.75,0.  ,0.  ,0.  ,0.  ,
 0.  ,0.  ,0.  ,0.  ,0.  ,0.  ,1.  ,0.99,0.77,0.  ,0.  ,0.  ,0.  ,0.  ,
 0.  ,0.  ,0.  ,0.  ,0.  ,0.  ,0.3 ,0.96,0.99,0.44,0.  ,0.  ,0.  ,0.  ,
 0.  ,0.  ,0.  ,0.  ,0.  ,0.  ,0.99,0.99,0.58,0.  ,0.  ,0.  ,0.  ,0.  ,
 0.  ,0.  ,0.  ,0.  ,0.  ,0.  ,0.33,0.99,0.9 ,0.1 ,0.  ,0.  ,0.  ,0.  ,
 0.  ,0.  ,0.  ,0.  ,0.03,0.53,0.99,0.73,0.05,0.  ,0.  ,0.  ,0.  ,0.  ,
 0.  ,0.  ,0.  ,0.  ,0.  ,0.  ,0.33,0.99,0.87,0.  ,0.  ,0.  ,0.  ,0.  ,
 0.  ,0.  ,0.  ,0.03,0.51,0.99,0.88,0.28,0.  ,0.  ,0.  ,0.  ,0.  ,0.  ,
 0.  ,0.  ,0.  ,0.  ,0.  ,0.  ,0.33,0.99,0.57,0.  ,0.  ,0.  ,0.  ,0.  ,
 0.  ,0.  ,0.19,0.65,0.99,0.68,0.  ,0.  ,0.  ,0.  ,0.  ,0.  ,0.  ,0.  ,
 0.  ,0.  ,0.  ,0.  ,0.  ,0.  ,0.34,0.99,0.88,0.  ,0.  ,0.  ,0.  ,0.  ,
 0.  ,0.45,0.93,0.99,0.64,0.  ,0.  ,0.  ,0.  ,0.  ,0.  ,0.  ,0.  ,0.  ,
 0.  ,0.  ,0.  ,0.  ,0.  ,0.  ,0.33,0.99,0.98,0.57,0.19,0.11,0.33,0.7 ,
 0.88,0.99,0.87,0.65,0.22,0.  ,0.  ,0.  ,0.  ,0.  ,0.  ,0.  ,0.  ,0.  ,
 0.  ,0.  ,0.  ,0.  ,0.  ,0.  ,0.33,0.99,0.99,0.99,0.9 ,0.84,0.99,0.99,
 0.99,0.77,0.51,0.  ,0.  ,0.  ,0.  ,0.  ,0.  ,0.  ,0.  ,0.  ,0.  ,0.  ,
 0.  ,0.  ,0.  ,0.  ,0.  ,0.  ,0.11,0.78,0.99,0.99,0.99,0.99,0.99,0.91,
 0.57,0.  ,0.  ,0.  ,0.  ,0.  ,0.  ,0.  ,0.  ,0.  ,0.  ,0.  ,0.  ,0.  ,
 0.  ,0.  ,0.  ,0.  ,0.  ,0.  ,0.  ,0.1 ,0.5 ,0.99,0.99,0.99,0.55,0.15,
 0.  ,0.  ,0.  ,0.  ,0.  ,0.  ,0.  ,0.  ,0.  ,0.  ,0.  ,0.  ,0.  ,0.  ,
 0.  ,0.  ,0.  ,0.  ,0.  ,0.  ,0.  ,0.  ,0.  ,0.  ,0.  ,0.  ,0.  ,0.  ,
 0.  ,0.  ,0.  ,0.  ,0.  ,0.  ,0.  ,0.  ,0.  ,0.  ,0.  ,0.  ,0.  ,0.  ,
 0.  ,0.  ,0.  ,0.  ,0.  ,0.  ,0.  ,0.  ,0.  ,0.  ,0.  ,0.  ,0.  ,0.  ,
 0.  ,0.  ,0.  ,0.  ,0.  ,0.  ,0.  ,0.  ,0.  ,0.  ,0.  ,0.  ,0.  ,0.  ,
 0.  ,0.  ,0.  ,0.  ,0.  ,0.  ,0.  ,0.  ,0.  ,0.  ,0.  ,0.  ,0.  ,0.  ,
 0.  ,0.  ,0.  ,0.  ,0.  ,0.  ,0.  ,0.  ,0.  ,0.  ,0.  ,0.  ,0.  ,0.  ,
 0.  ,0.  ,0.  ,0.  ,0.  ,0.  ,0.  ,0.  ,0.  ,0.  ,0.  ,0.  ,0.  ,0.  ,
 0.  ,0.  ,0.  ,0.  ,0.  ,0.  ,0.  ,0.  ,0.  ,0.  ,0.  ,0.  ,0.  ,0.  ]",0,"[[-1.3498e-02,-4.8979e-03, 3.8246e-04,...,-1.1013e-02, 1.8778e-05,
   6.3096e-03],
 [-3.5537e-03,-2.9871e-03,-1.3974e-02,...,-5.6679e-03,-8.3602e-04,
   3.3509e-03],
 [-9.8223e-03,-9.9293e-03, 7.9568e-03,...,-2.7545e-03,-1.1057e-03,
   2.5672e-03],
 ...,
 [-7.8604e-03, 8.0771e-03, 1.3596e-02,...,-1.0829e-03,-1.1537e-03,
   3.9063e-03],
 [-5.7794e-03, 6.6186e-03, 1.2320e-03,..., 2.1307e-03,-6.7002e-03,
   5.2298e-03],
 [-2.5870e-03, 1.2748e-02,-2.7763e-03,...,-8.5902e-03, 7.8897e-03,
  -3.5166e-03]]","[[-0.0673, 0.1051,-0.0197,-0.0746, 0.0595, 0.0297, 0.006 ,-0.0032,-0.0266,
  -0.0091]]","[ 5.6224e+00,-2.8573e+00,-1.3259e+00, 1.6420e-01,-2.7315e+00, 1.6402e+00,
  7.1899e-01,-5.8199e-01,-6.0633e-04,-5.2953e-01]","[9.6201e-01,1.9975e-04,9.2374e-04,4.0993e-03,2.2652e-04,1.7935e-02,
 7.1392e-03,1.9438e-03,3.4764e-03,2.0485e-03]","[[0.,0.,0.,...,0.,0.,0.],
 [0.,0.,0.,...,0.,0.,0.],
 [0.,0.,0.,...,0.,0.,0.],
 ...,
 [0.,0.,0.,...,0.,0.,0.],
 [0.,0.,0.,...,0.,0.,0.],
 [0.,0.,0.,...,0.,0.,0.]]","[-0.038 , 0.0002, 0.0009, 0.0041, 0.0002, 0.0179, 0.0071, 0.0019, 0.0035,
  0.002 ]","[[ 2.6412e-03,-5.0587e-03, 1.2403e-04, 3.9199e-03,-3.5123e-03,-2.0754e-03,
   8.5544e-06, 2.7654e-04, 2.0638e-03, 1.6124e-03]]"
87,"[0.  ,0.  ,0.  ,0.  ,0.  ,0.  ,0.  ,0.  ,0.  ,0.  ,0.  ,0.  ,0.  ,0.  ,
 0.  ,0.  ,0.  ,0.  ,0.  ,0.  ,0.  ,0.  ,0.  ,0.  ,0.  ,0.  ,0.  ,0.  ,
 0.  ,0.  ,0.  ,0.  ,0.  ,0.  ,0.  ,0.  ,0.  ,0.  ,0.  ,0.  ,0.  ,0.  ,
 0.  ,0.  ,0.  ,0.  ,0.  ,0.  ,0.  ,0.  ,0.  ,0.  ,0.  ,0.  ,0.  ,0.  ,
 0.  ,0.  ,0.  ,0.  ,0.  ,0.  ,0.  ,0.  ,0.  ,0.  ,0.  ,0.  ,0.  ,0.  ,
 0.  ,0.  ,0.  ,0.  ,0.  ,0.  ,0.  ,0.  ,0.  ,0.  ,0.  ,0.  ,0.  ,0.  ,
 0.  ,0.  ,0.  ,0.  ,0.  ,0.  ,0.  ,0.  ,0.  ,0.  ,0.  ,0.  ,0.  ,0.  ,
 0.  ,0.  ,0.  ,0.  ,0.  ,0.  ,0.  ,0.  ,0.  ,0.  ,0.  ,0.  ,0.  ,0.  ,
 0.  ,0.  ,0.  ,0.  ,0.  ,0.  ,0.  ,0.  ,0.  ,0.  ,0.  ,0.  ,0.  ,0.  ,
 0.  ,0.2 ,0.62,0.99,0.62,0.2 ,0.  ,0.  ,0.  ,0.  ,0.  ,0.  ,0.  ,0.  ,
 0.  ,0.  ,0.  ,0.  ,0.  ,0.  ,0.  ,0.  ,0.  ,0.  ,0.  ,0.  ,0.  ,0.  ,
 0.19,0.93,0.99,0.99,0.99,0.93,0.  ,0.  ,0.  ,0.  ,0.  ,0.  ,0.  ,0.  ,
 0.  ,0.  ,0.  ,0.  ,0.  ,0.  ,0.  ,0.  ,0.  ,0.  ,0.  ,0.  ,0.  ,0.21,
 0.89,0.99,0.99,0.94,0.91,0.99,0.22,0.02,0.  ,0.  ,0.  ,0.  ,0.  ,0.  ,
 0.  ,0.  ,0.  ,0.  ,0.  ,0.  ,0.  ,0.  ,0.  ,0.  ,0.  ,0.04,0.24,0.88,
 0.99,0.99,0.99,0.79,0.33,0.99,0.99,0.48,0.  ,0.  ,0.  ,0.  ,0.  ,0.  ,
 0.  ,0.  ,0.  ,0.  ,0.  ,0.  ,0.  ,0.  ,0.  ,0.  ,0.  ,0.64,0.99,0.99,
 0.99,0.99,0.99,0.99,0.38,0.74,0.99,0.65,0.  ,0.  ,0.  ,0.  ,0.  ,0.  ,
 0.  ,0.  ,0.  ,0.  ,0.  ,0.  ,0.  ,0.  ,0.  ,0.  ,0.2 ,0.93,0.99,0.99,
 0.75,0.45,0.99,0.89,0.18,0.31,1.  ,0.66,0.  ,0.  ,0.  ,0.  ,0.  ,0.  ,
 0.  ,0.  ,0.  ,0.  ,0.  ,0.  ,0.  ,0.  ,0.  ,0.19,0.93,0.99,0.99,0.7 ,
 0.05,0.29,0.47,0.08,0.  ,0.  ,0.99,0.95,0.2 ,0.  ,0.  ,0.  ,0.  ,0.  ,
 0.  ,0.  ,0.  ,0.  ,0.  ,0.  ,0.  ,0.  ,0.15,0.65,0.99,0.91,0.82,0.33,
 0.  ,0.  ,0.  ,0.  ,0.  ,0.  ,0.99,0.99,0.65,0.  ,0.  ,0.  ,0.  ,0.  ,
 0.  ,0.  ,0.  ,0.  ,0.  ,0.  ,0.  ,0.03,0.7 ,0.99,0.94,0.28,0.07,0.11,
 0.  ,0.  ,0.  ,0.  ,0.  ,0.  ,0.99,0.99,0.76,0.  ,0.  ,0.  ,0.  ,0.  ,
 0.  ,0.  ,0.  ,0.  ,0.  ,0.  ,0.  ,0.22,0.99,0.99,0.25,0.  ,0.  ,0.  ,
 0.  ,0.  ,0.  ,0.  ,0.  ,0.  ,0.99,0.99,0.76,0.  ,0.  ,0.  ,0.  ,0.  ,
 0.  ,0.  ,0.  ,0.  ,0.  ,0.  ,0.  ,0.78,0.99,0.75,0.  ,0.  ,0.  ,0.  ,
 0.  ,0.  ,0.  ,0.  ,0.  ,0.  ,1.  ,0.99,0.77,0.  ,0.  ,0.  ,0.  ,0.  ,
 0.  ,0.  ,0.  ,0.  ,0.  ,0.  ,0.3 ,0.96,0.99,0.44,0.  ,0.  ,0.  ,0.  ,
 0.  ,0.  ,0.  ,0.  ,0.  ,0.  ,0.99,0.99,0.58,0.  ,0.  ,0.  ,0.  ,0.  ,
 0.  ,0.  ,0.  ,0.  ,0.  ,0.  ,0.33,0.99,0.9 ,0.1 ,0.  ,0.  ,0.  ,0.  ,
 0.  ,0.  ,0.  ,0.  ,0.03,0.53,0.99,0.73,0.05,0.  ,0.  ,0.  ,0.  ,0.  ,
 0.  ,0.  ,0.  ,0.  ,0.  ,0.  ,0.33,0.99,0.87,0.  ,0.  ,0.  ,0.  ,0.  ,
 0.  ,0.  ,0.  ,0.03,0.51,0.99,0.88,0.28,0.  ,0.  ,0.  ,0.  ,0.  ,0.  ,
 0.  ,0.  ,0.  ,0.  ,0.  ,0.  ,0.33,0.99,0.57,0.  ,0.  ,0.  ,0.  ,0.  ,
 0.  ,0.  ,0.19,0.65,0.99,0.68,0.  ,0.  ,0.  ,0.  ,0.  ,0.  ,0.  ,0.  ,
 0.  ,0.  ,0.  ,0.  ,0.  ,0.  ,0.34,0.99,0.88,0.  ,0.  ,0.  ,0.  ,0.  ,
 0.  ,0.45,0.93,0.99,0.64,0.  ,0.  ,0.  ,0.  ,0.  ,0.  ,0.  ,0.  ,0.  ,
 0.  ,0.  ,0.  ,0.  ,0.  ,0.  ,0.33,0.99,0.98,0.57,0.19,0.11,0.33,0.7 ,
 0.88,0.99,0.87,0.65,0.22,0.  ,0.  ,0.  ,0.  ,0.  ,0.  ,0.  ,0.  ,0.  ,
 0.  ,0.  ,0.  ,0.  ,0.  ,0.  ,0.33,0.99,0.99,0.99,0.9 ,0.84,0.99,0.99,
 0.99,0.77,0.51,0.  ,0.  ,0.  ,0.  ,0.  ,0.  ,0.  ,0.  ,0.  ,0.  ,0.  ,
 0.  ,0.  ,0.  ,0.  ,0.  ,0.  ,0.11,0.78,0.99,0.99,0.99,0.99,0.99,0.91,
 0.57,0.  ,0.  ,0.  ,0.  ,0.  ,0.  ,0.  ,0.  ,0.  ,0.  ,0.  ,0.  ,0.  ,
 0.  ,0.  ,0.  ,0.  ,0.  ,0.  ,0.  ,0.1 ,0.5 ,0.99,0.99,0.99,0.55,0.15,
 0.  ,0.  ,0.  ,0.  ,0.  ,0.  ,0.  ,0.  ,0.  ,0.  ,0.  ,0.  ,0.  ,0.  ,
 0.  ,0.  ,0.  ,0.  ,0.  ,0.  ,0.  ,0.  ,0.  ,0.  ,0.  ,0.  ,0.  ,0.  ,
 0.  ,0.  ,0.  ,0.  ,0.  ,0.  ,0.  ,0.  ,0.  ,0.  ,0.  ,0.  ,0.  ,0.  ,
 0.  ,0.  ,0.  ,0.  ,0.  ,0.  ,0.  ,0.  ,0.  ,0.  ,0.  ,0.  ,0.  ,0.  ,
 0.  ,0.  ,0.  ,0.  ,0.  ,0.  ,0.  ,0.  ,0.  ,0.  ,0.  ,0.  ,0.  ,0.  ,
 0.  ,0.  ,0.  ,0.  ,0.  ,0.  ,0.  ,0.  ,0.  ,0.  ,0.  ,0.  ,0.  ,0.  ,
 0.  ,0.  ,0.  ,0.  ,0.  ,0.  ,0.  ,0.  ,0.  ,0.  ,0.  ,0.  ,0.  ,0.  ,
 0.  ,0.  ,0.  ,0.  ,0.  ,0.  ,0.  ,0.  ,0.  ,0.  ,0.  ,0.  ,0.  ,0.  ,
 0.  ,0.  ,0.  ,0.  ,0.  ,0.  ,0.  ,0.  ,0.  ,0.  ,0.  ,0.  ,0.  ,0.  ]",0,"[[-1.3498e-02,-4.8979e-03, 3.8246e-04,...,-1.1013e-02, 1.8778e-05,
   6.3096e-03],
 [-3.5537e-03,-2.9871e-03,-1.3974e-02,...,-5.6679e-03,-8.3602e-04,
   3.3509e-03],
 [-9.8223e-03,-9.9293e-03, 7.9568e-03,...,-2.7545e-03,-1.1057e-03,
   2.5672e-03],
 ...,
 [-7.8604e-03, 8.0771e-03, 1.3596e-02,...,-1.0829e-03,-1.1537e-03,
   3.9063e-03],
 [-5.7794e-03, 6.6186e-03, 1.2320e-03,..., 2.1307e-03,-6.7002e-03,
   5.2298e-03],
 [-2.5870e-03, 1.2748e-02,-2.7763e-03,...,-8.5902e-03, 7.8897e-03,
  -3.5166e-03]]","[[-0.0676, 0.1056,-0.0197,-0.0749, 0.0599, 0.0299, 0.006 ,-0.0032,-0.0268,
  -0.0092]]","[ 5.6414e+00,-2.8693e+00,-1.3325e+00, 1.6712e-01,-2.7429e+00, 1.6464e+00,
  7.2439e-01,-5.8352e-01,-6.1650e-04,-5.3163e-01]","[9.6256e-01,1.9377e-04,9.0097e-04,4.0362e-03,2.1987e-04,1.7718e-02,
 7.0468e-03,1.9053e-03,3.4129e-03,2.0068e-03]","[[0.,0.,0.,...,0.,0.,0.],
 [0.,0.,0.,...,0.,0.,0.],
 [0.,0.,0.,...,0.,0.,0.],
 ...,
 [0.,0.,0.,...,0.,0.,0.],
 [0.,0.,0.,...,0.,0.,0.],
 [0.,0.,0.,...,0.,0.,0.]]","[-0.0374, 0.0002, 0.0009, 0.004 , 0.0002, 0.0177, 0.007 , 0.0019, 0.0034,
  0.002 ]","[[ 2.6090e-03,-5.0076e-03, 1.1696e-04, 3.8779e-03,-3.4775e-03,-2.0575e-03,
   1.6861e-05, 2.7131e-04, 2.0471e-03, 1.6034e-03]]"
88,"[0.  ,0.  ,0.  ,0.  ,0.  ,0.  ,0.  ,0.  ,0.  ,0.  ,0.  ,0.  ,0.  ,0.  ,
 0.  ,0.  ,0.  ,0.  ,0.  ,0.  ,0.  ,0.  ,0.  ,0.  ,0.  ,0.  ,0.  ,0.  ,
 0.  ,0.  ,0.  ,0.  ,0.  ,0.  ,0.  ,0.  ,0.  ,0.  ,0.  ,0.  ,0.  ,0.  ,
 0.  ,0.  ,0.  ,0.  ,0.  ,0.  ,0.  ,0.  ,0.  ,0.  ,0.  ,0.  ,0.  ,0.  ,
 0.  ,0.  ,0.  ,0.  ,0.  ,0.  ,0.  ,0.  ,0.  ,0.  ,0.  ,0.  ,0.  ,0.  ,
 0.  ,0.  ,0.  ,0.  ,0.  ,0.  ,0.  ,0.  ,0.  ,0.  ,0.  ,0.  ,0.  ,0.  ,
 0.  ,0.  ,0.  ,0.  ,0.  ,0.  ,0.  ,0.  ,0.  ,0.  ,0.  ,0.  ,0.  ,0.  ,
 0.  ,0.  ,0.  ,0.  ,0.  ,0.  ,0.  ,0.  ,0.  ,0.  ,0.  ,0.  ,0.  ,0.  ,
 0.  ,0.  ,0.  ,0.  ,0.  ,0.  ,0.  ,0.  ,0.  ,0.  ,0.  ,0.  ,0.  ,0.  ,
 0.  ,0.2 ,0.62,0.99,0.62,0.2 ,0.  ,0.  ,0.  ,0.  ,0.  ,0.  ,0.  ,0.  ,
 0.  ,0.  ,0.  ,0.  ,0.  ,0.  ,0.  ,0.  ,0.  ,0.  ,0.  ,0.  ,0.  ,0.  ,
 0.19,0.93,0.99,0.99,0.99,0.93,0.  ,0.  ,0.  ,0.  ,0.  ,0.  ,0.  ,0.  ,
 0.  ,0.  ,0.  ,0.  ,0.  ,0.  ,0.  ,0.  ,0.  ,0.  ,0.  ,0.  ,0.  ,0.21,
 0.89,0.99,0.99,0.94,0.91,0.99,0.22,0.02,0.  ,0.  ,0.  ,0.  ,0.  ,0.  ,
 0.  ,0.  ,0.  ,0.  ,0.  ,0.  ,0.  ,0.  ,0.  ,0.  ,0.  ,0.04,0.24,0.88,
 0.99,0.99,0.99,0.79,0.33,0.99,0.99,0.48,0.  ,0.  ,0.  ,0.  ,0.  ,0.  ,
 0.  ,0.  ,0.  ,0.  ,0.  ,0.  ,0.  ,0.  ,0.  ,0.  ,0.  ,0.64,0.99,0.99,
 0.99,0.99,0.99,0.99,0.38,0.74,0.99,0.65,0.  ,0.  ,0.  ,0.  ,0.  ,0.  ,
 0.  ,0.  ,0.  ,0.  ,0.  ,0.  ,0.  ,0.  ,0.  ,0.  ,0.2 ,0.93,0.99,0.99,
 0.75,0.45,0.99,0.89,0.18,0.31,1.  ,0.66,0.  ,0.  ,0.  ,0.  ,0.  ,0.  ,
 0.  ,0.  ,0.  ,0.  ,0.  ,0.  ,0.  ,0.  ,0.  ,0.19,0.93,0.99,0.99,0.7 ,
 0.05,0.29,0.47,0.08,0.  ,0.  ,0.99,0.95,0.2 ,0.  ,0.  ,0.  ,0.  ,0.  ,
 0.  ,0.  ,0.  ,0.  ,0.  ,0.  ,0.  ,0.  ,0.15,0.65,0.99,0.91,0.82,0.33,
 0.  ,0.  ,0.  ,0.  ,0.  ,0.  ,0.99,0.99,0.65,0.  ,0.  ,0.  ,0.  ,0.  ,
 0.  ,0.  ,0.  ,0.  ,0.  ,0.  ,0.  ,0.03,0.7 ,0.99,0.94,0.28,0.07,0.11,
 0.  ,0.  ,0.  ,0.  ,0.  ,0.  ,0.99,0.99,0.76,0.  ,0.  ,0.  ,0.  ,0.  ,
 0.  ,0.  ,0.  ,0.  ,0.  ,0.  ,0.  ,0.22,0.99,0.99,0.25,0.  ,0.  ,0.  ,
 0.  ,0.  ,0.  ,0.  ,0.  ,0.  ,0.99,0.99,0.76,0.  ,0.  ,0.  ,0.  ,0.  ,
 0.  ,0.  ,0.  ,0.  ,0.  ,0.  ,0.  ,0.78,0.99,0.75,0.  ,0.  ,0.  ,0.  ,
 0.  ,0.  ,0.  ,0.  ,0.  ,0.  ,1.  ,0.99,0.77,0.  ,0.  ,0.  ,0.  ,0.  ,
 0.  ,0.  ,0.  ,0.  ,0.  ,0.  ,0.3 ,0.96,0.99,0.44,0.  ,0.  ,0.  ,0.  ,
 0.  ,0.  ,0.  ,0.  ,0.  ,0.  ,0.99,0.99,0.58,0.  ,0.  ,0.  ,0.  ,0.  ,
 0.  ,0.  ,0.  ,0.  ,0.  ,0.  ,0.33,0.99,0.9 ,0.1 ,0.  ,0.  ,0.  ,0.  ,
 0.  ,0.  ,0.  ,0.  ,0.03,0.53,0.99,0.73,0.05,0.  ,0.  ,0.  ,0.  ,0.  ,
 0.  ,0.  ,0.  ,0.  ,0.  ,0.  ,0.33,0.99,0.87,0.  ,0.  ,0.  ,0.  ,0.  ,
 0.  ,0.  ,0.  ,0.03,0.51,0.99,0.88,0.28,0.  ,0.  ,0.  ,0.  ,0.  ,0.  ,
 0.  ,0.  ,0.  ,0.  ,0.  ,0.  ,0.33,0.99,0.57,0.  ,0.  ,0.  ,0.  ,0.  ,
 0.  ,0.  ,0.19,0.65,0.99,0.68,0.  ,0.  ,0.  ,0.  ,0.  ,0.  ,0.  ,0.  ,
 0.  ,0.  ,0.  ,0.  ,0.  ,0.  ,0.34,0.99,0.88,0.  ,0.  ,0.  ,0.  ,0.  ,
 0.  ,0.45,0.93,0.99,0.64,0.  ,0.  ,0.  ,0.  ,0.  ,0.  ,0.  ,0.  ,0.  ,
 0.  ,0.  ,0.  ,0.  ,0.  ,0.  ,0.33,0.99,0.98,0.57,0.19,0.11,0.33,0.7 ,
 0.88,0.99,0.87,0.65,0.22,0.  ,0.  ,0.  ,0.  ,0.  ,0.  ,0.  ,0.  ,0.  ,
 0.  ,0.  ,0.  ,0.  ,0.  ,0.  ,0.33,0.99,0.99,0.99,0.9 ,0.84,0.99,0.99,
 0.99,0.77,0.51,0.  ,0.  ,0.  ,0.  ,0.  ,0.  ,0.  ,0.  ,0.  ,0.  ,0.  ,
 0.  ,0.  ,0.  ,0.  ,0.  ,0.  ,0.11,0.78,0.99,0.99,0.99,0.99,0.99,0.91,
 0.57,0.  ,0.  ,0.  ,0.  ,0.  ,0.  ,0.  ,0.  ,0.  ,0.  ,0.  ,0.  ,0.  ,
 0.  ,0.  ,0.  ,0.  ,0.  ,0.  ,0.  ,0.1 ,0.5 ,0.99,0.99,0.99,0.55,0.15,
 0.  ,0.  ,0.  ,0.  ,0.  ,0.  ,0.  ,0.  ,0.  ,0.  ,0.  ,0.  ,0.  ,0.  ,
 0.  ,0.  ,0.  ,0.  ,0.  ,0.  ,0.  ,0.  ,0.  ,0.  ,0.  ,0.  ,0.  ,0.  ,
 0.  ,0.  ,0.  ,0.  ,0.  ,0.  ,0.  ,0.  ,0.  ,0.  ,0.  ,0.  ,0.  ,0.  ,
 0.  ,0.  ,0.  ,0.  ,0.  ,0.  ,0.  ,0.  ,0.  ,0.  ,0.  ,0.  ,0.  ,0.  ,
 0.  ,0.  ,0.  ,0.  ,0.  ,0.  ,0.  ,0.  ,0.  ,0.  ,0.  ,0.  ,0.  ,0.  ,
 0.  ,0.  ,0.  ,0.  ,0.  ,0.  ,0.  ,0.  ,0.  ,0.  ,0.  ,0.  ,0.  ,0.  ,
 0.  ,0.  ,0.  ,0.  ,0.  ,0.  ,0.  ,0.  ,0.  ,0.  ,0.  ,0.  ,0.  ,0.  ,
 0.  ,0.  ,0.  ,0.  ,0.  ,0.  ,0.  ,0.  ,0.  ,0.  ,0.  ,0.  ,0.  ,0.  ,
 0.  ,0.  ,0.  ,0.  ,0.  ,0.  ,0.  ,0.  ,0.  ,0.  ,0.  ,0.  ,0.  ,0.  ]",0,"[[-1.3498e-02,-4.8979e-03, 3.8246e-04,...,-1.1013e-02, 1.8778e-05,
   6.3096e-03],
 [-3.5537e-03,-2.9871e-03,-1.3974e-02,...,-5.6679e-03,-8.3602e-04,
   3.3509e-03],
 [-9.8223e-03,-9.9293e-03, 7.9568e-03,...,-2.7545e-03,-1.1057e-03,
   2.5672e-03],
 ...,
 [-7.8604e-03, 8.0771e-03, 1.3596e-02,...,-1.0829e-03,-1.1537e-03,
   3.9063e-03],
 [-5.7794e-03, 6.6186e-03, 1.2320e-03,..., 2.1307e-03,-6.7002e-03,
   5.2298e-03],
 [-2.5870e-03, 1.2748e-02,-2.7763e-03,...,-8.5902e-03, 7.8897e-03,
  -3.5166e-03]]","[[-0.0678, 0.1061,-0.0197,-0.0753, 0.0602, 0.0302, 0.006 ,-0.0032,-0.027 ,
  -0.0094]]","[ 5.6602e+00,-2.8811e+00,-1.3389e+00, 1.7001e-01,-2.7542e+00, 1.6525e+00,
  7.2974e-01,-5.8503e-01,-6.4506e-04,-5.3372e-01]","[9.6310e-01,1.8804e-04,8.7900e-04,3.9748e-03,2.1348e-04,1.7505e-02,
 6.9567e-03,1.8681e-03,3.3512e-03,1.9665e-03]","[[0.,0.,0.,...,0.,0.,0.],
 [0.,0.,0.,...,0.,0.,0.],
 [0.,0.,0.,...,0.,0.,0.],
 ...,
 [0.,0.,0.,...,0.,0.,0.],
 [0.,0.,0.,...,0.,0.,0.],
 [0.,0.,0.,...,0.,0.,0.]]","[-0.0369, 0.0002, 0.0009, 0.004 , 0.0002, 0.0175, 0.007 , 0.0019, 0.0034,
  0.002 ]","[[ 2.5775e-03,-4.9576e-03, 1.1026e-04, 3.8368e-03,-3.4433e-03,-2.0398e-03,
   2.4858e-05, 2.6619e-04, 2.0308e-03, 1.5943e-03]]"
89,"[0.  ,0.  ,0.  ,0.  ,0.  ,0.  ,0.  ,0.  ,0.  ,0.  ,0.  ,0.  ,0.  ,0.  ,
 0.  ,0.  ,0.  ,0.  ,0.  ,0.  ,0.  ,0.  ,0.  ,0.  ,0.  ,0.  ,0.  ,0.  ,
 0.  ,0.  ,0.  ,0.  ,0.  ,0.  ,0.  ,0.  ,0.  ,0.  ,0.  ,0.  ,0.  ,0.  ,
 0.  ,0.  ,0.  ,0.  ,0.  ,0.  ,0.  ,0.  ,0.  ,0.  ,0.  ,0.  ,0.  ,0.  ,
 0.  ,0.  ,0.  ,0.  ,0.  ,0.  ,0.  ,0.  ,0.  ,0.  ,0.  ,0.  ,0.  ,0.  ,
 0.  ,0.  ,0.  ,0.  ,0.  ,0.  ,0.  ,0.  ,0.  ,0.  ,0.  ,0.  ,0.  ,0.  ,
 0.  ,0.  ,0.  ,0.  ,0.  ,0.  ,0.  ,0.  ,0.  ,0.  ,0.  ,0.  ,0.  ,0.  ,
 0.  ,0.  ,0.  ,0.  ,0.  ,0.  ,0.  ,0.  ,0.  ,0.  ,0.  ,0.  ,0.  ,0.  ,
 0.  ,0.  ,0.  ,0.  ,0.  ,0.  ,0.  ,0.  ,0.  ,0.  ,0.  ,0.  ,0.  ,0.  ,
 0.  ,0.2 ,0.62,0.99,0.62,0.2 ,0.  ,0.  ,0.  ,0.  ,0.  ,0.  ,0.  ,0.  ,
 0.  ,0.  ,0.  ,0.  ,0.  ,0.  ,0.  ,0.  ,0.  ,0.  ,0.  ,0.  ,0.  ,0.  ,
 0.19,0.93,0.99,0.99,0.99,0.93,0.  ,0.  ,0.  ,0.  ,0.  ,0.  ,0.  ,0.  ,
 0.  ,0.  ,0.  ,0.  ,0.  ,0.  ,0.  ,0.  ,0.  ,0.  ,0.  ,0.  ,0.  ,0.21,
 0.89,0.99,0.99,0.94,0.91,0.99,0.22,0.02,0.  ,0.  ,0.  ,0.  ,0.  ,0.  ,
 0.  ,0.  ,0.  ,0.  ,0.  ,0.  ,0.  ,0.  ,0.  ,0.  ,0.  ,0.04,0.24,0.88,
 0.99,0.99,0.99,0.79,0.33,0.99,0.99,0.48,0.  ,0.  ,0.  ,0.  ,0.  ,0.  ,
 0.  ,0.  ,0.  ,0.  ,0.  ,0.  ,0.  ,0.  ,0.  ,0.  ,0.  ,0.64,0.99,0.99,
 0.99,0.99,0.99,0.99,0.38,0.74,0.99,0.65,0.  ,0.  ,0.  ,0.  ,0.  ,0.  ,
 0.  ,0.  ,0.  ,0.  ,0.  ,0.  ,0.  ,0.  ,0.  ,0.  ,0.2 ,0.93,0.99,0.99,
 0.75,0.45,0.99,0.89,0.18,0.31,1.  ,0.66,0.  ,0.  ,0.  ,0.  ,0.  ,0.  ,
 0.  ,0.  ,0.  ,0.  ,0.  ,0.  ,0.  ,0.  ,0.  ,0.19,0.93,0.99,0.99,0.7 ,
 0.05,0.29,0.47,0.08,0.  ,0.  ,0.99,0.95,0.2 ,0.  ,0.  ,0.  ,0.  ,0.  ,
 0.  ,0.  ,0.  ,0.  ,0.  ,0.  ,0.  ,0.  ,0.15,0.65,0.99,0.91,0.82,0.33,
 0.  ,0.  ,0.  ,0.  ,0.  ,0.  ,0.99,0.99,0.65,0.  ,0.  ,0.  ,0.  ,0.  ,
 0.  ,0.  ,0.  ,0.  ,0.  ,0.  ,0.  ,0.03,0.7 ,0.99,0.94,0.28,0.07,0.11,
 0.  ,0.  ,0.  ,0.  ,0.  ,0.  ,0.99,0.99,0.76,0.  ,0.  ,0.  ,0.  ,0.  ,
 0.  ,0.  ,0.  ,0.  ,0.  ,0.  ,0.  ,0.22,0.99,0.99,0.25,0.  ,0.  ,0.  ,
 0.  ,0.  ,0.  ,0.  ,0.  ,0.  ,0.99,0.99,0.76,0.  ,0.  ,0.  ,0.  ,0.  ,
 0.  ,0.  ,0.  ,0.  ,0.  ,0.  ,0.  ,0.78,0.99,0.75,0.  ,0.  ,0.  ,0.  ,
 0.  ,0.  ,0.  ,0.  ,0.  ,0.  ,1.  ,0.99,0.77,0.  ,0.  ,0.  ,0.  ,0.  ,
 0.  ,0.  ,0.  ,0.  ,0.  ,0.  ,0.3 ,0.96,0.99,0.44,0.  ,0.  ,0.  ,0.  ,
 0.  ,0.  ,0.  ,0.  ,0.  ,0.  ,0.99,0.99,0.58,0.  ,0.  ,0.  ,0.  ,0.  ,
 0.  ,0.  ,0.  ,0.  ,0.  ,0.  ,0.33,0.99,0.9 ,0.1 ,0.  ,0.  ,0.  ,0.  ,
 0.  ,0.  ,0.  ,0.  ,0.03,0.53,0.99,0.73,0.05,0.  ,0.  ,0.  ,0.  ,0.  ,
 0.  ,0.  ,0.  ,0.  ,0.  ,0.  ,0.33,0.99,0.87,0.  ,0.  ,0.  ,0.  ,0.  ,
 0.  ,0.  ,0.  ,0.03,0.51,0.99,0.88,0.28,0.  ,0.  ,0.  ,0.  ,0.  ,0.  ,
 0.  ,0.  ,0.  ,0.  ,0.  ,0.  ,0.33,0.99,0.57,0.  ,0.  ,0.  ,0.  ,0.  ,
 0.  ,0.  ,0.19,0.65,0.99,0.68,0.  ,0.  ,0.  ,0.  ,0.  ,0.  ,0.  ,0.  ,
 0.  ,0.  ,0.  ,0.  ,0.  ,0.  ,0.34,0.99,0.88,0.  ,0.  ,0.  ,0.  ,0.  ,
 0.  ,0.45,0.93,0.99,0.64,0.  ,0.  ,0.  ,0.  ,0.  ,0.  ,0.  ,0.  ,0.  ,
 0.  ,0.  ,0.  ,0.  ,0.  ,0.  ,0.33,0.99,0.98,0.57,0.19,0.11,0.33,0.7 ,
 0.88,0.99,0.87,0.65,0.22,0.  ,0.  ,0.  ,0.  ,0.  ,0.  ,0.  ,0.  ,0.  ,
 0.  ,0.  ,0.  ,0.  ,0.  ,0.  ,0.33,0.99,0.99,0.99,0.9 ,0.84,0.99,0.99,
 0.99,0.77,0.51,0.  ,0.  ,0.  ,0.  ,0.  ,0.  ,0.  ,0.  ,0.  ,0.  ,0.  ,
 0.  ,0.  ,0.  ,0.  ,0.  ,0.  ,0.11,0.78,0.99,0.99,0.99,0.99,0.99,0.91,
 0.57,0.  ,0.  ,0.  ,0.  ,0.  ,0.  ,0.  ,0.  ,0.  ,0.  ,0.  ,0.  ,0.  ,
 0.  ,0.  ,0.  ,0.  ,0.  ,0.  ,0.  ,0.1 ,0.5 ,0.99,0.99,0.99,0.55,0.15,
 0.  ,0.  ,0.  ,0.  ,0.  ,0.  ,0.  ,0.  ,0.  ,0.  ,0.  ,0.  ,0.  ,0.  ,
 0.  ,0.  ,0.  ,0.  ,0.  ,0.  ,0.  ,0.  ,0.  ,0.  ,0.  ,0.  ,0.  ,0.  ,
 0.  ,0.  ,0.  ,0.  ,0.  ,0.  ,0.  ,0.  ,0.  ,0.  ,0.  ,0.  ,0.  ,0.  ,
 0.  ,0.  ,0.  ,0.  ,0.  ,0.  ,0.  ,0.  ,0.  ,0.  ,0.  ,0.  ,0.  ,0.  ,
 0.  ,0.  ,0.  ,0.  ,0.  ,0.  ,0.  ,0.  ,0.  ,0.  ,0.  ,0.  ,0.  ,0.  ,
 0.  ,0.  ,0.  ,0.  ,0.  ,0.  ,0.  ,0.  ,0.  ,0.  ,0.  ,0.  ,0.  ,0.  ,
 0.  ,0.  ,0.  ,0.  ,0.  ,0.  ,0.  ,0.  ,0.  ,0.  ,0.  ,0.  ,0.  ,0.  ,
 0.  ,0.  ,0.  ,0.  ,0.  ,0.  ,0.  ,0.  ,0.  ,0.  ,0.  ,0.  ,0.  ,0.  ,
 0.  ,0.  ,0.  ,0.  ,0.  ,0.  ,0.  ,0.  ,0.  ,0.  ,0.  ,0.  ,0.  ,0.  ]",0,"[[-1.3498e-02,-4.8979e-03, 3.8246e-04,...,-1.1013e-02, 1.8778e-05,
   6.3096e-03],
 [-3.5537e-03,-2.9871e-03,-1.3974e-02,...,-5.6679e-03,-8.3602e-04,
   3.3509e-03],
 [-9.8223e-03,-9.9293e-03, 7.9568e-03,...,-2.7545e-03,-1.1057e-03,
   2.5672e-03],
 ...,
 [-7.8604e-03, 8.0771e-03, 1.3596e-02,...,-1.0829e-03,-1.1537e-03,
   3.9063e-03],
 [-5.7794e-03, 6.6186e-03, 1.2320e-03,..., 2.1307e-03,-6.7002e-03,
   5.2298e-03],
 [-2.5870e-03, 1.2748e-02,-2.7763e-03,...,-8.5902e-03, 7.8897e-03,
  -3.5166e-03]]","[[-0.0681, 0.1066,-0.0197,-0.0757, 0.0606, 0.0304, 0.006 ,-0.0033,-0.0272,
  -0.0095]]","[ 5.6787e+00,-2.8928e+00,-1.3454e+00, 1.7289e-01,-2.7653e+00, 1.6586e+00,
  7.3504e-01,-5.8651e-01,-6.9140e-04,-5.3578e-01]","[9.6362e-01,1.8254e-04,8.5779e-04,3.9151e-03,2.0735e-04,1.7297e-02,
 6.8689e-03,1.8321e-03,3.2913e-03,1.9274e-03]","[[0.,0.,0.,...,0.,0.,0.],
 [0.,0.,0.,...,0.,0.,0.],
 [0.,0.,0.,...,0.,0.,0.],
 ...,
 [0.,0.,0.,...,0.,0.,0.],
 [0.,0.,0.,...,0.,0.,0.],
 [0.,0.,0.,...,0.,0.,0.]]","[-0.0364, 0.0002, 0.0009, 0.0039, 0.0002, 0.0173, 0.0069, 0.0018, 0.0033,
  0.0019]","[[ 2.5468e-03,-4.9086e-03, 1.0390e-04, 3.7964e-03,-3.4096e-03,-2.0225e-03,
   3.2553e-05, 2.6117e-04, 2.0147e-03, 1.5852e-03]]"
90,"[0.  ,0.  ,0.  ,0.  ,0.  ,0.  ,0.  ,0.  ,0.  ,0.  ,0.  ,0.  ,0.  ,0.  ,
 0.  ,0.  ,0.  ,0.  ,0.  ,0.  ,0.  ,0.  ,0.  ,0.  ,0.  ,0.  ,0.  ,0.  ,
 0.  ,0.  ,0.  ,0.  ,0.  ,0.  ,0.  ,0.  ,0.  ,0.  ,0.  ,0.  ,0.  ,0.  ,
 0.  ,0.  ,0.  ,0.  ,0.  ,0.  ,0.  ,0.  ,0.  ,0.  ,0.  ,0.  ,0.  ,0.  ,
 0.  ,0.  ,0.  ,0.  ,0.  ,0.  ,0.  ,0.  ,0.  ,0.  ,0.  ,0.  ,0.  ,0.  ,
 0.  ,0.  ,0.  ,0.  ,0.  ,0.  ,0.  ,0.  ,0.  ,0.  ,0.  ,0.  ,0.  ,0.  ,
 0.  ,0.  ,0.  ,0.  ,0.  ,0.  ,0.  ,0.  ,0.  ,0.  ,0.  ,0.  ,0.  ,0.  ,
 0.  ,0.  ,0.  ,0.  ,0.  ,0.  ,0.  ,0.  ,0.  ,0.  ,0.  ,0.  ,0.  ,0.  ,
 0.  ,0.  ,0.  ,0.  ,0.  ,0.  ,0.  ,0.  ,0.  ,0.  ,0.  ,0.  ,0.  ,0.  ,
 0.  ,0.2 ,0.62,0.99,0.62,0.2 ,0.  ,0.  ,0.  ,0.  ,0.  ,0.  ,0.  ,0.  ,
 0.  ,0.  ,0.  ,0.  ,0.  ,0.  ,0.  ,0.  ,0.  ,0.  ,0.  ,0.  ,0.  ,0.  ,
 0.19,0.93,0.99,0.99,0.99,0.93,0.  ,0.  ,0.  ,0.  ,0.  ,0.  ,0.  ,0.  ,
 0.  ,0.  ,0.  ,0.  ,0.  ,0.  ,0.  ,0.  ,0.  ,0.  ,0.  ,0.  ,0.  ,0.21,
 0.89,0.99,0.99,0.94,0.91,0.99,0.22,0.02,0.  ,0.  ,0.  ,0.  ,0.  ,0.  ,
 0.  ,0.  ,0.  ,0.  ,0.  ,0.  ,0.  ,0.  ,0.  ,0.  ,0.  ,0.04,0.24,0.88,
 0.99,0.99,0.99,0.79,0.33,0.99,0.99,0.48,0.  ,0.  ,0.  ,0.  ,0.  ,0.  ,
 0.  ,0.  ,0.  ,0.  ,0.  ,0.  ,0.  ,0.  ,0.  ,0.  ,0.  ,0.64,0.99,0.99,
 0.99,0.99,0.99,0.99,0.38,0.74,0.99,0.65,0.  ,0.  ,0.  ,0.  ,0.  ,0.  ,
 0.  ,0.  ,0.  ,0.  ,0.  ,0.  ,0.  ,0.  ,0.  ,0.  ,0.2 ,0.93,0.99,0.99,
 0.75,0.45,0.99,0.89,0.18,0.31,1.  ,0.66,0.  ,0.  ,0.  ,0.  ,0.  ,0.  ,
 0.  ,0.  ,0.  ,0.  ,0.  ,0.  ,0.  ,0.  ,0.  ,0.19,0.93,0.99,0.99,0.7 ,
 0.05,0.29,0.47,0.08,0.  ,0.  ,0.99,0.95,0.2 ,0.  ,0.  ,0.  ,0.  ,0.  ,
 0.  ,0.  ,0.  ,0.  ,0.  ,0.  ,0.  ,0.  ,0.15,0.65,0.99,0.91,0.82,0.33,
 0.  ,0.  ,0.  ,0.  ,0.  ,0.  ,0.99,0.99,0.65,0.  ,0.  ,0.  ,0.  ,0.  ,
 0.  ,0.  ,0.  ,0.  ,0.  ,0.  ,0.  ,0.03,0.7 ,0.99,0.94,0.28,0.07,0.11,
 0.  ,0.  ,0.  ,0.  ,0.  ,0.  ,0.99,0.99,0.76,0.  ,0.  ,0.  ,0.  ,0.  ,
 0.  ,0.  ,0.  ,0.  ,0.  ,0.  ,0.  ,0.22,0.99,0.99,0.25,0.  ,0.  ,0.  ,
 0.  ,0.  ,0.  ,0.  ,0.  ,0.  ,0.99,0.99,0.76,0.  ,0.  ,0.  ,0.  ,0.  ,
 0.  ,0.  ,0.  ,0.  ,0.  ,0.  ,0.  ,0.78,0.99,0.75,0.  ,0.  ,0.  ,0.  ,
 0.  ,0.  ,0.  ,0.  ,0.  ,0.  ,1.  ,0.99,0.77,0.  ,0.  ,0.  ,0.  ,0.  ,
 0.  ,0.  ,0.  ,0.  ,0.  ,0.  ,0.3 ,0.96,0.99,0.44,0.  ,0.  ,0.  ,0.  ,
 0.  ,0.  ,0.  ,0.  ,0.  ,0.  ,0.99,0.99,0.58,0.  ,0.  ,0.  ,0.  ,0.  ,
 0.  ,0.  ,0.  ,0.  ,0.  ,0.  ,0.33,0.99,0.9 ,0.1 ,0.  ,0.  ,0.  ,0.  ,
 0.  ,0.  ,0.  ,0.  ,0.03,0.53,0.99,0.73,0.05,0.  ,0.  ,0.  ,0.  ,0.  ,
 0.  ,0.  ,0.  ,0.  ,0.  ,0.  ,0.33,0.99,0.87,0.  ,0.  ,0.  ,0.  ,0.  ,
 0.  ,0.  ,0.  ,0.03,0.51,0.99,0.88,0.28,0.  ,0.  ,0.  ,0.  ,0.  ,0.  ,
 0.  ,0.  ,0.  ,0.  ,0.  ,0.  ,0.33,0.99,0.57,0.  ,0.  ,0.  ,0.  ,0.  ,
 0.  ,0.  ,0.19,0.65,0.99,0.68,0.  ,0.  ,0.  ,0.  ,0.  ,0.  ,0.  ,0.  ,
 0.  ,0.  ,0.  ,0.  ,0.  ,0.  ,0.34,0.99,0.88,0.  ,0.  ,0.  ,0.  ,0.  ,
 0.  ,0.45,0.93,0.99,0.64,0.  ,0.  ,0.  ,0.  ,0.  ,0.  ,0.  ,0.  ,0.  ,
 0.  ,0.  ,0.  ,0.  ,0.  ,0.  ,0.33,0.99,0.98,0.57,0.19,0.11,0.33,0.7 ,
 0.88,0.99,0.87,0.65,0.22,0.  ,0.  ,0.  ,0.  ,0.  ,0.  ,0.  ,0.  ,0.  ,
 0.  ,0.  ,0.  ,0.  ,0.  ,0.  ,0.33,0.99,0.99,0.99,0.9 ,0.84,0.99,0.99,
 0.99,0.77,0.51,0.  ,0.  ,0.  ,0.  ,0.  ,0.  ,0.  ,0.  ,0.  ,0.  ,0.  ,
 0.  ,0.  ,0.  ,0.  ,0.  ,0.  ,0.11,0.78,0.99,0.99,0.99,0.99,0.99,0.91,
 0.57,0.  ,0.  ,0.  ,0.  ,0.  ,0.  ,0.  ,0.  ,0.  ,0.  ,0.  ,0.  ,0.  ,
 0.  ,0.  ,0.  ,0.  ,0.  ,0.  ,0.  ,0.1 ,0.5 ,0.99,0.99,0.99,0.55,0.15,
 0.  ,0.  ,0.  ,0.  ,0.  ,0.  ,0.  ,0.  ,0.  ,0.  ,0.  ,0.  ,0.  ,0.  ,
 0.  ,0.  ,0.  ,0.  ,0.  ,0.  ,0.  ,0.  ,0.  ,0.  ,0.  ,0.  ,0.  ,0.  ,
 0.  ,0.  ,0.  ,0.  ,0.  ,0.  ,0.  ,0.  ,0.  ,0.  ,0.  ,0.  ,0.  ,0.  ,
 0.  ,0.  ,0.  ,0.  ,0.  ,0.  ,0.  ,0.  ,0.  ,0.  ,0.  ,0.  ,0.  ,0.  ,
 0.  ,0.  ,0.  ,0.  ,0.  ,0.  ,0.  ,0.  ,0.  ,0.  ,0.  ,0.  ,0.  ,0.  ,
 0.  ,0.  ,0.  ,0.  ,0.  ,0.  ,0.  ,0.  ,0.  ,0.  ,0.  ,0.  ,0.  ,0.  ,
 0.  ,0.  ,0.  ,0.  ,0.  ,0.  ,0.  ,0.  ,0.  ,0.  ,0.  ,0.  ,0.  ,0.  ,
 0.  ,0.  ,0.  ,0.  ,0.  ,0.  ,0.  ,0.  ,0.  ,0.  ,0.  ,0.  ,0.  ,0.  ,
 0.  ,0.  ,0.  ,0.  ,0.  ,0.  ,0.  ,0.  ,0.  ,0.  ,0.  ,0.  ,0.  ,0.  ]",0,"[[-1.3498e-02,-4.8979e-03, 3.8246e-04,...,-1.1013e-02, 1.8778e-05,
   6.3096e-03],
 [-3.5537e-03,-2.9871e-03,-1.3974e-02,...,-5.6679e-03,-8.3602e-04,
   3.3509e-03],
 [-9.8223e-03,-9.9293e-03, 7.9568e-03,...,-2.7545e-03,-1.1057e-03,
   2.5672e-03],
 ...,
 [-7.8604e-03, 8.0771e-03, 1.3596e-02,...,-1.0829e-03,-1.1537e-03,
   3.9063e-03],
 [-5.7794e-03, 6.6186e-03, 1.2320e-03,..., 2.1307e-03,-6.7002e-03,
   5.2298e-03],
 [-2.5870e-03, 1.2748e-02,-2.7763e-03,...,-8.5902e-03, 7.8897e-03,
  -3.5166e-03]]","[[-0.0683, 0.1071,-0.0198,-0.0761, 0.0609, 0.0306, 0.006 ,-0.0033,-0.0274,
  -0.0097]]","[ 5.6971e+00,-2.9043e+00,-1.3517e+00, 1.7574e-01,-2.7763e+00, 1.6646e+00,
  7.4030e-01,-5.8796e-01,-7.5491e-04,-5.3781e-01]","[9.6413e-01,1.7726e-04,8.3731e-04,3.8570e-03,2.0146e-04,1.7094e-02,
 6.7833e-03,1.7971e-03,3.2330e-03,1.8896e-03]","[[0.,0.,0.,...,0.,0.,0.],
 [0.,0.,0.,...,0.,0.,0.],
 [0.,0.,0.,...,0.,0.,0.],
 ...,
 [0.,0.,0.,...,0.,0.,0.],
 [0.,0.,0.,...,0.,0.,0.],
 [0.,0.,0.,...,0.,0.,0.]]","[-0.0359, 0.0002, 0.0008, 0.0039, 0.0002, 0.0171, 0.0068, 0.0018, 0.0032,
  0.0019]","[[ 2.5166e-03,-4.8607e-03, 9.7864e-05, 3.7568e-03,-3.3765e-03,-2.0054e-03,
   3.9956e-05, 2.5626e-04, 1.9990e-03, 1.5761e-03]]"
91,"[0.  ,0.  ,0.  ,0.  ,0.  ,0.  ,0.  ,0.  ,0.  ,0.  ,0.  ,0.  ,0.  ,0.  ,
 0.  ,0.  ,0.  ,0.  ,0.  ,0.  ,0.  ,0.  ,0.  ,0.  ,0.  ,0.  ,0.  ,0.  ,
 0.  ,0.  ,0.  ,0.  ,0.  ,0.  ,0.  ,0.  ,0.  ,0.  ,0.  ,0.  ,0.  ,0.  ,
 0.  ,0.  ,0.  ,0.  ,0.  ,0.  ,0.  ,0.  ,0.  ,0.  ,0.  ,0.  ,0.  ,0.  ,
 0.  ,0.  ,0.  ,0.  ,0.  ,0.  ,0.  ,0.  ,0.  ,0.  ,0.  ,0.  ,0.  ,0.  ,
 0.  ,0.  ,0.  ,0.  ,0.  ,0.  ,0.  ,0.  ,0.  ,0.  ,0.  ,0.  ,0.  ,0.  ,
 0.  ,0.  ,0.  ,0.  ,0.  ,0.  ,0.  ,0.  ,0.  ,0.  ,0.  ,0.  ,0.  ,0.  ,
 0.  ,0.  ,0.  ,0.  ,0.  ,0.  ,0.  ,0.  ,0.  ,0.  ,0.  ,0.  ,0.  ,0.  ,
 0.  ,0.  ,0.  ,0.  ,0.  ,0.  ,0.  ,0.  ,0.  ,0.  ,0.  ,0.  ,0.  ,0.  ,
 0.  ,0.2 ,0.62,0.99,0.62,0.2 ,0.  ,0.  ,0.  ,0.  ,0.  ,0.  ,0.  ,0.  ,
 0.  ,0.  ,0.  ,0.  ,0.  ,0.  ,0.  ,0.  ,0.  ,0.  ,0.  ,0.  ,0.  ,0.  ,
 0.19,0.93,0.99,0.99,0.99,0.93,0.  ,0.  ,0.  ,0.  ,0.  ,0.  ,0.  ,0.  ,
 0.  ,0.  ,0.  ,0.  ,0.  ,0.  ,0.  ,0.  ,0.  ,0.  ,0.  ,0.  ,0.  ,0.21,
 0.89,0.99,0.99,0.94,0.91,0.99,0.22,0.02,0.  ,0.  ,0.  ,0.  ,0.  ,0.  ,
 0.  ,0.  ,0.  ,0.  ,0.  ,0.  ,0.  ,0.  ,0.  ,0.  ,0.  ,0.04,0.24,0.88,
 0.99,0.99,0.99,0.79,0.33,0.99,0.99,0.48,0.  ,0.  ,0.  ,0.  ,0.  ,0.  ,
 0.  ,0.  ,0.  ,0.  ,0.  ,0.  ,0.  ,0.  ,0.  ,0.  ,0.  ,0.64,0.99,0.99,
 0.99,0.99,0.99,0.99,0.38,0.74,0.99,0.65,0.  ,0.  ,0.  ,0.  ,0.  ,0.  ,
 0.  ,0.  ,0.  ,0.  ,0.  ,0.  ,0.  ,0.  ,0.  ,0.  ,0.2 ,0.93,0.99,0.99,
 0.75,0.45,0.99,0.89,0.18,0.31,1.  ,0.66,0.  ,0.  ,0.  ,0.  ,0.  ,0.  ,
 0.  ,0.  ,0.  ,0.  ,0.  ,0.  ,0.  ,0.  ,0.  ,0.19,0.93,0.99,0.99,0.7 ,
 0.05,0.29,0.47,0.08,0.  ,0.  ,0.99,0.95,0.2 ,0.  ,0.  ,0.  ,0.  ,0.  ,
 0.  ,0.  ,0.  ,0.  ,0.  ,0.  ,0.  ,0.  ,0.15,0.65,0.99,0.91,0.82,0.33,
 0.  ,0.  ,0.  ,0.  ,0.  ,0.  ,0.99,0.99,0.65,0.  ,0.  ,0.  ,0.  ,0.  ,
 0.  ,0.  ,0.  ,0.  ,0.  ,0.  ,0.  ,0.03,0.7 ,0.99,0.94,0.28,0.07,0.11,
 0.  ,0.  ,0.  ,0.  ,0.  ,0.  ,0.99,0.99,0.76,0.  ,0.  ,0.  ,0.  ,0.  ,
 0.  ,0.  ,0.  ,0.  ,0.  ,0.  ,0.  ,0.22,0.99,0.99,0.25,0.  ,0.  ,0.  ,
 0.  ,0.  ,0.  ,0.  ,0.  ,0.  ,0.99,0.99,0.76,0.  ,0.  ,0.  ,0.  ,0.  ,
 0.  ,0.  ,0.  ,0.  ,0.  ,0.  ,0.  ,0.78,0.99,0.75,0.  ,0.  ,0.  ,0.  ,
 0.  ,0.  ,0.  ,0.  ,0.  ,0.  ,1.  ,0.99,0.77,0.  ,0.  ,0.  ,0.  ,0.  ,
 0.  ,0.  ,0.  ,0.  ,0.  ,0.  ,0.3 ,0.96,0.99,0.44,0.  ,0.  ,0.  ,0.  ,
 0.  ,0.  ,0.  ,0.  ,0.  ,0.  ,0.99,0.99,0.58,0.  ,0.  ,0.  ,0.  ,0.  ,
 0.  ,0.  ,0.  ,0.  ,0.  ,0.  ,0.33,0.99,0.9 ,0.1 ,0.  ,0.  ,0.  ,0.  ,
 0.  ,0.  ,0.  ,0.  ,0.03,0.53,0.99,0.73,0.05,0.  ,0.  ,0.  ,0.  ,0.  ,
 0.  ,0.  ,0.  ,0.  ,0.  ,0.  ,0.33,0.99,0.87,0.  ,0.  ,0.  ,0.  ,0.  ,
 0.  ,0.  ,0.  ,0.03,0.51,0.99,0.88,0.28,0.  ,0.  ,0.  ,0.  ,0.  ,0.  ,
 0.  ,0.  ,0.  ,0.  ,0.  ,0.  ,0.33,0.99,0.57,0.  ,0.  ,0.  ,0.  ,0.  ,
 0.  ,0.  ,0.19,0.65,0.99,0.68,0.  ,0.  ,0.  ,0.  ,0.  ,0.  ,0.  ,0.  ,
 0.  ,0.  ,0.  ,0.  ,0.  ,0.  ,0.34,0.99,0.88,0.  ,0.  ,0.  ,0.  ,0.  ,
 0.  ,0.45,0.93,0.99,0.64,0.  ,0.  ,0.  ,0.  ,0.  ,0.  ,0.  ,0.  ,0.  ,
 0.  ,0.  ,0.  ,0.  ,0.  ,0.  ,0.33,0.99,0.98,0.57,0.19,0.11,0.33,0.7 ,
 0.88,0.99,0.87,0.65,0.22,0.  ,0.  ,0.  ,0.  ,0.  ,0.  ,0.  ,0.  ,0.  ,
 0.  ,0.  ,0.  ,0.  ,0.  ,0.  ,0.33,0.99,0.99,0.99,0.9 ,0.84,0.99,0.99,
 0.99,0.77,0.51,0.  ,0.  ,0.  ,0.  ,0.  ,0.  ,0.  ,0.  ,0.  ,0.  ,0.  ,
 0.  ,0.  ,0.  ,0.  ,0.  ,0.  ,0.11,0.78,0.99,0.99,0.99,0.99,0.99,0.91,
 0.57,0.  ,0.  ,0.  ,0.  ,0.  ,0.  ,0.  ,0.  ,0.  ,0.  ,0.  ,0.  ,0.  ,
 0.  ,0.  ,0.  ,0.  ,0.  ,0.  ,0.  ,0.1 ,0.5 ,0.99,0.99,0.99,0.55,0.15,
 0.  ,0.  ,0.  ,0.  ,0.  ,0.  ,0.  ,0.  ,0.  ,0.  ,0.  ,0.  ,0.  ,0.  ,
 0.  ,0.  ,0.  ,0.  ,0.  ,0.  ,0.  ,0.  ,0.  ,0.  ,0.  ,0.  ,0.  ,0.  ,
 0.  ,0.  ,0.  ,0.  ,0.  ,0.  ,0.  ,0.  ,0.  ,0.  ,0.  ,0.  ,0.  ,0.  ,
 0.  ,0.  ,0.  ,0.  ,0.  ,0.  ,0.  ,0.  ,0.  ,0.  ,0.  ,0.  ,0.  ,0.  ,
 0.  ,0.  ,0.  ,0.  ,0.  ,0.  ,0.  ,0.  ,0.  ,0.  ,0.  ,0.  ,0.  ,0.  ,
 0.  ,0.  ,0.  ,0.  ,0.  ,0.  ,0.  ,0.  ,0.  ,0.  ,0.  ,0.  ,0.  ,0.  ,
 0.  ,0.  ,0.  ,0.  ,0.  ,0.  ,0.  ,0.  ,0.  ,0.  ,0.  ,0.  ,0.  ,0.  ,
 0.  ,0.  ,0.  ,0.  ,0.  ,0.  ,0.  ,0.  ,0.  ,0.  ,0.  ,0.  ,0.  ,0.  ,
 0.  ,0.  ,0.  ,0.  ,0.  ,0.  ,0.  ,0.  ,0.  ,0.  ,0.  ,0.  ,0.  ,0.  ]",0,"[[-1.3498e-02,-4.8979e-03, 3.8246e-04,...,-1.1013e-02, 1.8778e-05,
   6.3096e-03],
 [-3.5537e-03,-2.9871e-03,-1.3974e-02,...,-5.6679e-03,-8.3602e-04,
   3.3509e-03],
 [-9.8223e-03,-9.9293e-03, 7.9568e-03,...,-2.7545e-03,-1.1057e-03,
   2.5672e-03],
 ...,
 [-7.8604e-03, 8.0771e-03, 1.3596e-02,...,-1.0829e-03,-1.1537e-03,
   3.9063e-03],
 [-5.7794e-03, 6.6186e-03, 1.2320e-03,..., 2.1307e-03,-6.7002e-03,
   5.2298e-03],
 [-2.5870e-03, 1.2748e-02,-2.7763e-03,...,-8.5902e-03, 7.8897e-03,
  -3.5166e-03]]","[[-0.0686, 0.1076,-0.0198,-0.0765, 0.0612, 0.0308, 0.006 ,-0.0033,-0.0276,
  -0.0099]]","[ 5.7152e+00,-2.9156e+00,-1.3580e+00, 1.7858e-01,-2.7872e+00, 1.6705e+00,
  7.4551e-01,-5.8938e-01,-8.3500e-04,-5.3982e-01]","[9.6463e-01,1.7220e-04,8.1754e-04,3.8005e-03,1.9580e-04,1.6895e-02,
 6.6997e-03,1.7633e-03,3.1763e-03,1.8529e-03]","[[0.,0.,0.,...,0.,0.,0.],
 [0.,0.,0.,...,0.,0.,0.],
 [0.,0.,0.,...,0.,0.,0.],
 ...,
 [0.,0.,0.,...,0.,0.,0.],
 [0.,0.,0.,...,0.,0.,0.],
 [0.,0.,0.,...,0.,0.,0.]]","[-0.0354, 0.0002, 0.0008, 0.0038, 0.0002, 0.0169, 0.0067, 0.0018, 0.0032,
  0.0019]","[[ 2.4872e-03,-4.8139e-03, 9.2139e-05, 3.7179e-03,-3.3439e-03,-1.9887e-03,
   4.7077e-05, 2.5145e-04, 1.9836e-03, 1.5671e-03]]"
92,"[0.  ,0.  ,0.  ,0.  ,0.  ,0.  ,0.  ,0.  ,0.  ,0.  ,0.  ,0.  ,0.  ,0.  ,
 0.  ,0.  ,0.  ,0.  ,0.  ,0.  ,0.  ,0.  ,0.  ,0.  ,0.  ,0.  ,0.  ,0.  ,
 0.  ,0.  ,0.  ,0.  ,0.  ,0.  ,0.  ,0.  ,0.  ,0.  ,0.  ,0.  ,0.  ,0.  ,
 0.  ,0.  ,0.  ,0.  ,0.  ,0.  ,0.  ,0.  ,0.  ,0.  ,0.  ,0.  ,0.  ,0.  ,
 0.  ,0.  ,0.  ,0.  ,0.  ,0.  ,0.  ,0.  ,0.  ,0.  ,0.  ,0.  ,0.  ,0.  ,
 0.  ,0.  ,0.  ,0.  ,0.  ,0.  ,0.  ,0.  ,0.  ,0.  ,0.  ,0.  ,0.  ,0.  ,
 0.  ,0.  ,0.  ,0.  ,0.  ,0.  ,0.  ,0.  ,0.  ,0.  ,0.  ,0.  ,0.  ,0.  ,
 0.  ,0.  ,0.  ,0.  ,0.  ,0.  ,0.  ,0.  ,0.  ,0.  ,0.  ,0.  ,0.  ,0.  ,
 0.  ,0.  ,0.  ,0.  ,0.  ,0.  ,0.  ,0.  ,0.  ,0.  ,0.  ,0.  ,0.  ,0.  ,
 0.  ,0.2 ,0.62,0.99,0.62,0.2 ,0.  ,0.  ,0.  ,0.  ,0.  ,0.  ,0.  ,0.  ,
 0.  ,0.  ,0.  ,0.  ,0.  ,0.  ,0.  ,0.  ,0.  ,0.  ,0.  ,0.  ,0.  ,0.  ,
 0.19,0.93,0.99,0.99,0.99,0.93,0.  ,0.  ,0.  ,0.  ,0.  ,0.  ,0.  ,0.  ,
 0.  ,0.  ,0.  ,0.  ,0.  ,0.  ,0.  ,0.  ,0.  ,0.  ,0.  ,0.  ,0.  ,0.21,
 0.89,0.99,0.99,0.94,0.91,0.99,0.22,0.02,0.  ,0.  ,0.  ,0.  ,0.  ,0.  ,
 0.  ,0.  ,0.  ,0.  ,0.  ,0.  ,0.  ,0.  ,0.  ,0.  ,0.  ,0.04,0.24,0.88,
 0.99,0.99,0.99,0.79,0.33,0.99,0.99,0.48,0.  ,0.  ,0.  ,0.  ,0.  ,0.  ,
 0.  ,0.  ,0.  ,0.  ,0.  ,0.  ,0.  ,0.  ,0.  ,0.  ,0.  ,0.64,0.99,0.99,
 0.99,0.99,0.99,0.99,0.38,0.74,0.99,0.65,0.  ,0.  ,0.  ,0.  ,0.  ,0.  ,
 0.  ,0.  ,0.  ,0.  ,0.  ,0.  ,0.  ,0.  ,0.  ,0.  ,0.2 ,0.93,0.99,0.99,
 0.75,0.45,0.99,0.89,0.18,0.31,1.  ,0.66,0.  ,0.  ,0.  ,0.  ,0.  ,0.  ,
 0.  ,0.  ,0.  ,0.  ,0.  ,0.  ,0.  ,0.  ,0.  ,0.19,0.93,0.99,0.99,0.7 ,
 0.05,0.29,0.47,0.08,0.  ,0.  ,0.99,0.95,0.2 ,0.  ,0.  ,0.  ,0.  ,0.  ,
 0.  ,0.  ,0.  ,0.  ,0.  ,0.  ,0.  ,0.  ,0.15,0.65,0.99,0.91,0.82,0.33,
 0.  ,0.  ,0.  ,0.  ,0.  ,0.  ,0.99,0.99,0.65,0.  ,0.  ,0.  ,0.  ,0.  ,
 0.  ,0.  ,0.  ,0.  ,0.  ,0.  ,0.  ,0.03,0.7 ,0.99,0.94,0.28,0.07,0.11,
 0.  ,0.  ,0.  ,0.  ,0.  ,0.  ,0.99,0.99,0.76,0.  ,0.  ,0.  ,0.  ,0.  ,
 0.  ,0.  ,0.  ,0.  ,0.  ,0.  ,0.  ,0.22,0.99,0.99,0.25,0.  ,0.  ,0.  ,
 0.  ,0.  ,0.  ,0.  ,0.  ,0.  ,0.99,0.99,0.76,0.  ,0.  ,0.  ,0.  ,0.  ,
 0.  ,0.  ,0.  ,0.  ,0.  ,0.  ,0.  ,0.78,0.99,0.75,0.  ,0.  ,0.  ,0.  ,
 0.  ,0.  ,0.  ,0.  ,0.  ,0.  ,1.  ,0.99,0.77,0.  ,0.  ,0.  ,0.  ,0.  ,
 0.  ,0.  ,0.  ,0.  ,0.  ,0.  ,0.3 ,0.96,0.99,0.44,0.  ,0.  ,0.  ,0.  ,
 0.  ,0.  ,0.  ,0.  ,0.  ,0.  ,0.99,0.99,0.58,0.  ,0.  ,0.  ,0.  ,0.  ,
 0.  ,0.  ,0.  ,0.  ,0.  ,0.  ,0.33,0.99,0.9 ,0.1 ,0.  ,0.  ,0.  ,0.  ,
 0.  ,0.  ,0.  ,0.  ,0.03,0.53,0.99,0.73,0.05,0.  ,0.  ,0.  ,0.  ,0.  ,
 0.  ,0.  ,0.  ,0.  ,0.  ,0.  ,0.33,0.99,0.87,0.  ,0.  ,0.  ,0.  ,0.  ,
 0.  ,0.  ,0.  ,0.03,0.51,0.99,0.88,0.28,0.  ,0.  ,0.  ,0.  ,0.  ,0.  ,
 0.  ,0.  ,0.  ,0.  ,0.  ,0.  ,0.33,0.99,0.57,0.  ,0.  ,0.  ,0.  ,0.  ,
 0.  ,0.  ,0.19,0.65,0.99,0.68,0.  ,0.  ,0.  ,0.  ,0.  ,0.  ,0.  ,0.  ,
 0.  ,0.  ,0.  ,0.  ,0.  ,0.  ,0.34,0.99,0.88,0.  ,0.  ,0.  ,0.  ,0.  ,
 0.  ,0.45,0.93,0.99,0.64,0.  ,0.  ,0.  ,0.  ,0.  ,0.  ,0.  ,0.  ,0.  ,
 0.  ,0.  ,0.  ,0.  ,0.  ,0.  ,0.33,0.99,0.98,0.57,0.19,0.11,0.33,0.7 ,
 0.88,0.99,0.87,0.65,0.22,0.  ,0.  ,0.  ,0.  ,0.  ,0.  ,0.  ,0.  ,0.  ,
 0.  ,0.  ,0.  ,0.  ,0.  ,0.  ,0.33,0.99,0.99,0.99,0.9 ,0.84,0.99,0.99,
 0.99,0.77,0.51,0.  ,0.  ,0.  ,0.  ,0.  ,0.  ,0.  ,0.  ,0.  ,0.  ,0.  ,
 0.  ,0.  ,0.  ,0.  ,0.  ,0.  ,0.11,0.78,0.99,0.99,0.99,0.99,0.99,0.91,
 0.57,0.  ,0.  ,0.  ,0.  ,0.  ,0.  ,0.  ,0.  ,0.  ,0.  ,0.  ,0.  ,0.  ,
 0.  ,0.  ,0.  ,0.  ,0.  ,0.  ,0.  ,0.1 ,0.5 ,0.99,0.99,0.99,0.55,0.15,
 0.  ,0.  ,0.  ,0.  ,0.  ,0.  ,0.  ,0.  ,0.  ,0.  ,0.  ,0.  ,0.  ,0.  ,
 0.  ,0.  ,0.  ,0.  ,0.  ,0.  ,0.  ,0.  ,0.  ,0.  ,0.  ,0.  ,0.  ,0.  ,
 0.  ,0.  ,0.  ,0.  ,0.  ,0.  ,0.  ,0.  ,0.  ,0.  ,0.  ,0.  ,0.  ,0.  ,
 0.  ,0.  ,0.  ,0.  ,0.  ,0.  ,0.  ,0.  ,0.  ,0.  ,0.  ,0.  ,0.  ,0.  ,
 0.  ,0.  ,0.  ,0.  ,0.  ,0.  ,0.  ,0.  ,0.  ,0.  ,0.  ,0.  ,0.  ,0.  ,
 0.  ,0.  ,0.  ,0.  ,0.  ,0.  ,0.  ,0.  ,0.  ,0.  ,0.  ,0.  ,0.  ,0.  ,
 0.  ,0.  ,0.  ,0.  ,0.  ,0.  ,0.  ,0.  ,0.  ,0.  ,0.  ,0.  ,0.  ,0.  ,
 0.  ,0.  ,0.  ,0.  ,0.  ,0.  ,0.  ,0.  ,0.  ,0.  ,0.  ,0.  ,0.  ,0.  ,
 0.  ,0.  ,0.  ,0.  ,0.  ,0.  ,0.  ,0.  ,0.  ,0.  ,0.  ,0.  ,0.  ,0.  ]",0,"[[-1.3498e-02,-4.8979e-03, 3.8246e-04,...,-1.1013e-02, 1.8778e-05,
   6.3096e-03],
 [-3.5537e-03,-2.9871e-03,-1.3974e-02,...,-5.6679e-03,-8.3602e-04,
   3.3509e-03],
 [-9.8223e-03,-9.9293e-03, 7.9568e-03,...,-2.7545e-03,-1.1057e-03,
   2.5672e-03],
 ...,
 [-7.8604e-03, 8.0771e-03, 1.3596e-02,...,-1.0829e-03,-1.1537e-03,
   3.9063e-03],
 [-5.7794e-03, 6.6186e-03, 1.2320e-03,..., 2.1307e-03,-6.7002e-03,
   5.2298e-03],
 [-2.5870e-03, 1.2748e-02,-2.7763e-03,...,-8.5902e-03, 7.8897e-03,
  -3.5166e-03]]","[[-0.0688, 0.1081,-0.0198,-0.0768, 0.0616, 0.031 , 0.006 ,-0.0033,-0.0278,
  -0.01  ]]","[ 5.7331e+00,-2.9269e+00,-1.3643e+00, 1.8139e-01,-2.7980e+00, 1.6763e+00,
  7.5067e-01,-5.9079e-01,-9.3111e-04,-5.4180e-01]","[9.6511e-01,1.6734e-04,7.9842e-04,3.7454e-03,1.9036e-04,1.6701e-02,
 6.6181e-03,1.7304e-03,3.1212e-03,1.8173e-03]","[[0.,0.,0.,...,0.,0.,0.],
 [0.,0.,0.,...,0.,0.,0.],
 [0.,0.,0.,...,0.,0.,0.],
 ...,
 [0.,0.,0.,...,0.,0.,0.],
 [0.,0.,0.,...,0.,0.,0.],
 [0.,0.,0.,...,0.,0.,0.]]","[-0.0349, 0.0002, 0.0008, 0.0037, 0.0002, 0.0167, 0.0066, 0.0017, 0.0031,
  0.0018]","[[ 2.4583e-03,-4.7680e-03, 8.6708e-05, 3.6797e-03,-3.3118e-03,-1.9721e-03,
   5.3922e-05, 2.4673e-04, 1.9685e-03, 1.5581e-03]]"
93,"[0.  ,0.  ,0.  ,0.  ,0.  ,0.  ,0.  ,0.  ,0.  ,0.  ,0.  ,0.  ,0.  ,0.  ,
 0.  ,0.  ,0.  ,0.  ,0.  ,0.  ,0.  ,0.  ,0.  ,0.  ,0.  ,0.  ,0.  ,0.  ,
 0.  ,0.  ,0.  ,0.  ,0.  ,0.  ,0.  ,0.  ,0.  ,0.  ,0.  ,0.  ,0.  ,0.  ,
 0.  ,0.  ,0.  ,0.  ,0.  ,0.  ,0.  ,0.  ,0.  ,0.  ,0.  ,0.  ,0.  ,0.  ,
 0.  ,0.  ,0.  ,0.  ,0.  ,0.  ,0.  ,0.  ,0.  ,0.  ,0.  ,0.  ,0.  ,0.  ,
 0.  ,0.  ,0.  ,0.  ,0.  ,0.  ,0.  ,0.  ,0.  ,0.  ,0.  ,0.  ,0.  ,0.  ,
 0.  ,0.  ,0.  ,0.  ,0.  ,0.  ,0.  ,0.  ,0.  ,0.  ,0.  ,0.  ,0.  ,0.  ,
 0.  ,0.  ,0.  ,0.  ,0.  ,0.  ,0.  ,0.  ,0.  ,0.  ,0.  ,0.  ,0.  ,0.  ,
 0.  ,0.  ,0.  ,0.  ,0.  ,0.  ,0.  ,0.  ,0.  ,0.  ,0.  ,0.  ,0.  ,0.  ,
 0.  ,0.2 ,0.62,0.99,0.62,0.2 ,0.  ,0.  ,0.  ,0.  ,0.  ,0.  ,0.  ,0.  ,
 0.  ,0.  ,0.  ,0.  ,0.  ,0.  ,0.  ,0.  ,0.  ,0.  ,0.  ,0.  ,0.  ,0.  ,
 0.19,0.93,0.99,0.99,0.99,0.93,0.  ,0.  ,0.  ,0.  ,0.  ,0.  ,0.  ,0.  ,
 0.  ,0.  ,0.  ,0.  ,0.  ,0.  ,0.  ,0.  ,0.  ,0.  ,0.  ,0.  ,0.  ,0.21,
 0.89,0.99,0.99,0.94,0.91,0.99,0.22,0.02,0.  ,0.  ,0.  ,0.  ,0.  ,0.  ,
 0.  ,0.  ,0.  ,0.  ,0.  ,0.  ,0.  ,0.  ,0.  ,0.  ,0.  ,0.04,0.24,0.88,
 0.99,0.99,0.99,0.79,0.33,0.99,0.99,0.48,0.  ,0.  ,0.  ,0.  ,0.  ,0.  ,
 0.  ,0.  ,0.  ,0.  ,0.  ,0.  ,0.  ,0.  ,0.  ,0.  ,0.  ,0.64,0.99,0.99,
 0.99,0.99,0.99,0.99,0.38,0.74,0.99,0.65,0.  ,0.  ,0.  ,0.  ,0.  ,0.  ,
 0.  ,0.  ,0.  ,0.  ,0.  ,0.  ,0.  ,0.  ,0.  ,0.  ,0.2 ,0.93,0.99,0.99,
 0.75,0.45,0.99,0.89,0.18,0.31,1.  ,0.66,0.  ,0.  ,0.  ,0.  ,0.  ,0.  ,
 0.  ,0.  ,0.  ,0.  ,0.  ,0.  ,0.  ,0.  ,0.  ,0.19,0.93,0.99,0.99,0.7 ,
 0.05,0.29,0.47,0.08,0.  ,0.  ,0.99,0.95,0.2 ,0.  ,0.  ,0.  ,0.  ,0.  ,
 0.  ,0.  ,0.  ,0.  ,0.  ,0.  ,0.  ,0.  ,0.15,0.65,0.99,0.91,0.82,0.33,
 0.  ,0.  ,0.  ,0.  ,0.  ,0.  ,0.99,0.99,0.65,0.  ,0.  ,0.  ,0.  ,0.  ,
 0.  ,0.  ,0.  ,0.  ,0.  ,0.  ,0.  ,0.03,0.7 ,0.99,0.94,0.28,0.07,0.11,
 0.  ,0.  ,0.  ,0.  ,0.  ,0.  ,0.99,0.99,0.76,0.  ,0.  ,0.  ,0.  ,0.  ,
 0.  ,0.  ,0.  ,0.  ,0.  ,0.  ,0.  ,0.22,0.99,0.99,0.25,0.  ,0.  ,0.  ,
 0.  ,0.  ,0.  ,0.  ,0.  ,0.  ,0.99,0.99,0.76,0.  ,0.  ,0.  ,0.  ,0.  ,
 0.  ,0.  ,0.  ,0.  ,0.  ,0.  ,0.  ,0.78,0.99,0.75,0.  ,0.  ,0.  ,0.  ,
 0.  ,0.  ,0.  ,0.  ,0.  ,0.  ,1.  ,0.99,0.77,0.  ,0.  ,0.  ,0.  ,0.  ,
 0.  ,0.  ,0.  ,0.  ,0.  ,0.  ,0.3 ,0.96,0.99,0.44,0.  ,0.  ,0.  ,0.  ,
 0.  ,0.  ,0.  ,0.  ,0.  ,0.  ,0.99,0.99,0.58,0.  ,0.  ,0.  ,0.  ,0.  ,
 0.  ,0.  ,0.  ,0.  ,0.  ,0.  ,0.33,0.99,0.9 ,0.1 ,0.  ,0.  ,0.  ,0.  ,
 0.  ,0.  ,0.  ,0.  ,0.03,0.53,0.99,0.73,0.05,0.  ,0.  ,0.  ,0.  ,0.  ,
 0.  ,0.  ,0.  ,0.  ,0.  ,0.  ,0.33,0.99,0.87,0.  ,0.  ,0.  ,0.  ,0.  ,
 0.  ,0.  ,0.  ,0.03,0.51,0.99,0.88,0.28,0.  ,0.  ,0.  ,0.  ,0.  ,0.  ,
 0.  ,0.  ,0.  ,0.  ,0.  ,0.  ,0.33,0.99,0.57,0.  ,0.  ,0.  ,0.  ,0.  ,
 0.  ,0.  ,0.19,0.65,0.99,0.68,0.  ,0.  ,0.  ,0.  ,0.  ,0.  ,0.  ,0.  ,
 0.  ,0.  ,0.  ,0.  ,0.  ,0.  ,0.34,0.99,0.88,0.  ,0.  ,0.  ,0.  ,0.  ,
 0.  ,0.45,0.93,0.99,0.64,0.  ,0.  ,0.  ,0.  ,0.  ,0.  ,0.  ,0.  ,0.  ,
 0.  ,0.  ,0.  ,0.  ,0.  ,0.  ,0.33,0.99,0.98,0.57,0.19,0.11,0.33,0.7 ,
 0.88,0.99,0.87,0.65,0.22,0.  ,0.  ,0.  ,0.  ,0.  ,0.  ,0.  ,0.  ,0.  ,
 0.  ,0.  ,0.  ,0.  ,0.  ,0.  ,0.33,0.99,0.99,0.99,0.9 ,0.84,0.99,0.99,
 0.99,0.77,0.51,0.  ,0.  ,0.  ,0.  ,0.  ,0.  ,0.  ,0.  ,0.  ,0.  ,0.  ,
 0.  ,0.  ,0.  ,0.  ,0.  ,0.  ,0.11,0.78,0.99,0.99,0.99,0.99,0.99,0.91,
 0.57,0.  ,0.  ,0.  ,0.  ,0.  ,0.  ,0.  ,0.  ,0.  ,0.  ,0.  ,0.  ,0.  ,
 0.  ,0.  ,0.  ,0.  ,0.  ,0.  ,0.  ,0.1 ,0.5 ,0.99,0.99,0.99,0.55,0.15,
 0.  ,0.  ,0.  ,0.  ,0.  ,0.  ,0.  ,0.  ,0.  ,0.  ,0.  ,0.  ,0.  ,0.  ,
 0.  ,0.  ,0.  ,0.  ,0.  ,0.  ,0.  ,0.  ,0.  ,0.  ,0.  ,0.  ,0.  ,0.  ,
 0.  ,0.  ,0.  ,0.  ,0.  ,0.  ,0.  ,0.  ,0.  ,0.  ,0.  ,0.  ,0.  ,0.  ,
 0.  ,0.  ,0.  ,0.  ,0.  ,0.  ,0.  ,0.  ,0.  ,0.  ,0.  ,0.  ,0.  ,0.  ,
 0.  ,0.  ,0.  ,0.  ,0.  ,0.  ,0.  ,0.  ,0.  ,0.  ,0.  ,0.  ,0.  ,0.  ,
 0.  ,0.  ,0.  ,0.  ,0.  ,0.  ,0.  ,0.  ,0.  ,0.  ,0.  ,0.  ,0.  ,0.  ,
 0.  ,0.  ,0.  ,0.  ,0.  ,0.  ,0.  ,0.  ,0.  ,0.  ,0.  ,0.  ,0.  ,0.  ,
 0.  ,0.  ,0.  ,0.  ,0.  ,0.  ,0.  ,0.  ,0.  ,0.  ,0.  ,0.  ,0.  ,0.  ,
 0.  ,0.  ,0.  ,0.  ,0.  ,0.  ,0.  ,0.  ,0.  ,0.  ,0.  ,0.  ,0.  ,0.  ]",0,"[[-1.3498e-02,-4.8979e-03, 3.8246e-04,...,-1.1013e-02, 1.8778e-05,
   6.3096e-03],
 [-3.5537e-03,-2.9871e-03,-1.3974e-02,...,-5.6679e-03,-8.3602e-04,
   3.3509e-03],
 [-9.8223e-03,-9.9293e-03, 7.9568e-03,...,-2.7545e-03,-1.1057e-03,
   2.5672e-03],
 ...,
 [-7.8604e-03, 8.0771e-03, 1.3596e-02,...,-1.0829e-03,-1.1537e-03,
   3.9063e-03],
 [-5.7794e-03, 6.6186e-03, 1.2320e-03,..., 2.1307e-03,-6.7002e-03,
   5.2298e-03],
 [-2.5870e-03, 1.2748e-02,-2.7763e-03,...,-8.5902e-03, 7.8897e-03,
  -3.5166e-03]]","[[-0.0691, 0.1085,-0.0198,-0.0772, 0.0619, 0.0311, 0.006 ,-0.0034,-0.028 ,
  -0.0102]]","[ 5.7508e+00,-2.9380e+00,-1.3704e+00, 1.8418e-01,-2.8087e+00, 1.6821e+00,
  7.5579e-01,-5.9216e-01,-1.0427e-03,-5.4377e-01]","[9.6558e-01,1.6267e-04,7.7995e-04,3.6918e-03,1.8512e-04,1.6511e-02,
 6.5385e-03,1.6985e-03,3.0675e-03,1.7827e-03]","[[0.,0.,0.,...,0.,0.,0.],
 [0.,0.,0.,...,0.,0.,0.],
 [0.,0.,0.,...,0.,0.,0.],
 ...,
 [0.,0.,0.,...,0.,0.,0.],
 [0.,0.,0.,...,0.,0.,0.],
 [0.,0.,0.,...,0.,0.,0.]]","[-0.0344, 0.0002, 0.0008, 0.0037, 0.0002, 0.0165, 0.0065, 0.0017, 0.0031,
  0.0018]","[[ 2.4301e-03,-4.7230e-03, 8.1558e-05, 3.6423e-03,-3.2803e-03,-1.9559e-03,
   6.0502e-05, 2.4211e-04, 1.9536e-03, 1.5490e-03]]"
94,"[0.  ,0.  ,0.  ,0.  ,0.  ,0.  ,0.  ,0.  ,0.  ,0.  ,0.  ,0.  ,0.  ,0.  ,
 0.  ,0.  ,0.  ,0.  ,0.  ,0.  ,0.  ,0.  ,0.  ,0.  ,0.  ,0.  ,0.  ,0.  ,
 0.  ,0.  ,0.  ,0.  ,0.  ,0.  ,0.  ,0.  ,0.  ,0.  ,0.  ,0.  ,0.  ,0.  ,
 0.  ,0.  ,0.  ,0.  ,0.  ,0.  ,0.  ,0.  ,0.  ,0.  ,0.  ,0.  ,0.  ,0.  ,
 0.  ,0.  ,0.  ,0.  ,0.  ,0.  ,0.  ,0.  ,0.  ,0.  ,0.  ,0.  ,0.  ,0.  ,
 0.  ,0.  ,0.  ,0.  ,0.  ,0.  ,0.  ,0.  ,0.  ,0.  ,0.  ,0.  ,0.  ,0.  ,
 0.  ,0.  ,0.  ,0.  ,0.  ,0.  ,0.  ,0.  ,0.  ,0.  ,0.  ,0.  ,0.  ,0.  ,
 0.  ,0.  ,0.  ,0.  ,0.  ,0.  ,0.  ,0.  ,0.  ,0.  ,0.  ,0.  ,0.  ,0.  ,
 0.  ,0.  ,0.  ,0.  ,0.  ,0.  ,0.  ,0.  ,0.  ,0.  ,0.  ,0.  ,0.  ,0.  ,
 0.  ,0.2 ,0.62,0.99,0.62,0.2 ,0.  ,0.  ,0.  ,0.  ,0.  ,0.  ,0.  ,0.  ,
 0.  ,0.  ,0.  ,0.  ,0.  ,0.  ,0.  ,0.  ,0.  ,0.  ,0.  ,0.  ,0.  ,0.  ,
 0.19,0.93,0.99,0.99,0.99,0.93,0.  ,0.  ,0.  ,0.  ,0.  ,0.  ,0.  ,0.  ,
 0.  ,0.  ,0.  ,0.  ,0.  ,0.  ,0.  ,0.  ,0.  ,0.  ,0.  ,0.  ,0.  ,0.21,
 0.89,0.99,0.99,0.94,0.91,0.99,0.22,0.02,0.  ,0.  ,0.  ,0.  ,0.  ,0.  ,
 0.  ,0.  ,0.  ,0.  ,0.  ,0.  ,0.  ,0.  ,0.  ,0.  ,0.  ,0.04,0.24,0.88,
 0.99,0.99,0.99,0.79,0.33,0.99,0.99,0.48,0.  ,0.  ,0.  ,0.  ,0.  ,0.  ,
 0.  ,0.  ,0.  ,0.  ,0.  ,0.  ,0.  ,0.  ,0.  ,0.  ,0.  ,0.64,0.99,0.99,
 0.99,0.99,0.99,0.99,0.38,0.74,0.99,0.65,0.  ,0.  ,0.  ,0.  ,0.  ,0.  ,
 0.  ,0.  ,0.  ,0.  ,0.  ,0.  ,0.  ,0.  ,0.  ,0.  ,0.2 ,0.93,0.99,0.99,
 0.75,0.45,0.99,0.89,0.18,0.31,1.  ,0.66,0.  ,0.  ,0.  ,0.  ,0.  ,0.  ,
 0.  ,0.  ,0.  ,0.  ,0.  ,0.  ,0.  ,0.  ,0.  ,0.19,0.93,0.99,0.99,0.7 ,
 0.05,0.29,0.47,0.08,0.  ,0.  ,0.99,0.95,0.2 ,0.  ,0.  ,0.  ,0.  ,0.  ,
 0.  ,0.  ,0.  ,0.  ,0.  ,0.  ,0.  ,0.  ,0.15,0.65,0.99,0.91,0.82,0.33,
 0.  ,0.  ,0.  ,0.  ,0.  ,0.  ,0.99,0.99,0.65,0.  ,0.  ,0.  ,0.  ,0.  ,
 0.  ,0.  ,0.  ,0.  ,0.  ,0.  ,0.  ,0.03,0.7 ,0.99,0.94,0.28,0.07,0.11,
 0.  ,0.  ,0.  ,0.  ,0.  ,0.  ,0.99,0.99,0.76,0.  ,0.  ,0.  ,0.  ,0.  ,
 0.  ,0.  ,0.  ,0.  ,0.  ,0.  ,0.  ,0.22,0.99,0.99,0.25,0.  ,0.  ,0.  ,
 0.  ,0.  ,0.  ,0.  ,0.  ,0.  ,0.99,0.99,0.76,0.  ,0.  ,0.  ,0.  ,0.  ,
 0.  ,0.  ,0.  ,0.  ,0.  ,0.  ,0.  ,0.78,0.99,0.75,0.  ,0.  ,0.  ,0.  ,
 0.  ,0.  ,0.  ,0.  ,0.  ,0.  ,1.  ,0.99,0.77,0.  ,0.  ,0.  ,0.  ,0.  ,
 0.  ,0.  ,0.  ,0.  ,0.  ,0.  ,0.3 ,0.96,0.99,0.44,0.  ,0.  ,0.  ,0.  ,
 0.  ,0.  ,0.  ,0.  ,0.  ,0.  ,0.99,0.99,0.58,0.  ,0.  ,0.  ,0.  ,0.  ,
 0.  ,0.  ,0.  ,0.  ,0.  ,0.  ,0.33,0.99,0.9 ,0.1 ,0.  ,0.  ,0.  ,0.  ,
 0.  ,0.  ,0.  ,0.  ,0.03,0.53,0.99,0.73,0.05,0.  ,0.  ,0.  ,0.  ,0.  ,
 0.  ,0.  ,0.  ,0.  ,0.  ,0.  ,0.33,0.99,0.87,0.  ,0.  ,0.  ,0.  ,0.  ,
 0.  ,0.  ,0.  ,0.03,0.51,0.99,0.88,0.28,0.  ,0.  ,0.  ,0.  ,0.  ,0.  ,
 0.  ,0.  ,0.  ,0.  ,0.  ,0.  ,0.33,0.99,0.57,0.  ,0.  ,0.  ,0.  ,0.  ,
 0.  ,0.  ,0.19,0.65,0.99,0.68,0.  ,0.  ,0.  ,0.  ,0.  ,0.  ,0.  ,0.  ,
 0.  ,0.  ,0.  ,0.  ,0.  ,0.  ,0.34,0.99,0.88,0.  ,0.  ,0.  ,0.  ,0.  ,
 0.  ,0.45,0.93,0.99,0.64,0.  ,0.  ,0.  ,0.  ,0.  ,0.  ,0.  ,0.  ,0.  ,
 0.  ,0.  ,0.  ,0.  ,0.  ,0.  ,0.33,0.99,0.98,0.57,0.19,0.11,0.33,0.7 ,
 0.88,0.99,0.87,0.65,0.22,0.  ,0.  ,0.  ,0.  ,0.  ,0.  ,0.  ,0.  ,0.  ,
 0.  ,0.  ,0.  ,0.  ,0.  ,0.  ,0.33,0.99,0.99,0.99,0.9 ,0.84,0.99,0.99,
 0.99,0.77,0.51,0.  ,0.  ,0.  ,0.  ,0.  ,0.  ,0.  ,0.  ,0.  ,0.  ,0.  ,
 0.  ,0.  ,0.  ,0.  ,0.  ,0.  ,0.11,0.78,0.99,0.99,0.99,0.99,0.99,0.91,
 0.57,0.  ,0.  ,0.  ,0.  ,0.  ,0.  ,0.  ,0.  ,0.  ,0.  ,0.  ,0.  ,0.  ,
 0.  ,0.  ,0.  ,0.  ,0.  ,0.  ,0.  ,0.1 ,0.5 ,0.99,0.99,0.99,0.55,0.15,
 0.  ,0.  ,0.  ,0.  ,0.  ,0.  ,0.  ,0.  ,0.  ,0.  ,0.  ,0.  ,0.  ,0.  ,
 0.  ,0.  ,0.  ,0.  ,0.  ,0.  ,0.  ,0.  ,0.  ,0.  ,0.  ,0.  ,0.  ,0.  ,
 0.  ,0.  ,0.  ,0.  ,0.  ,0.  ,0.  ,0.  ,0.  ,0.  ,0.  ,0.  ,0.  ,0.  ,
 0.  ,0.  ,0.  ,0.  ,0.  ,0.  ,0.  ,0.  ,0.  ,0.  ,0.  ,0.  ,0.  ,0.  ,
 0.  ,0.  ,0.  ,0.  ,0.  ,0.  ,0.  ,0.  ,0.  ,0.  ,0.  ,0.  ,0.  ,0.  ,
 0.  ,0.  ,0.  ,0.  ,0.  ,0.  ,0.  ,0.  ,0.  ,0.  ,0.  ,0.  ,0.  ,0.  ,
 0.  ,0.  ,0.  ,0.  ,0.  ,0.  ,0.  ,0.  ,0.  ,0.  ,0.  ,0.  ,0.  ,0.  ,
 0.  ,0.  ,0.  ,0.  ,0.  ,0.  ,0.  ,0.  ,0.  ,0.  ,0.  ,0.  ,0.  ,0.  ,
 0.  ,0.  ,0.  ,0.  ,0.  ,0.  ,0.  ,0.  ,0.  ,0.  ,0.  ,0.  ,0.  ,0.  ]",0,"[[-1.3498e-02,-4.8979e-03, 3.8246e-04,...,-1.1013e-02, 1.8778e-05,
   6.3096e-03],
 [-3.5537e-03,-2.9871e-03,-1.3974e-02,...,-5.6679e-03,-8.3602e-04,
   3.3509e-03],
 [-9.8223e-03,-9.9293e-03, 7.9568e-03,...,-2.7545e-03,-1.1057e-03,
   2.5672e-03],
 ...,
 [-7.8604e-03, 8.0771e-03, 1.3596e-02,...,-1.0829e-03,-1.1537e-03,
   3.9063e-03],
 [-5.7794e-03, 6.6186e-03, 1.2320e-03,..., 2.1307e-03,-6.7002e-03,
   5.2298e-03],
 [-2.5870e-03, 1.2748e-02,-2.7763e-03,...,-8.5902e-03, 7.8897e-03,
  -3.5166e-03]]","[[-0.0693, 0.109 ,-0.0198,-0.0775, 0.0622, 0.0313, 0.0059,-0.0034,-0.0281,
  -0.0103]]","[ 5.7683e+00,-2.9489e+00,-1.3766e+00, 1.8696e-01,-2.8192e+00, 1.6878e+00,
  7.6086e-01,-5.9351e-01,-1.1692e-03,-5.4571e-01]","[9.6604e-01,1.5818e-04,7.6209e-04,3.6395e-03,1.8009e-04,1.6325e-02,
 6.4607e-03,1.6676e-03,3.0153e-03,1.7492e-03]","[[0.,0.,0.,...,0.,0.,0.],
 [0.,0.,0.,...,0.,0.,0.],
 [0.,0.,0.,...,0.,0.,0.],
 ...,
 [0.,0.,0.,...,0.,0.,0.],
 [0.,0.,0.,...,0.,0.,0.],
 [0.,0.,0.,...,0.,0.,0.]]","[-0.034 , 0.0002, 0.0008, 0.0036, 0.0002, 0.0163, 0.0065, 0.0017, 0.003 ,
  0.0017]","[[ 2.4024e-03,-4.6790e-03, 7.6672e-05, 3.6055e-03,-3.2492e-03,-1.9399e-03,
   6.6824e-05, 2.3759e-04, 1.9390e-03, 1.5400e-03]]"
95,"[0.  ,0.  ,0.  ,0.  ,0.  ,0.  ,0.  ,0.  ,0.  ,0.  ,0.  ,0.  ,0.  ,0.  ,
 0.  ,0.  ,0.  ,0.  ,0.  ,0.  ,0.  ,0.  ,0.  ,0.  ,0.  ,0.  ,0.  ,0.  ,
 0.  ,0.  ,0.  ,0.  ,0.  ,0.  ,0.  ,0.  ,0.  ,0.  ,0.  ,0.  ,0.  ,0.  ,
 0.  ,0.  ,0.  ,0.  ,0.  ,0.  ,0.  ,0.  ,0.  ,0.  ,0.  ,0.  ,0.  ,0.  ,
 0.  ,0.  ,0.  ,0.  ,0.  ,0.  ,0.  ,0.  ,0.  ,0.  ,0.  ,0.  ,0.  ,0.  ,
 0.  ,0.  ,0.  ,0.  ,0.  ,0.  ,0.  ,0.  ,0.  ,0.  ,0.  ,0.  ,0.  ,0.  ,
 0.  ,0.  ,0.  ,0.  ,0.  ,0.  ,0.  ,0.  ,0.  ,0.  ,0.  ,0.  ,0.  ,0.  ,
 0.  ,0.  ,0.  ,0.  ,0.  ,0.  ,0.  ,0.  ,0.  ,0.  ,0.  ,0.  ,0.  ,0.  ,
 0.  ,0.  ,0.  ,0.  ,0.  ,0.  ,0.  ,0.  ,0.  ,0.  ,0.  ,0.  ,0.  ,0.  ,
 0.  ,0.2 ,0.62,0.99,0.62,0.2 ,0.  ,0.  ,0.  ,0.  ,0.  ,0.  ,0.  ,0.  ,
 0.  ,0.  ,0.  ,0.  ,0.  ,0.  ,0.  ,0.  ,0.  ,0.  ,0.  ,0.  ,0.  ,0.  ,
 0.19,0.93,0.99,0.99,0.99,0.93,0.  ,0.  ,0.  ,0.  ,0.  ,0.  ,0.  ,0.  ,
 0.  ,0.  ,0.  ,0.  ,0.  ,0.  ,0.  ,0.  ,0.  ,0.  ,0.  ,0.  ,0.  ,0.21,
 0.89,0.99,0.99,0.94,0.91,0.99,0.22,0.02,0.  ,0.  ,0.  ,0.  ,0.  ,0.  ,
 0.  ,0.  ,0.  ,0.  ,0.  ,0.  ,0.  ,0.  ,0.  ,0.  ,0.  ,0.04,0.24,0.88,
 0.99,0.99,0.99,0.79,0.33,0.99,0.99,0.48,0.  ,0.  ,0.  ,0.  ,0.  ,0.  ,
 0.  ,0.  ,0.  ,0.  ,0.  ,0.  ,0.  ,0.  ,0.  ,0.  ,0.  ,0.64,0.99,0.99,
 0.99,0.99,0.99,0.99,0.38,0.74,0.99,0.65,0.  ,0.  ,0.  ,0.  ,0.  ,0.  ,
 0.  ,0.  ,0.  ,0.  ,0.  ,0.  ,0.  ,0.  ,0.  ,0.  ,0.2 ,0.93,0.99,0.99,
 0.75,0.45,0.99,0.89,0.18,0.31,1.  ,0.66,0.  ,0.  ,0.  ,0.  ,0.  ,0.  ,
 0.  ,0.  ,0.  ,0.  ,0.  ,0.  ,0.  ,0.  ,0.  ,0.19,0.93,0.99,0.99,0.7 ,
 0.05,0.29,0.47,0.08,0.  ,0.  ,0.99,0.95,0.2 ,0.  ,0.  ,0.  ,0.  ,0.  ,
 0.  ,0.  ,0.  ,0.  ,0.  ,0.  ,0.  ,0.  ,0.15,0.65,0.99,0.91,0.82,0.33,
 0.  ,0.  ,0.  ,0.  ,0.  ,0.  ,0.99,0.99,0.65,0.  ,0.  ,0.  ,0.  ,0.  ,
 0.  ,0.  ,0.  ,0.  ,0.  ,0.  ,0.  ,0.03,0.7 ,0.99,0.94,0.28,0.07,0.11,
 0.  ,0.  ,0.  ,0.  ,0.  ,0.  ,0.99,0.99,0.76,0.  ,0.  ,0.  ,0.  ,0.  ,
 0.  ,0.  ,0.  ,0.  ,0.  ,0.  ,0.  ,0.22,0.99,0.99,0.25,0.  ,0.  ,0.  ,
 0.  ,0.  ,0.  ,0.  ,0.  ,0.  ,0.99,0.99,0.76,0.  ,0.  ,0.  ,0.  ,0.  ,
 0.  ,0.  ,0.  ,0.  ,0.  ,0.  ,0.  ,0.78,0.99,0.75,0.  ,0.  ,0.  ,0.  ,
 0.  ,0.  ,0.  ,0.  ,0.  ,0.  ,1.  ,0.99,0.77,0.  ,0.  ,0.  ,0.  ,0.  ,
 0.  ,0.  ,0.  ,0.  ,0.  ,0.  ,0.3 ,0.96,0.99,0.44,0.  ,0.  ,0.  ,0.  ,
 0.  ,0.  ,0.  ,0.  ,0.  ,0.  ,0.99,0.99,0.58,0.  ,0.  ,0.  ,0.  ,0.  ,
 0.  ,0.  ,0.  ,0.  ,0.  ,0.  ,0.33,0.99,0.9 ,0.1 ,0.  ,0.  ,0.  ,0.  ,
 0.  ,0.  ,0.  ,0.  ,0.03,0.53,0.99,0.73,0.05,0.  ,0.  ,0.  ,0.  ,0.  ,
 0.  ,0.  ,0.  ,0.  ,0.  ,0.  ,0.33,0.99,0.87,0.  ,0.  ,0.  ,0.  ,0.  ,
 0.  ,0.  ,0.  ,0.03,0.51,0.99,0.88,0.28,0.  ,0.  ,0.  ,0.  ,0.  ,0.  ,
 0.  ,0.  ,0.  ,0.  ,0.  ,0.  ,0.33,0.99,0.57,0.  ,0.  ,0.  ,0.  ,0.  ,
 0.  ,0.  ,0.19,0.65,0.99,0.68,0.  ,0.  ,0.  ,0.  ,0.  ,0.  ,0.  ,0.  ,
 0.  ,0.  ,0.  ,0.  ,0.  ,0.  ,0.34,0.99,0.88,0.  ,0.  ,0.  ,0.  ,0.  ,
 0.  ,0.45,0.93,0.99,0.64,0.  ,0.  ,0.  ,0.  ,0.  ,0.  ,0.  ,0.  ,0.  ,
 0.  ,0.  ,0.  ,0.  ,0.  ,0.  ,0.33,0.99,0.98,0.57,0.19,0.11,0.33,0.7 ,
 0.88,0.99,0.87,0.65,0.22,0.  ,0.  ,0.  ,0.  ,0.  ,0.  ,0.  ,0.  ,0.  ,
 0.  ,0.  ,0.  ,0.  ,0.  ,0.  ,0.33,0.99,0.99,0.99,0.9 ,0.84,0.99,0.99,
 0.99,0.77,0.51,0.  ,0.  ,0.  ,0.  ,0.  ,0.  ,0.  ,0.  ,0.  ,0.  ,0.  ,
 0.  ,0.  ,0.  ,0.  ,0.  ,0.  ,0.11,0.78,0.99,0.99,0.99,0.99,0.99,0.91,
 0.57,0.  ,0.  ,0.  ,0.  ,0.  ,0.  ,0.  ,0.  ,0.  ,0.  ,0.  ,0.  ,0.  ,
 0.  ,0.  ,0.  ,0.  ,0.  ,0.  ,0.  ,0.1 ,0.5 ,0.99,0.99,0.99,0.55,0.15,
 0.  ,0.  ,0.  ,0.  ,0.  ,0.  ,0.  ,0.  ,0.  ,0.  ,0.  ,0.  ,0.  ,0.  ,
 0.  ,0.  ,0.  ,0.  ,0.  ,0.  ,0.  ,0.  ,0.  ,0.  ,0.  ,0.  ,0.  ,0.  ,
 0.  ,0.  ,0.  ,0.  ,0.  ,0.  ,0.  ,0.  ,0.  ,0.  ,0.  ,0.  ,0.  ,0.  ,
 0.  ,0.  ,0.  ,0.  ,0.  ,0.  ,0.  ,0.  ,0.  ,0.  ,0.  ,0.  ,0.  ,0.  ,
 0.  ,0.  ,0.  ,0.  ,0.  ,0.  ,0.  ,0.  ,0.  ,0.  ,0.  ,0.  ,0.  ,0.  ,
 0.  ,0.  ,0.  ,0.  ,0.  ,0.  ,0.  ,0.  ,0.  ,0.  ,0.  ,0.  ,0.  ,0.  ,
 0.  ,0.  ,0.  ,0.  ,0.  ,0.  ,0.  ,0.  ,0.  ,0.  ,0.  ,0.  ,0.  ,0.  ,
 0.  ,0.  ,0.  ,0.  ,0.  ,0.  ,0.  ,0.  ,0.  ,0.  ,0.  ,0.  ,0.  ,0.  ,
 0.  ,0.  ,0.  ,0.  ,0.  ,0.  ,0.  ,0.  ,0.  ,0.  ,0.  ,0.  ,0.  ,0.  ]",0,"[[-1.3498e-02,-4.8979e-03, 3.8246e-04,...,-1.1013e-02, 1.8778e-05,
   6.3096e-03],
 [-3.5537e-03,-2.9871e-03,-1.3974e-02,...,-5.6679e-03,-8.3602e-04,
   3.3509e-03],
 [-9.8223e-03,-9.9293e-03, 7.9568e-03,...,-2.7545e-03,-1.1057e-03,
   2.5672e-03],
 ...,
 [-7.8604e-03, 8.0771e-03, 1.3596e-02,...,-1.0829e-03,-1.1537e-03,
   3.9063e-03],
 [-5.7794e-03, 6.6186e-03, 1.2320e-03,..., 2.1307e-03,-6.7002e-03,
   5.2298e-03],
 [-2.5870e-03, 1.2748e-02,-2.7763e-03,...,-8.5902e-03, 7.8897e-03,
  -3.5166e-03]]","[[-0.0695, 0.1095,-0.0198,-0.0779, 0.0625, 0.0315, 0.0059,-0.0034,-0.0283,
  -0.0105]]","[ 5.7856e+00,-2.9597e+00,-1.3827e+00, 1.8971e-01,-2.8296e+00, 1.6934e+00,
  7.6588e-01,-5.9484e-01,-1.3102e-03,-5.4762e-01]","[9.6649e-01,1.5386e-04,7.4481e-04,3.5885e-03,1.7524e-04,1.6142e-02,
 6.3847e-03,1.6375e-03,2.9645e-03,1.7167e-03]","[[0.,0.,0.,...,0.,0.,0.],
 [0.,0.,0.,...,0.,0.,0.],
 [0.,0.,0.,...,0.,0.,0.],
 ...,
 [0.,0.,0.,...,0.,0.,0.],
 [0.,0.,0.,...,0.,0.,0.],
 [0.,0.,0.,...,0.,0.,0.]]","[-0.0335, 0.0002, 0.0007, 0.0036, 0.0002, 0.0161, 0.0064, 0.0016, 0.003 ,
  0.0017]","[[ 2.3753e-03,-4.6358e-03, 7.2039e-05, 3.5694e-03,-3.2187e-03,-1.9241e-03,
   7.2897e-05, 2.3315e-04, 1.9247e-03, 1.5311e-03]]"
96,"[0.  ,0.  ,0.  ,0.  ,0.  ,0.  ,0.  ,0.  ,0.  ,0.  ,0.  ,0.  ,0.  ,0.  ,
 0.  ,0.  ,0.  ,0.  ,0.  ,0.  ,0.  ,0.  ,0.  ,0.  ,0.  ,0.  ,0.  ,0.  ,
 0.  ,0.  ,0.  ,0.  ,0.  ,0.  ,0.  ,0.  ,0.  ,0.  ,0.  ,0.  ,0.  ,0.  ,
 0.  ,0.  ,0.  ,0.  ,0.  ,0.  ,0.  ,0.  ,0.  ,0.  ,0.  ,0.  ,0.  ,0.  ,
 0.  ,0.  ,0.  ,0.  ,0.  ,0.  ,0.  ,0.  ,0.  ,0.  ,0.  ,0.  ,0.  ,0.  ,
 0.  ,0.  ,0.  ,0.  ,0.  ,0.  ,0.  ,0.  ,0.  ,0.  ,0.  ,0.  ,0.  ,0.  ,
 0.  ,0.  ,0.  ,0.  ,0.  ,0.  ,0.  ,0.  ,0.  ,0.  ,0.  ,0.  ,0.  ,0.  ,
 0.  ,0.  ,0.  ,0.  ,0.  ,0.  ,0.  ,0.  ,0.  ,0.  ,0.  ,0.  ,0.  ,0.  ,
 0.  ,0.  ,0.  ,0.  ,0.  ,0.  ,0.  ,0.  ,0.  ,0.  ,0.  ,0.  ,0.  ,0.  ,
 0.  ,0.2 ,0.62,0.99,0.62,0.2 ,0.  ,0.  ,0.  ,0.  ,0.  ,0.  ,0.  ,0.  ,
 0.  ,0.  ,0.  ,0.  ,0.  ,0.  ,0.  ,0.  ,0.  ,0.  ,0.  ,0.  ,0.  ,0.  ,
 0.19,0.93,0.99,0.99,0.99,0.93,0.  ,0.  ,0.  ,0.  ,0.  ,0.  ,0.  ,0.  ,
 0.  ,0.  ,0.  ,0.  ,0.  ,0.  ,0.  ,0.  ,0.  ,0.  ,0.  ,0.  ,0.  ,0.21,
 0.89,0.99,0.99,0.94,0.91,0.99,0.22,0.02,0.  ,0.  ,0.  ,0.  ,0.  ,0.  ,
 0.  ,0.  ,0.  ,0.  ,0.  ,0.  ,0.  ,0.  ,0.  ,0.  ,0.  ,0.04,0.24,0.88,
 0.99,0.99,0.99,0.79,0.33,0.99,0.99,0.48,0.  ,0.  ,0.  ,0.  ,0.  ,0.  ,
 0.  ,0.  ,0.  ,0.  ,0.  ,0.  ,0.  ,0.  ,0.  ,0.  ,0.  ,0.64,0.99,0.99,
 0.99,0.99,0.99,0.99,0.38,0.74,0.99,0.65,0.  ,0.  ,0.  ,0.  ,0.  ,0.  ,
 0.  ,0.  ,0.  ,0.  ,0.  ,0.  ,0.  ,0.  ,0.  ,0.  ,0.2 ,0.93,0.99,0.99,
 0.75,0.45,0.99,0.89,0.18,0.31,1.  ,0.66,0.  ,0.  ,0.  ,0.  ,0.  ,0.  ,
 0.  ,0.  ,0.  ,0.  ,0.  ,0.  ,0.  ,0.  ,0.  ,0.19,0.93,0.99,0.99,0.7 ,
 0.05,0.29,0.47,0.08,0.  ,0.  ,0.99,0.95,0.2 ,0.  ,0.  ,0.  ,0.  ,0.  ,
 0.  ,0.  ,0.  ,0.  ,0.  ,0.  ,0.  ,0.  ,0.15,0.65,0.99,0.91,0.82,0.33,
 0.  ,0.  ,0.  ,0.  ,0.  ,0.  ,0.99,0.99,0.65,0.  ,0.  ,0.  ,0.  ,0.  ,
 0.  ,0.  ,0.  ,0.  ,0.  ,0.  ,0.  ,0.03,0.7 ,0.99,0.94,0.28,0.07,0.11,
 0.  ,0.  ,0.  ,0.  ,0.  ,0.  ,0.99,0.99,0.76,0.  ,0.  ,0.  ,0.  ,0.  ,
 0.  ,0.  ,0.  ,0.  ,0.  ,0.  ,0.  ,0.22,0.99,0.99,0.25,0.  ,0.  ,0.  ,
 0.  ,0.  ,0.  ,0.  ,0.  ,0.  ,0.99,0.99,0.76,0.  ,0.  ,0.  ,0.  ,0.  ,
 0.  ,0.  ,0.  ,0.  ,0.  ,0.  ,0.  ,0.78,0.99,0.75,0.  ,0.  ,0.  ,0.  ,
 0.  ,0.  ,0.  ,0.  ,0.  ,0.  ,1.  ,0.99,0.77,0.  ,0.  ,0.  ,0.  ,0.  ,
 0.  ,0.  ,0.  ,0.  ,0.  ,0.  ,0.3 ,0.96,0.99,0.44,0.  ,0.  ,0.  ,0.  ,
 0.  ,0.  ,0.  ,0.  ,0.  ,0.  ,0.99,0.99,0.58,0.  ,0.  ,0.  ,0.  ,0.  ,
 0.  ,0.  ,0.  ,0.  ,0.  ,0.  ,0.33,0.99,0.9 ,0.1 ,0.  ,0.  ,0.  ,0.  ,
 0.  ,0.  ,0.  ,0.  ,0.03,0.53,0.99,0.73,0.05,0.  ,0.  ,0.  ,0.  ,0.  ,
 0.  ,0.  ,0.  ,0.  ,0.  ,0.  ,0.33,0.99,0.87,0.  ,0.  ,0.  ,0.  ,0.  ,
 0.  ,0.  ,0.  ,0.03,0.51,0.99,0.88,0.28,0.  ,0.  ,0.  ,0.  ,0.  ,0.  ,
 0.  ,0.  ,0.  ,0.  ,0.  ,0.  ,0.33,0.99,0.57,0.  ,0.  ,0.  ,0.  ,0.  ,
 0.  ,0.  ,0.19,0.65,0.99,0.68,0.  ,0.  ,0.  ,0.  ,0.  ,0.  ,0.  ,0.  ,
 0.  ,0.  ,0.  ,0.  ,0.  ,0.  ,0.34,0.99,0.88,0.  ,0.  ,0.  ,0.  ,0.  ,
 0.  ,0.45,0.93,0.99,0.64,0.  ,0.  ,0.  ,0.  ,0.  ,0.  ,0.  ,0.  ,0.  ,
 0.  ,0.  ,0.  ,0.  ,0.  ,0.  ,0.33,0.99,0.98,0.57,0.19,0.11,0.33,0.7 ,
 0.88,0.99,0.87,0.65,0.22,0.  ,0.  ,0.  ,0.  ,0.  ,0.  ,0.  ,0.  ,0.  ,
 0.  ,0.  ,0.  ,0.  ,0.  ,0.  ,0.33,0.99,0.99,0.99,0.9 ,0.84,0.99,0.99,
 0.99,0.77,0.51,0.  ,0.  ,0.  ,0.  ,0.  ,0.  ,0.  ,0.  ,0.  ,0.  ,0.  ,
 0.  ,0.  ,0.  ,0.  ,0.  ,0.  ,0.11,0.78,0.99,0.99,0.99,0.99,0.99,0.91,
 0.57,0.  ,0.  ,0.  ,0.  ,0.  ,0.  ,0.  ,0.  ,0.  ,0.  ,0.  ,0.  ,0.  ,
 0.  ,0.  ,0.  ,0.  ,0.  ,0.  ,0.  ,0.1 ,0.5 ,0.99,0.99,0.99,0.55,0.15,
 0.  ,0.  ,0.  ,0.  ,0.  ,0.  ,0.  ,0.  ,0.  ,0.  ,0.  ,0.  ,0.  ,0.  ,
 0.  ,0.  ,0.  ,0.  ,0.  ,0.  ,0.  ,0.  ,0.  ,0.  ,0.  ,0.  ,0.  ,0.  ,
 0.  ,0.  ,0.  ,0.  ,0.  ,0.  ,0.  ,0.  ,0.  ,0.  ,0.  ,0.  ,0.  ,0.  ,
 0.  ,0.  ,0.  ,0.  ,0.  ,0.  ,0.  ,0.  ,0.  ,0.  ,0.  ,0.  ,0.  ,0.  ,
 0.  ,0.  ,0.  ,0.  ,0.  ,0.  ,0.  ,0.  ,0.  ,0.  ,0.  ,0.  ,0.  ,0.  ,
 0.  ,0.  ,0.  ,0.  ,0.  ,0.  ,0.  ,0.  ,0.  ,0.  ,0.  ,0.  ,0.  ,0.  ,
 0.  ,0.  ,0.  ,0.  ,0.  ,0.  ,0.  ,0.  ,0.  ,0.  ,0.  ,0.  ,0.  ,0.  ,
 0.  ,0.  ,0.  ,0.  ,0.  ,0.  ,0.  ,0.  ,0.  ,0.  ,0.  ,0.  ,0.  ,0.  ,
 0.  ,0.  ,0.  ,0.  ,0.  ,0.  ,0.  ,0.  ,0.  ,0.  ,0.  ,0.  ,0.  ,0.  ]",0,"[[-1.3498e-02,-4.8979e-03, 3.8246e-04,...,-1.1013e-02, 1.8778e-05,
   6.3096e-03],
 [-3.5537e-03,-2.9871e-03,-1.3974e-02,...,-5.6679e-03,-8.3602e-04,
   3.3509e-03],
 [-9.8223e-03,-9.9293e-03, 7.9568e-03,...,-2.7545e-03,-1.1057e-03,
   2.5672e-03],
 ...,
 [-7.8604e-03, 8.0771e-03, 1.3596e-02,...,-1.0829e-03,-1.1537e-03,
   3.9063e-03],
 [-5.7794e-03, 6.6186e-03, 1.2320e-03,..., 2.1307e-03,-6.7002e-03,
   5.2298e-03],
 [-2.5870e-03, 1.2748e-02,-2.7763e-03,...,-8.5902e-03, 7.8897e-03,
  -3.5166e-03]]","[[-0.0698, 0.1099,-0.0198,-0.0783, 0.0628, 0.0317, 0.0059,-0.0034,-0.0285,
  -0.0106]]","[ 5.8028e+00,-2.9704e+00,-1.3887e+00, 1.9245e-01,-2.8399e+00, 1.6990e+00,
  7.7086e-01,-5.9615e-01,-1.4651e-03,-5.4952e-01]","[9.6693e-01,1.4970e-04,7.2809e-04,3.5389e-03,1.7057e-04,1.5964e-02,
 6.3105e-03,1.6083e-03,2.9151e-03,1.6851e-03]","[[0.,0.,0.,...,0.,0.,0.],
 [0.,0.,0.,...,0.,0.,0.],
 [0.,0.,0.,...,0.,0.,0.],
 ...,
 [0.,0.,0.,...,0.,0.,0.],
 [0.,0.,0.,...,0.,0.,0.],
 [0.,0.,0.,...,0.,0.,0.]]","[-0.0331, 0.0001, 0.0007, 0.0035, 0.0002, 0.016 , 0.0063, 0.0016, 0.0029,
  0.0017]","[[ 2.3488e-03,-4.5935e-03, 6.7645e-05, 3.5339e-03,-3.1886e-03,-1.9086e-03,
   7.8728e-05, 2.2880e-04, 1.9106e-03, 1.5221e-03]]"
97,"[0.  ,0.  ,0.  ,0.  ,0.  ,0.  ,0.  ,0.  ,0.  ,0.  ,0.  ,0.  ,0.  ,0.  ,
 0.  ,0.  ,0.  ,0.  ,0.  ,0.  ,0.  ,0.  ,0.  ,0.  ,0.  ,0.  ,0.  ,0.  ,
 0.  ,0.  ,0.  ,0.  ,0.  ,0.  ,0.  ,0.  ,0.  ,0.  ,0.  ,0.  ,0.  ,0.  ,
 0.  ,0.  ,0.  ,0.  ,0.  ,0.  ,0.  ,0.  ,0.  ,0.  ,0.  ,0.  ,0.  ,0.  ,
 0.  ,0.  ,0.  ,0.  ,0.  ,0.  ,0.  ,0.  ,0.  ,0.  ,0.  ,0.  ,0.  ,0.  ,
 0.  ,0.  ,0.  ,0.  ,0.  ,0.  ,0.  ,0.  ,0.  ,0.  ,0.  ,0.  ,0.  ,0.  ,
 0.  ,0.  ,0.  ,0.  ,0.  ,0.  ,0.  ,0.  ,0.  ,0.  ,0.  ,0.  ,0.  ,0.  ,
 0.  ,0.  ,0.  ,0.  ,0.  ,0.  ,0.  ,0.  ,0.  ,0.  ,0.  ,0.  ,0.  ,0.  ,
 0.  ,0.  ,0.  ,0.  ,0.  ,0.  ,0.  ,0.  ,0.  ,0.  ,0.  ,0.  ,0.  ,0.  ,
 0.  ,0.2 ,0.62,0.99,0.62,0.2 ,0.  ,0.  ,0.  ,0.  ,0.  ,0.  ,0.  ,0.  ,
 0.  ,0.  ,0.  ,0.  ,0.  ,0.  ,0.  ,0.  ,0.  ,0.  ,0.  ,0.  ,0.  ,0.  ,
 0.19,0.93,0.99,0.99,0.99,0.93,0.  ,0.  ,0.  ,0.  ,0.  ,0.  ,0.  ,0.  ,
 0.  ,0.  ,0.  ,0.  ,0.  ,0.  ,0.  ,0.  ,0.  ,0.  ,0.  ,0.  ,0.  ,0.21,
 0.89,0.99,0.99,0.94,0.91,0.99,0.22,0.02,0.  ,0.  ,0.  ,0.  ,0.  ,0.  ,
 0.  ,0.  ,0.  ,0.  ,0.  ,0.  ,0.  ,0.  ,0.  ,0.  ,0.  ,0.04,0.24,0.88,
 0.99,0.99,0.99,0.79,0.33,0.99,0.99,0.48,0.  ,0.  ,0.  ,0.  ,0.  ,0.  ,
 0.  ,0.  ,0.  ,0.  ,0.  ,0.  ,0.  ,0.  ,0.  ,0.  ,0.  ,0.64,0.99,0.99,
 0.99,0.99,0.99,0.99,0.38,0.74,0.99,0.65,0.  ,0.  ,0.  ,0.  ,0.  ,0.  ,
 0.  ,0.  ,0.  ,0.  ,0.  ,0.  ,0.  ,0.  ,0.  ,0.  ,0.2 ,0.93,0.99,0.99,
 0.75,0.45,0.99,0.89,0.18,0.31,1.  ,0.66,0.  ,0.  ,0.  ,0.  ,0.  ,0.  ,
 0.  ,0.  ,0.  ,0.  ,0.  ,0.  ,0.  ,0.  ,0.  ,0.19,0.93,0.99,0.99,0.7 ,
 0.05,0.29,0.47,0.08,0.  ,0.  ,0.99,0.95,0.2 ,0.  ,0.  ,0.  ,0.  ,0.  ,
 0.  ,0.  ,0.  ,0.  ,0.  ,0.  ,0.  ,0.  ,0.15,0.65,0.99,0.91,0.82,0.33,
 0.  ,0.  ,0.  ,0.  ,0.  ,0.  ,0.99,0.99,0.65,0.  ,0.  ,0.  ,0.  ,0.  ,
 0.  ,0.  ,0.  ,0.  ,0.  ,0.  ,0.  ,0.03,0.7 ,0.99,0.94,0.28,0.07,0.11,
 0.  ,0.  ,0.  ,0.  ,0.  ,0.  ,0.99,0.99,0.76,0.  ,0.  ,0.  ,0.  ,0.  ,
 0.  ,0.  ,0.  ,0.  ,0.  ,0.  ,0.  ,0.22,0.99,0.99,0.25,0.  ,0.  ,0.  ,
 0.  ,0.  ,0.  ,0.  ,0.  ,0.  ,0.99,0.99,0.76,0.  ,0.  ,0.  ,0.  ,0.  ,
 0.  ,0.  ,0.  ,0.  ,0.  ,0.  ,0.  ,0.78,0.99,0.75,0.  ,0.  ,0.  ,0.  ,
 0.  ,0.  ,0.  ,0.  ,0.  ,0.  ,1.  ,0.99,0.77,0.  ,0.  ,0.  ,0.  ,0.  ,
 0.  ,0.  ,0.  ,0.  ,0.  ,0.  ,0.3 ,0.96,0.99,0.44,0.  ,0.  ,0.  ,0.  ,
 0.  ,0.  ,0.  ,0.  ,0.  ,0.  ,0.99,0.99,0.58,0.  ,0.  ,0.  ,0.  ,0.  ,
 0.  ,0.  ,0.  ,0.  ,0.  ,0.  ,0.33,0.99,0.9 ,0.1 ,0.  ,0.  ,0.  ,0.  ,
 0.  ,0.  ,0.  ,0.  ,0.03,0.53,0.99,0.73,0.05,0.  ,0.  ,0.  ,0.  ,0.  ,
 0.  ,0.  ,0.  ,0.  ,0.  ,0.  ,0.33,0.99,0.87,0.  ,0.  ,0.  ,0.  ,0.  ,
 0.  ,0.  ,0.  ,0.03,0.51,0.99,0.88,0.28,0.  ,0.  ,0.  ,0.  ,0.  ,0.  ,
 0.  ,0.  ,0.  ,0.  ,0.  ,0.  ,0.33,0.99,0.57,0.  ,0.  ,0.  ,0.  ,0.  ,
 0.  ,0.  ,0.19,0.65,0.99,0.68,0.  ,0.  ,0.  ,0.  ,0.  ,0.  ,0.  ,0.  ,
 0.  ,0.  ,0.  ,0.  ,0.  ,0.  ,0.34,0.99,0.88,0.  ,0.  ,0.  ,0.  ,0.  ,
 0.  ,0.45,0.93,0.99,0.64,0.  ,0.  ,0.  ,0.  ,0.  ,0.  ,0.  ,0.  ,0.  ,
 0.  ,0.  ,0.  ,0.  ,0.  ,0.  ,0.33,0.99,0.98,0.57,0.19,0.11,0.33,0.7 ,
 0.88,0.99,0.87,0.65,0.22,0.  ,0.  ,0.  ,0.  ,0.  ,0.  ,0.  ,0.  ,0.  ,
 0.  ,0.  ,0.  ,0.  ,0.  ,0.  ,0.33,0.99,0.99,0.99,0.9 ,0.84,0.99,0.99,
 0.99,0.77,0.51,0.  ,0.  ,0.  ,0.  ,0.  ,0.  ,0.  ,0.  ,0.  ,0.  ,0.  ,
 0.  ,0.  ,0.  ,0.  ,0.  ,0.  ,0.11,0.78,0.99,0.99,0.99,0.99,0.99,0.91,
 0.57,0.  ,0.  ,0.  ,0.  ,0.  ,0.  ,0.  ,0.  ,0.  ,0.  ,0.  ,0.  ,0.  ,
 0.  ,0.  ,0.  ,0.  ,0.  ,0.  ,0.  ,0.1 ,0.5 ,0.99,0.99,0.99,0.55,0.15,
 0.  ,0.  ,0.  ,0.  ,0.  ,0.  ,0.  ,0.  ,0.  ,0.  ,0.  ,0.  ,0.  ,0.  ,
 0.  ,0.  ,0.  ,0.  ,0.  ,0.  ,0.  ,0.  ,0.  ,0.  ,0.  ,0.  ,0.  ,0.  ,
 0.  ,0.  ,0.  ,0.  ,0.  ,0.  ,0.  ,0.  ,0.  ,0.  ,0.  ,0.  ,0.  ,0.  ,
 0.  ,0.  ,0.  ,0.  ,0.  ,0.  ,0.  ,0.  ,0.  ,0.  ,0.  ,0.  ,0.  ,0.  ,
 0.  ,0.  ,0.  ,0.  ,0.  ,0.  ,0.  ,0.  ,0.  ,0.  ,0.  ,0.  ,0.  ,0.  ,
 0.  ,0.  ,0.  ,0.  ,0.  ,0.  ,0.  ,0.  ,0.  ,0.  ,0.  ,0.  ,0.  ,0.  ,
 0.  ,0.  ,0.  ,0.  ,0.  ,0.  ,0.  ,0.  ,0.  ,0.  ,0.  ,0.  ,0.  ,0.  ,
 0.  ,0.  ,0.  ,0.  ,0.  ,0.  ,0.  ,0.  ,0.  ,0.  ,0.  ,0.  ,0.  ,0.  ,
 0.  ,0.  ,0.  ,0.  ,0.  ,0.  ,0.  ,0.  ,0.  ,0.  ,0.  ,0.  ,0.  ,0.  ]",0,"[[-1.3498e-02,-4.8979e-03, 3.8246e-04,...,-1.1013e-02, 1.8778e-05,
   6.3096e-03],
 [-3.5537e-03,-2.9871e-03,-1.3974e-02,...,-5.6679e-03,-8.3602e-04,
   3.3509e-03],
 [-9.8223e-03,-9.9293e-03, 7.9568e-03,...,-2.7545e-03,-1.1057e-03,
   2.5672e-03],
 ...,
 [-7.8604e-03, 8.0771e-03, 1.3596e-02,...,-1.0829e-03,-1.1537e-03,
   3.9063e-03],
 [-5.7794e-03, 6.6186e-03, 1.2320e-03,..., 2.1307e-03,-6.7002e-03,
   5.2298e-03],
 [-2.5870e-03, 1.2748e-02,-2.7763e-03,...,-8.5902e-03, 7.8897e-03,
  -3.5166e-03]]","[[-0.07  , 0.1104,-0.0198,-0.0786, 0.0632, 0.0319, 0.0059,-0.0034,-0.0287,
  -0.0108]]","[ 5.8197e+00,-2.9810e+00,-1.3947e+00, 1.9517e-01,-2.8501e+00, 1.7045e+00,
  7.7580e-01,-5.9743e-01,-1.6335e-03,-5.5139e-01]","[9.6736e-01,1.4571e-04,7.1191e-04,3.4904e-03,1.6608e-04,1.5789e-02,
 6.2380e-03,1.5800e-03,2.8669e-03,1.6544e-03]","[[0.,0.,0.,...,0.,0.,0.],
 [0.,0.,0.,...,0.,0.,0.],
 [0.,0.,0.,...,0.,0.,0.],
 ...,
 [0.,0.,0.,...,0.,0.,0.],
 [0.,0.,0.,...,0.,0.,0.],
 [0.,0.,0.,...,0.,0.,0.]]","[-0.0326, 0.0001, 0.0007, 0.0035, 0.0002, 0.0158, 0.0062, 0.0016, 0.0029,
  0.0017]","[[ 2.3228e-03,-4.5520e-03, 6.3478e-05, 3.4991e-03,-3.1590e-03,-1.8933e-03,
   8.4325e-05, 2.2455e-04, 1.8968e-03, 1.5133e-03]]"
98,"[0.  ,0.  ,0.  ,0.  ,0.  ,0.  ,0.  ,0.  ,0.  ,0.  ,0.  ,0.  ,0.  ,0.  ,
 0.  ,0.  ,0.  ,0.  ,0.  ,0.  ,0.  ,0.  ,0.  ,0.  ,0.  ,0.  ,0.  ,0.  ,
 0.  ,0.  ,0.  ,0.  ,0.  ,0.  ,0.  ,0.  ,0.  ,0.  ,0.  ,0.  ,0.  ,0.  ,
 0.  ,0.  ,0.  ,0.  ,0.  ,0.  ,0.  ,0.  ,0.  ,0.  ,0.  ,0.  ,0.  ,0.  ,
 0.  ,0.  ,0.  ,0.  ,0.  ,0.  ,0.  ,0.  ,0.  ,0.  ,0.  ,0.  ,0.  ,0.  ,
 0.  ,0.  ,0.  ,0.  ,0.  ,0.  ,0.  ,0.  ,0.  ,0.  ,0.  ,0.  ,0.  ,0.  ,
 0.  ,0.  ,0.  ,0.  ,0.  ,0.  ,0.  ,0.  ,0.  ,0.  ,0.  ,0.  ,0.  ,0.  ,
 0.  ,0.  ,0.  ,0.  ,0.  ,0.  ,0.  ,0.  ,0.  ,0.  ,0.  ,0.  ,0.  ,0.  ,
 0.  ,0.  ,0.  ,0.  ,0.  ,0.  ,0.  ,0.  ,0.  ,0.  ,0.  ,0.  ,0.  ,0.  ,
 0.  ,0.2 ,0.62,0.99,0.62,0.2 ,0.  ,0.  ,0.  ,0.  ,0.  ,0.  ,0.  ,0.  ,
 0.  ,0.  ,0.  ,0.  ,0.  ,0.  ,0.  ,0.  ,0.  ,0.  ,0.  ,0.  ,0.  ,0.  ,
 0.19,0.93,0.99,0.99,0.99,0.93,0.  ,0.  ,0.  ,0.  ,0.  ,0.  ,0.  ,0.  ,
 0.  ,0.  ,0.  ,0.  ,0.  ,0.  ,0.  ,0.  ,0.  ,0.  ,0.  ,0.  ,0.  ,0.21,
 0.89,0.99,0.99,0.94,0.91,0.99,0.22,0.02,0.  ,0.  ,0.  ,0.  ,0.  ,0.  ,
 0.  ,0.  ,0.  ,0.  ,0.  ,0.  ,0.  ,0.  ,0.  ,0.  ,0.  ,0.04,0.24,0.88,
 0.99,0.99,0.99,0.79,0.33,0.99,0.99,0.48,0.  ,0.  ,0.  ,0.  ,0.  ,0.  ,
 0.  ,0.  ,0.  ,0.  ,0.  ,0.  ,0.  ,0.  ,0.  ,0.  ,0.  ,0.64,0.99,0.99,
 0.99,0.99,0.99,0.99,0.38,0.74,0.99,0.65,0.  ,0.  ,0.  ,0.  ,0.  ,0.  ,
 0.  ,0.  ,0.  ,0.  ,0.  ,0.  ,0.  ,0.  ,0.  ,0.  ,0.2 ,0.93,0.99,0.99,
 0.75,0.45,0.99,0.89,0.18,0.31,1.  ,0.66,0.  ,0.  ,0.  ,0.  ,0.  ,0.  ,
 0.  ,0.  ,0.  ,0.  ,0.  ,0.  ,0.  ,0.  ,0.  ,0.19,0.93,0.99,0.99,0.7 ,
 0.05,0.29,0.47,0.08,0.  ,0.  ,0.99,0.95,0.2 ,0.  ,0.  ,0.  ,0.  ,0.  ,
 0.  ,0.  ,0.  ,0.  ,0.  ,0.  ,0.  ,0.  ,0.15,0.65,0.99,0.91,0.82,0.33,
 0.  ,0.  ,0.  ,0.  ,0.  ,0.  ,0.99,0.99,0.65,0.  ,0.  ,0.  ,0.  ,0.  ,
 0.  ,0.  ,0.  ,0.  ,0.  ,0.  ,0.  ,0.03,0.7 ,0.99,0.94,0.28,0.07,0.11,
 0.  ,0.  ,0.  ,0.  ,0.  ,0.  ,0.99,0.99,0.76,0.  ,0.  ,0.  ,0.  ,0.  ,
 0.  ,0.  ,0.  ,0.  ,0.  ,0.  ,0.  ,0.22,0.99,0.99,0.25,0.  ,0.  ,0.  ,
 0.  ,0.  ,0.  ,0.  ,0.  ,0.  ,0.99,0.99,0.76,0.  ,0.  ,0.  ,0.  ,0.  ,
 0.  ,0.  ,0.  ,0.  ,0.  ,0.  ,0.  ,0.78,0.99,0.75,0.  ,0.  ,0.  ,0.  ,
 0.  ,0.  ,0.  ,0.  ,0.  ,0.  ,1.  ,0.99,0.77,0.  ,0.  ,0.  ,0.  ,0.  ,
 0.  ,0.  ,0.  ,0.  ,0.  ,0.  ,0.3 ,0.96,0.99,0.44,0.  ,0.  ,0.  ,0.  ,
 0.  ,0.  ,0.  ,0.  ,0.  ,0.  ,0.99,0.99,0.58,0.  ,0.  ,0.  ,0.  ,0.  ,
 0.  ,0.  ,0.  ,0.  ,0.  ,0.  ,0.33,0.99,0.9 ,0.1 ,0.  ,0.  ,0.  ,0.  ,
 0.  ,0.  ,0.  ,0.  ,0.03,0.53,0.99,0.73,0.05,0.  ,0.  ,0.  ,0.  ,0.  ,
 0.  ,0.  ,0.  ,0.  ,0.  ,0.  ,0.33,0.99,0.87,0.  ,0.  ,0.  ,0.  ,0.  ,
 0.  ,0.  ,0.  ,0.03,0.51,0.99,0.88,0.28,0.  ,0.  ,0.  ,0.  ,0.  ,0.  ,
 0.  ,0.  ,0.  ,0.  ,0.  ,0.  ,0.33,0.99,0.57,0.  ,0.  ,0.  ,0.  ,0.  ,
 0.  ,0.  ,0.19,0.65,0.99,0.68,0.  ,0.  ,0.  ,0.  ,0.  ,0.  ,0.  ,0.  ,
 0.  ,0.  ,0.  ,0.  ,0.  ,0.  ,0.34,0.99,0.88,0.  ,0.  ,0.  ,0.  ,0.  ,
 0.  ,0.45,0.93,0.99,0.64,0.  ,0.  ,0.  ,0.  ,0.  ,0.  ,0.  ,0.  ,0.  ,
 0.  ,0.  ,0.  ,0.  ,0.  ,0.  ,0.33,0.99,0.98,0.57,0.19,0.11,0.33,0.7 ,
 0.88,0.99,0.87,0.65,0.22,0.  ,0.  ,0.  ,0.  ,0.  ,0.  ,0.  ,0.  ,0.  ,
 0.  ,0.  ,0.  ,0.  ,0.  ,0.  ,0.33,0.99,0.99,0.99,0.9 ,0.84,0.99,0.99,
 0.99,0.77,0.51,0.  ,0.  ,0.  ,0.  ,0.  ,0.  ,0.  ,0.  ,0.  ,0.  ,0.  ,
 0.  ,0.  ,0.  ,0.  ,0.  ,0.  ,0.11,0.78,0.99,0.99,0.99,0.99,0.99,0.91,
 0.57,0.  ,0.  ,0.  ,0.  ,0.  ,0.  ,0.  ,0.  ,0.  ,0.  ,0.  ,0.  ,0.  ,
 0.  ,0.  ,0.  ,0.  ,0.  ,0.  ,0.  ,0.1 ,0.5 ,0.99,0.99,0.99,0.55,0.15,
 0.  ,0.  ,0.  ,0.  ,0.  ,0.  ,0.  ,0.  ,0.  ,0.  ,0.  ,0.  ,0.  ,0.  ,
 0.  ,0.  ,0.  ,0.  ,0.  ,0.  ,0.  ,0.  ,0.  ,0.  ,0.  ,0.  ,0.  ,0.  ,
 0.  ,0.  ,0.  ,0.  ,0.  ,0.  ,0.  ,0.  ,0.  ,0.  ,0.  ,0.  ,0.  ,0.  ,
 0.  ,0.  ,0.  ,0.  ,0.  ,0.  ,0.  ,0.  ,0.  ,0.  ,0.  ,0.  ,0.  ,0.  ,
 0.  ,0.  ,0.  ,0.  ,0.  ,0.  ,0.  ,0.  ,0.  ,0.  ,0.  ,0.  ,0.  ,0.  ,
 0.  ,0.  ,0.  ,0.  ,0.  ,0.  ,0.  ,0.  ,0.  ,0.  ,0.  ,0.  ,0.  ,0.  ,
 0.  ,0.  ,0.  ,0.  ,0.  ,0.  ,0.  ,0.  ,0.  ,0.  ,0.  ,0.  ,0.  ,0.  ,
 0.  ,0.  ,0.  ,0.  ,0.  ,0.  ,0.  ,0.  ,0.  ,0.  ,0.  ,0.  ,0.  ,0.  ,
 0.  ,0.  ,0.  ,0.  ,0.  ,0.  ,0.  ,0.  ,0.  ,0.  ,0.  ,0.  ,0.  ,0.  ]",0,"[[-1.3498e-02,-4.8979e-03, 3.8246e-04,...,-1.1013e-02, 1.8778e-05,
   6.3096e-03],
 [-3.5537e-03,-2.9871e-03,-1.3974e-02,...,-5.6679e-03,-8.3602e-04,
   3.3509e-03],
 [-9.8223e-03,-9.9293e-03, 7.9568e-03,...,-2.7545e-03,-1.1057e-03,
   2.5672e-03],
 ...,
 [-7.8604e-03, 8.0771e-03, 1.3596e-02,...,-1.0829e-03,-1.1537e-03,
   3.9063e-03],
 [-5.7794e-03, 6.6186e-03, 1.2320e-03,..., 2.1307e-03,-6.7002e-03,
   5.2298e-03],
 [-2.5870e-03, 1.2748e-02,-2.7763e-03,...,-8.5902e-03, 7.8897e-03,
  -3.5166e-03]]","[[-0.0702, 0.1108,-0.0198,-0.079 , 0.0635, 0.0321, 0.0059,-0.0035,-0.0289,
  -0.0109]]","[ 5.8365e+00,-2.9915e+00,-1.4006e+00, 1.9786e-01,-2.8603e+00, 1.7099e+00,
  7.8069e-01,-5.9869e-01,-1.8149e-03,-5.5325e-01]","[9.6778e-01,1.4186e-04,6.9625e-04,3.4432e-03,1.6175e-04,1.5618e-02,
 6.1670e-03,1.5525e-03,2.8199e-03,1.6246e-03]","[[0.,0.,0.,...,0.,0.,0.],
 [0.,0.,0.,...,0.,0.,0.],
 [0.,0.,0.,...,0.,0.,0.],
 ...,
 [0.,0.,0.,...,0.,0.,0.],
 [0.,0.,0.,...,0.,0.,0.],
 [0.,0.,0.,...,0.,0.,0.]]","[-0.0322, 0.0001, 0.0007, 0.0034, 0.0002, 0.0156, 0.0062, 0.0016, 0.0028,
  0.0016]","[[ 2.2973e-03,-4.5113e-03, 5.9526e-05, 3.4648e-03,-3.1299e-03,-1.8782e-03,
   8.9697e-05, 2.2037e-04, 1.8832e-03, 1.5044e-03]]"
99,"[0.  ,0.  ,0.  ,0.  ,0.  ,0.  ,0.  ,0.  ,0.  ,0.  ,0.  ,0.  ,0.  ,0.  ,
 0.  ,0.  ,0.  ,0.  ,0.  ,0.  ,0.  ,0.  ,0.  ,0.  ,0.  ,0.  ,0.  ,0.  ,
 0.  ,0.  ,0.  ,0.  ,0.  ,0.  ,0.  ,0.  ,0.  ,0.  ,0.  ,0.  ,0.  ,0.  ,
 0.  ,0.  ,0.  ,0.  ,0.  ,0.  ,0.  ,0.  ,0.  ,0.  ,0.  ,0.  ,0.  ,0.  ,
 0.  ,0.  ,0.  ,0.  ,0.  ,0.  ,0.  ,0.  ,0.  ,0.  ,0.  ,0.  ,0.  ,0.  ,
 0.  ,0.  ,0.  ,0.  ,0.  ,0.  ,0.  ,0.  ,0.  ,0.  ,0.  ,0.  ,0.  ,0.  ,
 0.  ,0.  ,0.  ,0.  ,0.  ,0.  ,0.  ,0.  ,0.  ,0.  ,0.  ,0.  ,0.  ,0.  ,
 0.  ,0.  ,0.  ,0.  ,0.  ,0.  ,0.  ,0.  ,0.  ,0.  ,0.  ,0.  ,0.  ,0.  ,
 0.  ,0.  ,0.  ,0.  ,0.  ,0.  ,0.  ,0.  ,0.  ,0.  ,0.  ,0.  ,0.  ,0.  ,
 0.  ,0.2 ,0.62,0.99,0.62,0.2 ,0.  ,0.  ,0.  ,0.  ,0.  ,0.  ,0.  ,0.  ,
 0.  ,0.  ,0.  ,0.  ,0.  ,0.  ,0.  ,0.  ,0.  ,0.  ,0.  ,0.  ,0.  ,0.  ,
 0.19,0.93,0.99,0.99,0.99,0.93,0.  ,0.  ,0.  ,0.  ,0.  ,0.  ,0.  ,0.  ,
 0.  ,0.  ,0.  ,0.  ,0.  ,0.  ,0.  ,0.  ,0.  ,0.  ,0.  ,0.  ,0.  ,0.21,
 0.89,0.99,0.99,0.94,0.91,0.99,0.22,0.02,0.  ,0.  ,0.  ,0.  ,0.  ,0.  ,
 0.  ,0.  ,0.  ,0.  ,0.  ,0.  ,0.  ,0.  ,0.  ,0.  ,0.  ,0.04,0.24,0.88,
 0.99,0.99,0.99,0.79,0.33,0.99,0.99,0.48,0.  ,0.  ,0.  ,0.  ,0.  ,0.  ,
 0.  ,0.  ,0.  ,0.  ,0.  ,0.  ,0.  ,0.  ,0.  ,0.  ,0.  ,0.64,0.99,0.99,
 0.99,0.99,0.99,0.99,0.38,0.74,0.99,0.65,0.  ,0.  ,0.  ,0.  ,0.  ,0.  ,
 0.  ,0.  ,0.  ,0.  ,0.  ,0.  ,0.  ,0.  ,0.  ,0.  ,0.2 ,0.93,0.99,0.99,
 0.75,0.45,0.99,0.89,0.18,0.31,1.  ,0.66,0.  ,0.  ,0.  ,0.  ,0.  ,0.  ,
 0.  ,0.  ,0.  ,0.  ,0.  ,0.  ,0.  ,0.  ,0.  ,0.19,0.93,0.99,0.99,0.7 ,
 0.05,0.29,0.47,0.08,0.  ,0.  ,0.99,0.95,0.2 ,0.  ,0.  ,0.  ,0.  ,0.  ,
 0.  ,0.  ,0.  ,0.  ,0.  ,0.  ,0.  ,0.  ,0.15,0.65,0.99,0.91,0.82,0.33,
 0.  ,0.  ,0.  ,0.  ,0.  ,0.  ,0.99,0.99,0.65,0.  ,0.  ,0.  ,0.  ,0.  ,
 0.  ,0.  ,0.  ,0.  ,0.  ,0.  ,0.  ,0.03,0.7 ,0.99,0.94,0.28,0.07,0.11,
 0.  ,0.  ,0.  ,0.  ,0.  ,0.  ,0.99,0.99,0.76,0.  ,0.  ,0.  ,0.  ,0.  ,
 0.  ,0.  ,0.  ,0.  ,0.  ,0.  ,0.  ,0.22,0.99,0.99,0.25,0.  ,0.  ,0.  ,
 0.  ,0.  ,0.  ,0.  ,0.  ,0.  ,0.99,0.99,0.76,0.  ,0.  ,0.  ,0.  ,0.  ,
 0.  ,0.  ,0.  ,0.  ,0.  ,0.  ,0.  ,0.78,0.99,0.75,0.  ,0.  ,0.  ,0.  ,
 0.  ,0.  ,0.  ,0.  ,0.  ,0.  ,1.  ,0.99,0.77,0.  ,0.  ,0.  ,0.  ,0.  ,
 0.  ,0.  ,0.  ,0.  ,0.  ,0.  ,0.3 ,0.96,0.99,0.44,0.  ,0.  ,0.  ,0.  ,
 0.  ,0.  ,0.  ,0.  ,0.  ,0.  ,0.99,0.99,0.58,0.  ,0.  ,0.  ,0.  ,0.  ,
 0.  ,0.  ,0.  ,0.  ,0.  ,0.  ,0.33,0.99,0.9 ,0.1 ,0.  ,0.  ,0.  ,0.  ,
 0.  ,0.  ,0.  ,0.  ,0.03,0.53,0.99,0.73,0.05,0.  ,0.  ,0.  ,0.  ,0.  ,
 0.  ,0.  ,0.  ,0.  ,0.  ,0.  ,0.33,0.99,0.87,0.  ,0.  ,0.  ,0.  ,0.  ,
 0.  ,0.  ,0.  ,0.03,0.51,0.99,0.88,0.28,0.  ,0.  ,0.  ,0.  ,0.  ,0.  ,
 0.  ,0.  ,0.  ,0.  ,0.  ,0.  ,0.33,0.99,0.57,0.  ,0.  ,0.  ,0.  ,0.  ,
 0.  ,0.  ,0.19,0.65,0.99,0.68,0.  ,0.  ,0.  ,0.  ,0.  ,0.  ,0.  ,0.  ,
 0.  ,0.  ,0.  ,0.  ,0.  ,0.  ,0.34,0.99,0.88,0.  ,0.  ,0.  ,0.  ,0.  ,
 0.  ,0.45,0.93,0.99,0.64,0.  ,0.  ,0.  ,0.  ,0.  ,0.  ,0.  ,0.  ,0.  ,
 0.  ,0.  ,0.  ,0.  ,0.  ,0.  ,0.33,0.99,0.98,0.57,0.19,0.11,0.33,0.7 ,
 0.88,0.99,0.87,0.65,0.22,0.  ,0.  ,0.  ,0.  ,0.  ,0.  ,0.  ,0.  ,0.  ,
 0.  ,0.  ,0.  ,0.  ,0.  ,0.  ,0.33,0.99,0.99,0.99,0.9 ,0.84,0.99,0.99,
 0.99,0.77,0.51,0.  ,0.  ,0.  ,0.  ,0.  ,0.  ,0.  ,0.  ,0.  ,0.  ,0.  ,
 0.  ,0.  ,0.  ,0.  ,0.  ,0.  ,0.11,0.78,0.99,0.99,0.99,0.99,0.99,0.91,
 0.57,0.  ,0.  ,0.  ,0.  ,0.  ,0.  ,0.  ,0.  ,0.  ,0.  ,0.  ,0.  ,0.  ,
 0.  ,0.  ,0.  ,0.  ,0.  ,0.  ,0.  ,0.1 ,0.5 ,0.99,0.99,0.99,0.55,0.15,
 0.  ,0.  ,0.  ,0.  ,0.  ,0.  ,0.  ,0.  ,0.  ,0.  ,0.  ,0.  ,0.  ,0.  ,
 0.  ,0.  ,0.  ,0.  ,0.  ,0.  ,0.  ,0.  ,0.  ,0.  ,0.  ,0.  ,0.  ,0.  ,
 0.  ,0.  ,0.  ,0.  ,0.  ,0.  ,0.  ,0.  ,0.  ,0.  ,0.  ,0.  ,0.  ,0.  ,
 0.  ,0.  ,0.  ,0.  ,0.  ,0.  ,0.  ,0.  ,0.  ,0.  ,0.  ,0.  ,0.  ,0.  ,
 0.  ,0.  ,0.  ,0.  ,0.  ,0.  ,0.  ,0.  ,0.  ,0.  ,0.  ,0.  ,0.  ,0.  ,
 0.  ,0.  ,0.  ,0.  ,0.  ,0.  ,0.  ,0.  ,0.  ,0.  ,0.  ,0.  ,0.  ,0.  ,
 0.  ,0.  ,0.  ,0.  ,0.  ,0.  ,0.  ,0.  ,0.  ,0.  ,0.  ,0.  ,0.  ,0.  ,
 0.  ,0.  ,0.  ,0.  ,0.  ,0.  ,0.  ,0.  ,0.  ,0.  ,0.  ,0.  ,0.  ,0.  ,
 0.  ,0.  ,0.  ,0.  ,0.  ,0.  ,0.  ,0.  ,0.  ,0.  ,0.  ,0.  ,0.  ,0.  ]",0,"[[-1.3498e-02,-4.8979e-03, 3.8246e-04,...,-1.1013e-02, 1.8778e-05,
   6.3096e-03],
 [-3.5537e-03,-2.9871e-03,-1.3974e-02,...,-5.6679e-03,-8.3602e-04,
   3.3509e-03],
 [-9.8223e-03,-9.9293e-03, 7.9568e-03,...,-2.7545e-03,-1.1057e-03,
   2.5672e-03],
 ...,
 [-7.8604e-03, 8.0771e-03, 1.3596e-02,...,-1.0829e-03,-1.1537e-03,
   3.9063e-03],
 [-5.7794e-03, 6.6186e-03, 1.2320e-03,..., 2.1307e-03,-6.7002e-03,
   5.2298e-03],
 [-2.5870e-03, 1.2748e-02,-2.7763e-03,...,-8.5902e-03, 7.8897e-03,
  -3.5166e-03]]","[[-0.0705, 0.1113,-0.0198,-0.0793, 0.0638, 0.0323, 0.0059,-0.0035,-0.0291,
  -0.0111]]","[ 5.8531e+00,-3.0018e+00,-1.4065e+00, 2.0054e-01,-2.8703e+00, 1.7152e+00,
  7.8553e-01,-5.9993e-01,-2.0088e-03,-5.5508e-01]","[9.6818e-01,1.3815e-04,6.8108e-04,3.3971e-03,1.5757e-04,1.5450e-02,
 6.0977e-03,1.5257e-03,2.7742e-03,1.5957e-03]","[[0.,0.,0.,...,0.,0.,0.],
 [0.,0.,0.,...,0.,0.,0.],
 [0.,0.,0.,...,0.,0.,0.],
 ...,
 [0.,0.,0.,...,0.,0.,0.],
 [0.,0.,0.,...,0.,0.,0.],
 [0.,0.,0.,...,0.,0.,0.]]","[-0.0318, 0.0001, 0.0007, 0.0034, 0.0002, 0.0154, 0.0061, 0.0015, 0.0028,
  0.0016]","[[ 2.2724e-03,-4.4714e-03, 5.5779e-05, 3.4312e-03,-3.1012e-03,-1.8634e-03,
   9.4850e-05, 2.1628e-04, 1.8699e-03, 1.4956e-03]]"
